,adaptive_n_back_mturk.hddm_drift,adaptive_n_back_mturk.hddm_non_decision,adaptive_n_back_mturk.hddm_thresh,adaptive_n_back_mturk.mean_load,angling_risk_task_always_sunny_mturk.keep_adjusted_clicks,angling_risk_task_always_sunny_mturk.keep_loss_percent,angling_risk_task_always_sunny_mturk.release_adjusted_clicks,angling_risk_task_always_sunny_mturk.release_loss_percent,attention_network_task_mturk.alerting_hddm_drift,attention_network_task_mturk.conflict_hddm_drift,attention_network_task_mturk.hddm_drift,attention_network_task_mturk.hddm_non_decision,attention_network_task_mturk.hddm_thresh,attention_network_task_mturk.orienting_hddm_drift,bickel_titrator_mturk.auc_large,bickel_titrator_mturk.auc_medium.logTr,bickel_titrator_mturk.auc_small.logTr,bickel_titrator_mturk.hyp_discount_rate_large.logTr,bickel_titrator_mturk.hyp_discount_rate_medium.logTr,choice_reaction_time_mturk.hddm_drift,choice_reaction_time_mturk.hddm_non_decision,choice_reaction_time_mturk.hddm_thresh,cognitive_reflection_survey_mturk.correct_proportion,cognitive_reflection_survey_mturk.intuitive_proportion,columbia_card_task_cold_mturk.avg_cards_chosen,columbia_card_task_cold_mturk.gain_sensitivity,columbia_card_task_cold_mturk.information_use,columbia_card_task_cold_mturk.loss_sensitivity,columbia_card_task_cold_mturk.probability_sensitivity,columbia_card_task_hot_mturk.avg_cards_chosen,columbia_card_task_hot_mturk.gain_sensitivity,columbia_card_task_hot_mturk.information_use,columbia_card_task_hot_mturk.loss_sensitivity,columbia_card_task_hot_mturk.probability_sensitivity,dietary_decision_mturk.health_sensitivity,dietary_decision_mturk.prop_healthy_choice,dietary_decision_mturk.taste_sensitivity,digit_span_mturk.forward_span,digit_span_mturk.reverse_span,directed_forgetting_mturk.hddm_drift,directed_forgetting_mturk.hddm_non_decision,directed_forgetting_mturk.hddm_thresh,directed_forgetting_mturk.proactive_interference_hddm_drift,discount_titrate_mturk.hyp_discount_rate_glm.logTr,discount_titrate_mturk.hyp_discount_rate_nm,discount_titrate_mturk.percent_patient,dot_pattern_expectancy_mturk.AY-BY_hddm_drift,dot_pattern_expectancy_mturk.BX-BY_hddm_drift,dot_pattern_expectancy_mturk.bias,dot_pattern_expectancy_mturk.dprime,dot_pattern_expectancy_mturk.hddm_drift,dot_pattern_expectancy_mturk.hddm_non_decision,dot_pattern_expectancy_mturk.hddm_thresh,go_nogo_mturk.bias,go_nogo_mturk.commission_errors,go_nogo_mturk.dprime,hierarchical_rule_mturk.score,holt_laury_survey_mturk.beta,holt_laury_survey_mturk.risk_aversion,holt_laury_survey_mturk.safe_choices,information_sampling_task_mturk.Decreasing_Win_P_correct,information_sampling_task_mturk.Decreasing_Win_motivation,information_sampling_task_mturk.Fixed_Win_P_correct,information_sampling_task_mturk.Fixed_Win_motivation,keep_track_mturk.score,kirby_mturk.percent_patient,local_global_letter_mturk.conflict_hddm_drift,local_global_letter_mturk.global_error_cost,local_global_letter_mturk.global_incongruent_errors,local_global_letter_mturk.hddm_drift,local_global_letter_mturk.hddm_non_decision,local_global_letter_mturk.hddm_thresh,local_global_letter_mturk.local_error_cost,local_global_letter_mturk.local_incongruent_errors,local_global_letter_mturk.switch_cost_hddm_drift,motor_selective_stop_signal_mturk.SSRT,motor_selective_stop_signal_mturk.hddm_drift,motor_selective_stop_signal_mturk.hddm_non_decision,motor_selective_stop_signal_mturk.hddm_thresh,motor_selective_stop_signal_mturk.reactive_control,motor_selective_stop_signal_mturk.selective_proactive_control,probabilistic_selection_mturk.positive_learning_bias,psychological_refractory_period_two_choices_mturk.PRP_slope,ravens_mturk.score,recent_probes_mturk.hddm_drift,recent_probes_mturk.hddm_non_decision,recent_probes_mturk.hddm_thresh,recent_probes_mturk.proactive_interference_hddm_drift,shape_matching_mturk.hddm_drift,shape_matching_mturk.hddm_non_decision,shape_matching_mturk.hddm_thresh,shape_matching_mturk.negative_priming,shape_matching_mturk.prime_trials,shape_matching_mturk.stimulus_interference_hddm_drift,shift_task_mturk.conceptual_responses,shift_task_mturk.learning_rate,shift_task_mturk.learning_to_learn,shift_task_mturk.num_cat_achieved.ReflogTr,shift_task_mturk.perseverative_errors,shift_task_mturk.perseverative_responses,shift_task_mturk.trials_pre_first_cat,simon_mturk.hddm_drift,simon_mturk.hddm_non_decision,simon_mturk.hddm_thresh,simon_mturk.simon_hddm_drift,spatial_span_mturk.forward_span,spatial_span_mturk.reverse_span,stim_selective_stop_signal_mturk.SSRT,stim_selective_stop_signal_mturk.hddm_drift,stim_selective_stop_signal_mturk.hddm_non_decision,stim_selective_stop_signal_mturk.hddm_thresh.logTr,stop_signal_mturk.SSRT,stop_signal_mturk.commission_errors,stop_signal_mturk.hddm_drift,stop_signal_mturk.hddm_non_decision,stop_signal_mturk.hddm_thresh,stop_signal_mturk.inhibition_slope,stop_signal_mturk.omission_errors,stop_signal_mturk.proactive_SSRT_speeding,stop_signal_mturk.proactive_slowing,stroop_mturk.congruent_errors,stroop_mturk.hddm_drift,stroop_mturk.hddm_non_decision,stroop_mturk.hddm_thresh,stroop_mturk.stroop_hddm_drift,threebytwo_mturk.cue_switch_cost_hddm_drift_100.0,threebytwo_mturk.cue_switch_cost_hddm_drift_900.0,threebytwo_mturk.hddm_drift,threebytwo_mturk.hddm_non_decision,threebytwo_mturk.hddm_thresh,threebytwo_mturk.task_switch_cost_hddm_drift_100.0,threebytwo_mturk.task_switch_cost_hddm_drift_900.0,tower_of_london_mturk.avg_move_time,tower_of_london_mturk.num_extra_moves,tower_of_london_mturk.num_optimal_solutions,tower_of_london_mturk.planning_time,writing_task_mturk.neutral_probability,writing_task_mturk.positive_probability
s001,0.8054780173340003,0.109974698155,1.652027967649,1.7124999999999997,24.25,0.33333333330000003,17.0909090909,0.2666666667,-0.8100491151,-0.5985896881,2.6315921764,0.3487566957,1.852261522,-0.7329822260000001,0.1585864726,-3.29866706624537,-3.423989403669586,-6.335057266302603,-4.621238858187682,2.510571453,0.2892049245,1.9507978976,0.1666666667,0.1666666667,17.9166666667,0.15,0.0,0.0033333333,0.1666666667,8.1666666667,0.1357052897,1.0,-0.0113602015,-1.260495382,0.08847345940000001,0.25,0.8013012035,6.3,5.9,1.5424323001,0.48656445470000004,1.6977750293,-1.5724720061,-1.925079653018675,-0.0081645002,0.0555555556,-2.3306952286,-2.8968937043,-0.6596704795,2.2968937812,1.5937263199,0.0440059634,2.091543754,-0.6331575077,0.22857142860000002,2.7534345290999998,216.0,7.6113128603,0.3752535483,7.0,0.7114872505640001,0.0014492948789999998,0.7705335614659999,0.0017237234410000005,0.5200000000039999,0.1111111111,-0.4606562315,6.5,0.5333333333,0.5034799057,0.1884525424,1.8753349598,-43.5,0.2,0.1131683886,363.34666666667204,2.379330181000001,0.323700497116,1.583018507295001,24.49,61.005,2.2994357839740003,0.5881390185,2.0,0.7056778867,0.501659944058,2.2875751452,-0.0004149638,1.3528437045000001,0.402315076595,2.4392366329,64.5,0.11196911200000001,-1.0588910855,90.0,0.0217595581,0.1519607843,1.0986122886681098,88.0,150.0,18.0,2.4536027107000002,0.26535604160000004,1.6756086875,-0.2614519154,3.6,4.4,337.8333333333,1.7975220397,0.3191649723310001,0.817430626561671,278.1666666667,0.5166666667,2.1167245174,0.3869456203,1.7341809435000002,0.0062611808,0.0619047619,-13.3333333333,91.9908414873,0.9,1.6166489447,0.3425328219,1.6952814264,-0.8372857412,0.421430375,-0.4807209891,0.4589647551,0.0289579942,1.8226980618000002,-0.1969367877,0.3146028066,2824.1761904762,24.0,4.0,3134.4166666667,0.20179439970000002,0.18964942680000002
s002,0.5753689147000001,0.1623151196,1.5714315799,1.2,20.2608695652,0.2333333333,13.0,0.1333333333,0.1456185123,-0.9520852612,3.6052045823,0.4108458003,2.6050577759999998,-0.9107105419,0.040857876700000004,-3.3455812531997773,-2.772451746021452,-6.897582339155274,-4.65073143878234,3.5636229684,0.257586457,1.6493916259999999,0.1666666667,0.1666666667,11.75,-0.0666666667,0.0,-7.285838599000001e-17,-2.25,8.0833333333,0.037762384600000004,0.0,-0.001822838,0.33501259450000004,0.1387440396,0.1632653061,0.43240473690000003,8.0,10.3,1.3598659108,0.5242702770000001,2.1675543058,-0.6691998665000001,-2.2790816215269967,-0.023773518400000002,0.1944444444,-1.6031992852,0.45726234730000004,0.33223158610000003,4.6556717651,1.7773208589,0.137785248,2.1844584667999998,-1.070541321,0.2,3.8243251091,111.0,59.8991114415,0.8568707964000001,6.0,0.7541481018,0.0017554871,0.7393355608000001,0.0013716979000000002,0.5277777778,0.2222222222,-0.5844817306,10.0,0.0714285714,0.5696335455,0.4404913707850002,2.0806193644,-72.0,0.18539393319699993,-0.406745087,332.2566666666711,2.605764091649001,0.3338183116839999,1.5550768768559997,23.12,52.34,-1.2764741694809998,0.5320132074,4.0,1.2033069709,0.6335189919,1.9307776677000001,-0.5105313486,2.679054632,0.4949047581,1.7920679180999999,15.0,0.1254480287,-1.7635253859,99.21,0.035953999438999996,0.03685662686899999,0.3495859213382738,97.02,145.88,19.58,2.3337467052,0.38913103660000004,1.4364178651000001,-0.8772996628,4.8,6.1,291.3333333333,2.6041435327,0.42419008480000003,0.31239948817357654,308.0833333333,0.5277777778,2.0952450691,0.371694807,1.4796775198,0.006093401500000001,0.0714285714,31.1666666667,144.295201474,1.0,2.8753714898,0.3414668107,2.3468279645,-0.7957855209,-0.08595851630000001,-0.6730666979000001,0.6643966326,0.09958264900000001,2.44422533,-0.4738907653,-0.0051187098,1795.1016666667,8.0,8.0,3727.25,0.8172749921,0.1922162034
s003,0.7529985907000001,0.0140575438,1.422164369,1.45,13.08,0.1666666667,10.0869565217,0.2333333333,-0.8837040099000001,-0.9089620873,2.1462204634,0.3249231851,1.5910623026000001,-0.3499940787,0.32619606160000003,-1.4090443414128346,-2.401328117723373,-8.41457207448724,-7.144379791496216,3.1717869276,0.19960719440000002,1.665874313,0.6666666667000001,0.33333333330000003,16.25,-0.0166666667,1.0,-0.0003333333,-1.5833333333000001,5.3333333333,0.031863979800000004,1.0,-0.0031998321,-3.1404282116,0.4673459605,0.2325581395,-0.046718460100000005,6.9,3.1,0.5949038226000001,0.37394420407100015,1.8386007934,0.5540901826,-4.315646379465002,-0.0065487591,0.8888888889000001,-2.498406961456,-1.3633088602550003,-0.5151157273039998,2.5202191280040003,0.5768459585,0.00602993,1.3615277809,-0.5132470021000001,0.3428571429,1.8358498132,105.0,1.2928725743,0.0438060331,4.0,0.5886491418,0.0013858487,0.8592735291,0.0019867858,0.4166666667,0.9259259259,-2.0315638542,-36.0,0.41120312679099996,1.7434596203,0.326391639,1.129675453,34.0,0.058823529400000005,-0.0454640588,332.6666666667,2.7075876993,0.30279333540000003,1.181184704,29.0,46.5,2.31477441285,0.3953975333,3.0,0.6412079402,0.2252365383,1.8876123872,0.38315175700000004,1.7392722155,0.33055847380000003,1.4975897032,-8.0,0.1010830325,-1.4868834743,25.0,0.019913545600000002,-0.5176470588000001,0.6097193795489286,62.0,103.0,15.0,1.5970153995,0.2508942474,1.2352767233,0.22798893720000002,6.6,5.2,402.1666666667,2.8091145993,0.28539162490000003,0.3501242370420786,279.837916666664,0.539333333337,2.3276815404809996,0.30115373493299996,1.5704326362790004,0.008172519964999996,0.08854761904800004,15.764166666665995,17.170856922244997,0.0,2.6209573681,0.2636616294,1.9513101774,-0.8861847897,-0.3447235742,-0.4339133979,0.8236742129,0.103598588,1.9051890866,-0.6016940918,-0.2116561545,1718.2111904762,12.0,5.0,3925.5454545455,0.4123381903,0.2319574599
s004,0.9826306060000001,0.027820631800000002,1.9534331534,2.35,13.4642857143,0.0666666667,8.9285714286,0.0666666667,-0.42389891030000004,-0.7802182559,4.8287006005,0.3633738057,3.4797944465,-1.0916398824,0.4853416096,-1.3663540856505965,-2.6655911907438328,-7.988119972319218,-6.174132836006566,6.6657597989,0.320742152,1.7979323416000002,0.6666666667000001,0.1666666667,5.375,0.0375,2.0,-0.0055000000000000005,-1.2083333333,8.2916666667,0.0354738155,2.0,-0.0060648379,-2.2755610973,-0.3384439441,0.1836734694,0.30778027950000003,8.7,6.9,2.7987017921,0.4604042,2.048839357,-0.7340791579,-1.0460166291612998,-0.0237751189,0.0555555556,0.6587866997,2.3397356533,0.0,5.3201349372,3.4624738609,0.1919659554,2.4207656587,-0.5402436899,0.0285714286,4.8849203713,185.0,7.6113128603,0.3752535483,7.0,0.86980896,0.0019608739,0.8949951172,0.0023698618000000003,0.7222222222,0.2962962963,-0.5357549970000001,-135.235,0.0769230769,1.8532400301,0.4837546197,2.119695819,-158.68,0.0,-0.2437135033,231.8333333333,2.7277744319,0.2667295187,2.131793175,-8.5,112.89,7.2530358813,0.4985490138,9.0,1.9400631911000001,0.5533946864,2.20120582,-0.5713475067,3.2909754475,0.4766418899,1.9471802588,-62.5,0.0714285714,-2.7847725705,111.0,-0.0257901547,0.0192982456,0.0,84.0,129.0,21.0,4.9146632668,0.2994421112,1.5445219591,-2.1141822958,6.4,5.6,282.0,4.3961861159,0.23066389750000002,0.8720547281556134,264.75,0.5333333333,4.9470538416,0.3127993613,2.1011233883320006,0.0093957975,0.0023809524,33.5,85.3694095769,0.0,3.8642316975,0.3784592364,3.0387663228,-0.8984636672,-0.4266867522,-0.9164195454,2.1841776937,0.3332225224,1.6162054095,-0.1995492357,0.7582972598000001,2051.79375,8.0,7.0,3805.75,0.8881223547,0.2568828541
s005,0.6653063958000001,0.281757109,1.3886569479,1.65,36.3636363636,0.2666666667,30.5,0.33333333330000003,0.1868631866,-0.8447480288,4.3007563094,0.3260515929,2.5133083069,-0.4119993112,0.326817637,-1.844900179142564,-2.092957124674146,-7.550218850975166,-5.481183503598905,4.7833985939,0.2839007625,1.9674996435,0.8333333333,0.1666666667,13.4166666667,0.275,3.0,-0.008163333333000004,-2.9166666667000003,13.0416666667,0.15635360168100004,3.0,-0.005209617358000001,-3.7905236908,0.2518581217,0.1956521739,1.2169609029,9.2,8.0,0.8437032059,0.5099937987000001,1.459672553,-1.4349785779,-3.378426203112738,0.024579341,0.1666666667,0.9373184381,1.1805719877,-0.3884511935,3.7790742791,2.6168264774,0.2802044727,1.2920921228,-0.5306698657,0.1714285714,2.9584098130000003,174.0,59.8991114415,0.8568707964000001,6.0,0.7475608826,0.0009119887,0.9208297729,0.001067059,0.5555555556,0.2962962963,-0.7578950213000001,-587.0,0.1,2.3398975334,0.44935645820000003,1.9887343705,-122.8,0.0,-0.5649681888,344.1666666667,2.8315244151,0.3394881524,1.2548215133,7.0,114.0,0.46314053991399967,0.6320956121,14.0,1.8394285042,0.4911390304,1.9105228738000002,-0.594270272,3.6491933737,0.2962728677,1.9420312891310005,-14.5,0.09025270760000001,-0.7827853239,138.0,0.0445575732,-0.1403508772,0.0,77.0,123.0,24.0,3.3829594947,0.2737740259,2.1431400564,-0.1008525638,6.5,5.1,432.6666666667,2.9020265184,0.3067676549,0.5483459936931716,276.0833333333,0.5222222222,3.2716055237,0.3660444007,1.5034064744,0.0070891151000000005,0.0476190476,52.8333333333,61.5610543303,0.0,4.2647972817,0.29370612300000004,2.4911224911,-0.6674632348,-0.0766649737,0.1862088153,1.4077135869,0.347773861,1.4301597076,-0.857491415,-0.8591499678000001,1915.6111111111,19.0,7.0,2585.75,0.8868519986000001,0.4059011843
s006,0.5510036822000001,0.0549481441,1.6526773942,1.4,43.3333333333,0.4,32.7083333333,0.2,-0.5850184814,-1.43707165,2.4339283601,0.340187234,1.4672662479,-1.1468909436,0.8762517123,-0.3226647468128008,-3.460761992426367,-11.856486769763578,-9.598280444532225,1.4297334391,0.2416344354,1.2888315011,0.1666666667,0.381666666672,19.5833333333,-0.0166666667,1.0,0.0006666667,1.0,28.2173913043,-0.18391812870000002,2.0,0.0043567251,-2.6725146199000003,-0.011319034700000001,0.0,-0.0127370793,8.5,8.5,1.289246048,0.4143388898,1.5571984858999999,-0.8960378347,-7.957177197859483,-0.0094265084,1.0,-2.0152072982,-1.7069544795,-0.6556403265,2.6602601534,1.6286988882,0.010165183900000001,2.0608899438,-0.7717910818,0.1714285714,3.4406522452,139.0,-31.14061609,0.2733471749,0.0,0.527438736,0.0017382296,0.7636162281000001,0.0020427238,0.5,0.037037037,-1.006554073,93.0,0.2631578947,1.3971665269,0.3857020753,1.709255843,53.5,0.15789473680000002,-0.8695039882000001,355.008333333337,2.1469921382140003,0.29005595751199986,1.5995540842200002,23.585,71.875,1.184307663583999,0.4031998195,4.0,0.8948743734,0.5157135214,1.8894545493,-0.0113510196,2.1805278263,0.4000011627,1.754862914,-24.5,0.1163636364,-0.400931662,151.0,0.0212836617,-0.1225490196,1.0986122886681098,101.0,165.0,15.0,1.5433956665,0.2783575438,1.6203032287,-0.439842057,5.3,4.9,338.22166666666294,2.20310432097,0.30712930908600006,0.5249756251417722,360.9166666667,0.5330555555599998,1.3208519077,0.27939547893700006,1.9269266044000002,0.0037227143000000003,0.101571428565,51.5,-25.1598562444,1.0,2.1524072126,0.2882248296,2.2199964638,-0.7517680688,0.045548007,-0.1671188448,1.0588653382,0.1748379283,1.9964223032000001,-0.23082862110000002,0.0425650834,2209.1783333333,21.0,4.0,3224.1666666667,0.8338361601000001,0.4540214179
s007,0.8514140574799999,0.13523085245800007,1.6791485093840008,1.6940000000000004,19.0769230769,0.1333333333,14.8,0.1666666667,0.0237196834,-0.6736436204,1.9474079284,0.3591533512,1.8328115313,-0.28184724170000003,0.3999657534,-0.818663810743201,-2.389397237104591,-7.460938276749331,-7.073805258836398,2.1429858502,0.2758091916549999,2.5812498918999998,0.1666666667,0.6666666667000001,4.8333333333,0.033333333300000004,0.0,0.0013333333,-0.4166666667,13.0416666667,0.2115478865,1.0,-0.0035254237,0.8082499489,0.429502064,0.1875,0.5991357069000001,9.6,6.4,1.261066048956,0.448553750964,2.031324249101999,-0.8106337389489999,-2.158990179759191,0.011789170600000001,0.3611111111,-0.668764816,-0.7675970973,-0.5694639092,2.4879073189,1.5341519038,0.0083886329,2.3767937768,-0.7539398563,0.2857142857,2.6397773563999998,98.0,25.7627506452,0.3968411315,9.0,0.8018417358000001,0.0007886168000000001,0.8767990112,0.0012070223,0.7777777778,0.2592592593,-1.7058438721,-316.5,0.7692307692,0.8669088672,0.4257036751,1.5383093675000001,-91.0,0.380952381,-0.0316890764,375.478333333332,2.2131220931700004,0.331261093961,1.5423105226679998,26.245,55.155,8.6329234757,0.5112262406,10.0,1.0800232668,0.6263703069000001,2.3159294187,-0.499986994,2.0157643227,0.5196551655,1.7611968985000002,27.5,0.1146953405,-1.5334381938,86.0,0.006016204000000001,-0.1228070175,0.6931471805599453,69.0,89.0,17.0,3.0508488857,0.34146928,1.4971291503000002,-0.5583740731,5.1,5.4,395.8333333333,1.6834343328,0.3562211721540001,0.38567765714482355,398.0833333333,0.5555555556,1.8882726173000002,0.3970941033,1.4467723667,0.0041042882,0.11428571430000001,81.8333333333,26.4811435343,2.0,1.8115134241000002,0.5147782752,1.9867070723,-0.4969583752,-0.088467905,0.0060007829,0.301653603,0.0126594072,2.0244779398,-0.458790474,-0.7320709654,2282.5555555556,-5.0,8.0,6112.1666666667,0.8621573749,0.6821860019
s008,0.9628848676,0.07575435450000001,1.3790185474,1.4,27.2916666667,0.2,17.5,0.0666666667,-0.2344423827,-1.0870288285,2.8822094658,0.4005063317,1.4363589215,-0.716289728,0.5187517123000001,-2.8469285437915746,-2.6934737373218,-7.569369490745442,-5.37089593038159,1.8960146165,0.2174677389,1.2428876341,0.6666666667000001,0.1666666667,16.7083333333,0.23750000000000002,3.0,-0.0048333333,-2.625,15.0,0.38321536910000004,3.0,-0.0073892821,-3.0165824065,0.0509474165,0.0,0.050034244000000005,7.9,7.4,0.7450524727000001,0.40398440953300024,1.9789611421000002,-0.2011294369,-3.1773525578969597,0.0255655659,0.25,-1.4386437991,0.5470471515,0.1954308362,4.9292732649,2.4422399198,0.0627339457,2.4649214809,-0.5306698657,0.1714285714,2.9584098130000003,230.0,7.6113128603,0.3752535483,7.0,0.6793907166,0.0020733036,0.8077308655000001,0.0018485180000000002,0.5555555556,0.40740740740000003,-1.6932558827,-3.0,0.6666666667000001,1.2908873324,0.3363074454,1.2832959784,5.0,0.2307692308,0.2190558712,364.71833333333603,2.292600914697001,0.2949153528930001,1.4312197884949998,27.095,49.01,4.1261412914859985,0.2881595819,10.0,1.115117201,0.40991231580000004,1.6424894291,0.9162543309000001,2.704124985,0.389238945,1.3115936347,-13.0,0.1071428571,-1.9748626816,76.0,0.0551701192,-0.0385964912,0.0,94.0,121.0,20.0,2.5118455538999998,0.266043959,1.2945844083,-0.7199977451,7.5,5.5,361.1666666667,2.1655466569,0.32022769170000004,0.11823867716935496,336.25,0.55,1.6173132318999999,0.2823859687,1.2100970187,0.0055219714,0.1571428571,52.8333333333,91.4260079537,1.0,1.6323308833999999,0.30700174550000003,1.6261917055000001,-1.3047128223,-0.4731352352,-0.0315759625,0.7404821394000001,0.0317546644,1.8068684325,-0.227031892,-0.1879565299,1888.6402777778,9.0,10.0,3792.25,0.1564823131,0.1507114337
s009,1.9901749109,0.22421626290000002,1.2333973452,2.7,28.2608695652,0.2333333333,19.1304347826,0.2333333333,0.0891006032,0.1646508999,3.2147234963,0.2917885545,1.7338164211,-0.6642422242,0.42875171230000003,-1.3655386559898504,-2.8745911085088065,-7.572314613963326,-6.219230716275969,3.1102526697,0.2596551036,1.186642605,0.8333333333,0.0,13.7083333333,0.06883333333699998,2.0,-0.0118333333,-6.4583333333,5.25,0.11418439720000001,2.0,-0.0049527187,-2.4048463357,0.1593423691,0.17021276600000002,1.1747285803,6.8,4.8,2.3121865143,0.43907392700000003,1.8449419609,0.36973977480000003,-5.3114409249666155,0.0043246982,0.7222222222,-3.6002830978,-1.4592425499,-0.5814270014,3.384397236,2.693461919,0.188176057,1.2184527242,-0.7017421781000001,0.0571428571,4.5619233948,222.0,25.7627506452,0.3968411315,9.0,0.6171309948,0.0017705286000000002,0.985546875,0.0028862039000000003,0.7222222222,0.5925925926,-1.6418432992,-10.5,0.0714285714,2.2392002651,0.3894841872,1.9120875125999999,-146.5,0.0,0.1393476949,199.3333333333,2.5254188887,0.3402057771,1.6468474244,-8.5,73.0,-8.3796570589,0.6676807246,6.0,1.2412154845,0.4875572938,1.976991123,-0.8730556530000001,3.42628039,0.3502389307,1.7412488376000002,-8.0,0.09642857140000001,-1.5210155634,209.0,0.1462449228,-0.09824561400000001,0.0,83.0,145.0,24.0,5.1025279855,0.25009025100000004,1.5537084505,-0.1518606417,6.8,6.4,225.1666666667,1.2679696939,0.36117744830000004,0.40705628458184395,196.5,0.5277777778,3.3043643963,0.3146146522,2.7011088355,0.0088475104,0.019047619000000002,20.0,-35.1317225628,0.0,2.8559236878,0.35362031250000003,2.6066452350000002,-0.6891327459000001,-0.8357497370000001,-0.5951905821,1.9700975841,0.3189726311,1.5997180927999999,-0.39854367030000004,-0.2503301707,1251.3159722222,5.0,11.0,3222.6666666667,0.1779068063,0.4556380051
s010,1.3650889093,0.0950019752,1.7015064036,3.75,43.1578947368,0.36666666670000003,23.1111111111,0.4,-0.4286037299,-0.7196800504,3.9065963581,0.3178112766,2.5072158273,-0.8356933288,0.1174417808,-1.365501759304347,-2.9933891308581937,-6.023247971186785,-5.5008914523087515,2.9545037211,0.2541243999299999,1.7640878769910002,0.8333333333,0.1666666667,8.625,0.1375,3.0,-0.0098333333,-2.375,7.5,0.19208333330000002,3.0,-0.0077833333000000005,-2.6541666667,-0.0795726653,0.1458333333,0.5786209861,7.3,4.9,1.8444642447000001,0.43698998920000004,1.8014135952,-1.0114128018,-2.4229112472620575,-0.0184769591,0.1388888889,-1.1334136904,-0.9280236565000001,-0.3719338943,3.8121088774,2.476930809,0.11040073880000001,2.7638387969,-1.0437196499,0.3428571429,2.8967951089,129.0,46.0626954627,0.8291899447000001,10.0,0.6569755554000001,0.0018145840000000002,0.9480468750000001,0.0022854762,0.47222222220000004,0.2222222222,-1.1820715364,-373.5,0.1764705882,1.9926301615000002,0.3625545947,1.8635255846,-153.0,0.05,-0.3131090179,402.5,3.3377460107,0.1992154448,2.4078757057,76.0,12.0,4.297489135435,0.6504249145000001,13.0,1.4660259799,0.29936639930000003,2.5945555405,-0.26669045080000003,2.586025942,0.4246400998,2.2540304953,-70.5,0.0752688172,-0.7705742726,100.0,0.0247617805,0.0736842105,0.0,87.0,141.0,16.0,3.1123042036,0.20346565590000001,1.9852065889000001,-0.22151990300000002,7.8,6.3,333.1666666667,3.6247552595,0.3012671496,1.12810187705812,285.394166666667,0.5211666666709995,3.064659437780999,0.312267034451,1.8204972464150007,0.010617743937000006,0.043738095235999995,25.401666666668003,29.953787809342007,0.0,2.447774288,0.37807555600000003,1.6259986456000002,-1.9829022752,-0.49830709630000003,0.0086306786,1.16719428,0.07980058200000001,2.3229740953,0.2739630314,-0.0609898493,1588.0909090909,7.0,10.0,2708.75,0.9126913795,0.1322771081
s011,1.4236172954000001,0.0979423514,1.4608552828999999,3.2,40.5555555556,0.4,18.3333333333,0.30000000000000004,-0.7036745994,-1.2773634332000001,3.5129195049,0.3551980826,1.8657941492,-1.1746085079,0.040532534200000005,-2.069382712950399,-1.4221060967254573,-6.897106115556584,-5.277150160908598,4.5663118712,0.2586607756,1.3824439948,0.33333333330000003,0.33333333330000003,5.3333333333,0.058333333300000005,1.0,-0.0026666667,-1.75,6.9130434783,0.130866426,3.0,-0.0025487365,-3.7931923672,0.19393002980000001,0.1428571429,0.9515309845000001,7.9,9.8,2.0920299616,0.3227650681,2.3500991767,-1.0076009563,-1.539942402024593,-0.0099401964,0.0,-4.4150579055,-2.9641580145,-0.7548590441,3.810416849,3.4719481975,0.2189620189,1.5240929268999999,-0.7625664513,0.11428571430000001,3.9332268227,265.0,1.2928725743,0.0438060331,4.0,0.7708899498,0.0016033788,0.8675750732,0.0018161934000000002,0.5833333333,0.0,-0.9816870967,-127.335,0.0,2.6686655233,0.3572493873,2.5310587915,-113.205,0.0,-0.5373239888,259.5,3.8231744736,0.3036288241,1.6947284412,-8.0,84.0,1.0782063195,0.2325498095,12.0,1.6710064062,0.3774073242,2.421460752,-0.7243682006000001,3.3476136293,0.4242283442,1.5635940589000001,7.0,0.1035714286,-2.5259039541,177.0,0.0917039711,0.1385964912,0.0,89.0,162.0,23.0,3.5714446363,0.3208583085,1.1885198853,-1.7751402303,5.7,6.3,193.3333333333,3.6851132797,0.3518033272,0.7566272902933505,243.8333333333,0.5277777778,3.8633792039,0.318563423,1.9595088387000001,0.0069876687000000005,0.009523809500000001,7.6666666667,96.7917874738,0.0,2.9409288431,0.34776572110000004,1.7689088810000002,-1.8922339491,0.0082601971,-0.011010106700000001,2.7439454075,0.3477161427,1.2988064738,-0.49495301410000003,-0.040956949400000005,1371.7153679654,11.0,8.0,2094.9166666667,0.1925341667,0.2404360379
s012,2.1533503267,0.31773210360000004,1.4810090871,3.25,44.1578947368,0.36666666670000003,24.5652173913,0.2333333333,-0.7267599584000001,-0.9139577362,3.1956818011,0.2964819985,2.2769690276,-1.561937866,0.16681763700000002,-2.367671709908669,-2.348360115824052,-6.744992504217036,-4.591199630247491,3.1037352116,0.2621982607,1.4809104215,0.8333333333,0.1666666667,5.6666666667,0.058333333300000005,2.0,-0.0086666667,-2.9166666667000003,3.9583333333,0.1687969925,3.0,-0.0115213033,-1.9323308271,-0.3553490939,0.0208333333,0.7137797811000001,8.4,8.6,2.0160752455,0.497742059,1.8904292561,-0.3507232196,-3.3781787664971406,0.0228475268,0.1666666667,0.0770524825,0.3403154805,0.0,5.3201349372,3.7890039937,0.062024063500000004,2.141090910267,-1.0820225484,0.3714285714,2.8201893119,190.0,10.925098711,0.2565783653,8.0,0.6499261856,0.0010140799,1.0,0.0020015881,0.6666666667000001,0.18518518520000002,-0.5510587220000001,-95.5,0.3571428571,1.4617441325,0.3635144302,1.9236417477,-552.0,0.0,-0.4335588442,347.1666666667,2.4267166895,0.2864833731,1.4887863119,-7.5,81.0,27.3376402867,0.6264483412,15.0,1.5349512975000001,0.5095222685,1.5484092715000002,-0.1540319601,2.9219187698,0.3956995445,2.3426039863,76.0,0.1035714286,-1.481237893,128.0,0.0590870111,0.5005159959000001,0.6931471805599453,101.0,151.0,18.0,2.4034570106,0.2847408006,1.5379539663,-0.6404945781,5.9,6.0,303.0,3.2102822132,0.3160440288,0.3224785908927072,285.6666666667,0.5055555556,2.1827436165,0.3162921085,1.4157706096,0.0045768279,0.0785714286,20.0,20.8802469136,1.0,2.3064804964,0.3683992696,2.2985731428,-0.9588942866000001,0.4416795193,0.20178311370000002,1.9699718904,0.3138444877,1.6118937457,-0.6078250773,0.2661280612,2230.165,3.0,8.0,4731.5,0.23654425440000001,0.1860625235
s013,1.363454237,0.1523171821,1.5340740833000002,2.15,22.4074074074,0.1,23.4736842105,0.36666666670000003,-0.0713415208,-0.8390759407,5.1564421808,0.37087413280000003,2.9813106379,-0.792210947,0.5187517123000001,-2.144148113630487,-2.5868483588972686,-7.569369490745442,-5.991443187336103,5.7095589473,0.3000474597,1.5987080888,0.5,0.5,9.2083333333,0.090041666672,3.0,-0.006631666666000003,-1.7083333333000001,4.9166666667,0.028331648100000002,2.0,-0.0127332659,-2.2335692619,0.07781745705900005,0.1428571429,0.36017186970000004,9.0,9.3,2.4045657692,0.5206775562,1.6779147970000001,-0.3432479966,-5.622806144482277,0.004119201,0.7777777778,-1.0068951216,0.8589159879,0.0,5.3201349372,3.7164179083,0.25544956550000003,2.1073390436,-0.7017421781000001,0.0571428571,4.5619233948,218.0,10.925098711,0.2565783653,8.0,0.7021778107000001,0.0011535233,0.7785831451,0.0013447607,0.5833333333,0.5185185185,-0.7383345033000001,-308.0,0.11764705880000001,2.0349380704,0.5682466755000001,1.8044342749000002,-334.0,0.0555555556,-0.2601993033,288.8333333333,2.983971548,0.2826644178,1.4600180213,65.0,-51.0,1.3199854212,0.5857221139000001,13.0,2.0616746738,0.5242873566,1.9922557125,-1.0642090129,4.6277051669,0.44034319380000003,1.8339063759,-19.0,0.1214285714,-2.3858579300000002,99.0,0.0747514269,0.1614035088,0.0,114.0,163.0,22.0,4.4427483397,0.3710398721,1.7952686625,-1.1737520878,5.6,6.5,294.8333333333,4.9020229952,0.3298905066,0.8530136347107294,287.4166666667,0.5166666667,4.8976720722,0.2922980984,2.3125736314,0.0132865941,0.0047619048,42.5,44.2660994367,0.0,2.3044131585,0.4001816127,2.086373481,-2.0397270576,-0.4204082022,-0.3901288202,2.6617334469,0.3668221289,1.6341528051,0.4181854768,-0.47246962530000003,2806.9880952381,5.0,7.0,4206.1666666667,0.8504350938,0.3524325797
s014,0.7800571518,0.0431136379,1.4060747811,1.5,16.1481481481,0.1,12.1538461538,0.1333333333,0.2900029652,-1.7317149473,0.7716491912,0.35184188322300014,1.9106477994,0.0256937921,0.1895907534,-2.615233788606999,-3.3708243071467843,-6.675418911379255,-4.766956960047671,2.1445031679,0.24475206744899997,2.485207759,0.33333333330000003,0.5,8.0416666667,0.0291666667,1.0,-0.0078333333,-3.125,4.25,0.1512254902,3.0,-0.0077058824,-2.6666666667000003,-0.1140992804,0.125,0.7487803391000001,7.2,5.7,1.6266148451,0.3381627983,1.8888021191000002,-1.0343827912,-1.539602580916276,-0.011904398200000001,0.0,-1.3226542048,-0.7318510933,-0.3446865999,2.6242163319,1.6530892671,0.06616453480000001,1.9796120327,-0.3258414813,0.11428571430000001,3.0597768827,168.0,46.0626954627,0.8291899447000001,10.0,0.7172293186,0.0011741687,0.5847579479,0.0008385868,0.5277777778,0.037037037,-1.1272186111,-171.0,0.058823529400000005,1.2315929603,0.3545034432,1.5701517213,27.0,0.18891410909699993,-0.295105306,348.1666666667,2.1583779157,0.22625824300000003,1.3984306575,46.5,24.0,0.19818306243200026,0.2956460299,6.0,1.0258920057,0.39943226730000003,2.0234245461,-0.4845252473,0.8916383454000001,0.3936434285510002,2.4917727268,-72.0,0.1484375,-0.5002365857000001,34.0,-0.02260803,-0.4485294118,0.4842962167029651,88.0,113.0,19.52,1.8389339586000002,0.3198033631,1.7239141892,-0.9090729695,6.0,4.7,334.334999999998,2.660364958176999,0.3199610821810001,0.5160141065122663,237.6666666667,0.5333333333,2.9050178344,0.273900338,2.0309532539,0.0060708372,0.059523809500000004,25.6666666667,15.6246753247,1.0,2.3497586548,0.3382032394,1.8763684550000002,-1.0683998679,-0.4131019741,0.3533945844,0.7180483669000001,0.08524316430000001,2.0120521507,-0.14094087600000002,-1.0926942045,2810.0145833333,9.0,5.0,4402.6666666667,0.7998899836000001,0.3405855003
s015,1.6880969831,0.2162035965,1.2876186982,2.55,44.0666666667,0.5,24.5,0.33333333330000003,-0.8436920275,-0.7806072847000001,3.9805695141,0.31052443290000004,2.2578946125,-1.3567438021,0.20336729450000002,-2.8929006382202505,-2.9111582257728106,-6.761351097374982,-4.776288858088201,3.4890295141,0.28485414200000003,1.4101439477,0.5,0.33333333330000003,8.375,0.1625,2.0,-0.0025,-7.2083333333,6.25,0.13857142860000002,1.0,-0.0017428571,-3.6142857143000002,0.07950538110000001,0.20408163270000002,0.7646721157,6.0,5.5,1.3872616587,0.3889150836,1.7773432319,0.086841761,-3.1201659374425597,-0.023774899000000002,0.1111111111,-1.1475669853000001,-0.4272954131,-0.6385366708,4.0430615957,2.8036686964,0.026505713400000002,2.7085700505,-0.9928100529,0.22857142860000002,3.4727396196,218.0,7.6113128603,0.3752535483,7.0,0.6677876472000001,0.0014048019,0.9998046875000001,0.0016761451,0.5833333333,0.14814814810000002,-1.3077812218,-54.5,0.3076923077,1.7955743024,0.3768396606,1.5426839725,-132.5,0.1428571429,-0.46014144630000003,298.0,3.4670632457,0.31543942540000003,1.4331773438,0.0,84.0,5.193081253130999,0.5386307889,8.0,1.2588082767,0.4504771484,1.9841418579,0.0426876651,2.9377885814,0.4136323994,1.5069937808,14.5,0.0866425993,-1.3789482375,166.0,0.060853665800000005,0.1859649123,0.0,81.0,149.0,19.0,1.7440370436000001,0.27568329540000003,1.326948913,-0.5925543728,6.8,6.6,287.5,3.1970984254,0.359141044,0.07621161269959122,236.4166666667,0.5333333333,3.3388446765,0.3218221473,1.4366044421,0.015019354300000001,0.0404761905,11.5,34.7606433777,2.0,2.0191601559,0.3158818619,1.9112075958,-0.7052229735000001,-0.39143753200000003,-0.0526025959,1.2245853212,0.3265413266,1.4778869655,-0.7926086909000001,-0.22797565150000001,1979.000617284,21.0,7.0,3214.75,0.18584720400000002,0.34868715570000003
s016,1.1739452524,0.1536284753,1.3502811366,1.65,18.5652173913,0.2333333333,18.3913043478,0.2333333333,-0.0429449396,-1.4072735984,2.3246085296,0.38196169620000003,1.241847221,-1.4944813865,0.7312585616,-1.1999938588390973,-1.7653209710466775,-10.6869139892458,-8.268581913356117,3.4063901774,0.23823920110000002,1.5253279644000002,0.5,0.1666666667,13.3333333333,0.0416666667,1.0,-0.0016666667,-3.3333333333,10.5833333333,-0.026056338000000002,0.0,0.0023943662000000003,-0.2746478873,0.0018743411,0.3265306122,0.978093639,8.1,4.7,2.6552455463999998,0.4148783176,1.3453514747,-0.2909516944,-5.194579018845376,-0.004673221500000001,0.9166666667000001,-0.9441086475,-0.08350061260000001,0.1910395678,4.9380558016,2.7123567663,0.0212146752,2.991094437,-1.4013457528,0.4285714286,3.1627162453,120.0,25.7627506452,0.3968411315,9.0,0.6846951008000001,0.0017568476000000002,0.6621181488,0.0013839845,0.5833333333,0.8148148148000001,-1.5853210674,-133.0,0.3571428571,1.7166841081,0.3964531489,1.4099795861,-206.5,0.30000000000000004,-0.9443429789000001,332.8333333333,2.7678225055,0.2631128096,1.4995922842,-10.5,-11.0,1.137636868058,0.3657674092,6.0,1.2347569863,0.553927131,1.3095119919,-0.3297518628,2.5167347661,0.37210145040000003,1.6409192182,-2.0,0.1285714286,-1.1925425496,120.0,0.056696456400000005,0.0684210526,0.0,83.0,136.0,16.0,2.4124349692,0.2368119642,1.014672036,-1.360767884,6.0,5.7,350.1666666667,2.7764552616,0.3246593182,0.47170488971863195,326.5833333333,0.5388888889,2.626222894,0.30942929610000003,1.2544548312,0.0117987838,0.0785714286,21.8333333333,49.078951679,0.0,2.1930531431,0.3458853141,1.6247654425,-1.4761445971,-0.4186872587,-0.3135529985,1.3096095936,0.2920739151,1.4745259402,-0.22853009100000002,-0.5819919312,1743.3083333333,10.0,9.0,3615.0,0.8220265439000001,0.2013756881
s017,1.0616877026,0.027302057600000002,1.7035901003,2.0,37.5,0.2666666667,21.3333333333,0.1,-1.014674367,-0.3790029319,3.5373997371,0.3303273681,2.0684437529,-1.7357226793,0.4447148973,-0.42119520040500846,-2.312619874087714,-9.09292629326493,-8.534186767792809,5.8184264545,0.2321926164,2.5047891661,0.6666666667000001,0.1666666667,9.7083333333,0.10416666670000001,3.0,-0.011166666700000001,-2.125,7.9583333333,0.1894025605,3.0,-0.0077980085,-1.8536882747,0.18364322830000002,0.0208333333,1.3700064956,9.3,7.6,2.3461603511,0.44463716070000003,1.9891592173000001,-0.5675844809,-5.9728519217009195,0.0018730624000000001,0.8333333333,-0.2503284686,0.0109947156,-0.7548590441,3.810416849,1.8181558599,0.1262890559,2.3750659981,-0.7625664513,0.11428571430000001,3.9332268227,246.0,0.0331595576,-0.6040336065,3.0,0.767848587,0.0024491452000000003,0.98984375,0.0027049545,0.5833333333,0.9629629630000001,-0.8720203599,-219.5,0.1666666667,1.6844076246,0.43592140290000003,1.9058040693,-142.295,0.0,-0.343170238,282.6666666667,3.0212148086,0.2136222191,2.2761317853,-14.5,160.0,7.228056023867,0.58484855,10.0,2.0709244946,0.5227037386,2.0188232501,-0.6032485502,2.7861588275,0.4232271701,1.6599587305,-15.0,0.13740458020000001,-2.041110711,136.0,0.0676643665,-0.0701754386,0.0,100.0,158.0,23.0,3.3876564532,0.29090421380000003,1.7022650082,-0.3850560542,6.5,5.6,251.0,3.7696179525,0.2966614521,0.9983684446026907,270.9166666667,0.5166666667,3.0426350253,0.3317619489,1.6607965515,0.0041655484,0.0285714286,48.1666666667,98.0324196876,1.0,2.4440337291,0.41627636100000004,1.8061372682,-1.7703160586000002,-0.08660739270000001,0.5844345789000001,2.0724096014,0.34024772740000003,1.7941695465,-0.3054997292,-0.1104894772,1481.6893939394,1.0,10.0,3958.5,0.185612246,0.17430210710000002
s018,1.5839438315,0.1120562692,1.6277153098000001,2.5,28.125,0.2,16.8421052632,0.36666666670000003,-0.2535700094,-1.2646058704,2.6792812133,0.3842977715,1.800924503,-0.3513313225,0.0897123288,-2.664262745351691,-3.252858567770835,-5.523841875092661,-5.028264138072303,2.9039936321,0.2665125175,1.5988497759,0.6666666667000001,0.33333333330000003,13.8333333333,0.2083333333,3.0,-0.0083333333,-3.3333333333,13.9583333333,0.2622332859,3.0,-0.016727088,-4.9679943101,0.4820169651,0.2653061224,0.3721206409,9.3,5.7,2.2025383197,0.42514531400000005,1.9738824554,-0.7223815078,-1.5404450408804822,-0.0134370384,0.0,-0.4937868439,-0.5491030436000001,-0.5542288687,2.8827508555,2.1458631961,0.2727590193,1.8819348304,-0.8742787237,0.22857142860000002,3.2356769612,173.07,46.0626954627,0.8291899447000001,10.0,0.6659279823,0.0019058830000000001,0.7882110596,0.0027078689000000003,0.5833333333,0.18518518520000002,-1.2524169381,182.0,0.23529411760000002,1.9341877515,0.3847591879,1.7422380444,-104.005,0.0,-0.1399760981,350.0,2.6470907055,0.3388845205,1.5092291083,18.5,21.0,2.2140411804310007,0.5681403456,14.0,1.3268498554,0.4308824217,2.1713516901,-0.4977969781,2.9934395236,0.3879234769,1.4822897126,-31.0,0.1321428571,-1.2461026265,54.0,-0.0066916454000000005,0.1403508772,0.0,115.0,138.0,16.0,3.5961381378,0.2984646101,1.5747035261,-0.9035183368,6.9,7.3,352.3333333333,3.1109390143,0.3501475137,0.35030908290224966,375.5833333333,0.48888888890000004,2.8200960799,0.22034645220000001,1.9901232756,0.0015744033000000001,0.054761904800000004,104.5,58.9768217054,1.0,2.6006284425,0.285822002,1.9040822822,-1.2690617189,-0.278592451,-0.4436287921,1.7217844969,0.3544975058,1.6031421680000002,-0.0782007255,-0.2893868587,1919.09375,12.0,6.0,3500.5833333333,0.3565769224,0.1548013954
s019,1.128895155,0.2107107916,1.4381775804,1.85,36.35,0.33333333330000003,22.5714285714,0.30000000000000004,-0.5432796854,-0.3145640541,3.6269288470000003,0.3381978451,1.5915971853,-2.0987335513,0.3166523973,-3.267851152554339,-2.4548824680852874,-5.8983503038812275,-3.501241650302862,4.0742896025,0.2690853804,1.1457514672,0.1666666667,0.6666666667000001,8.8333333333,-0.025,1.0,0.0006666667,-2.1666666667,16.375,0.1503861004,1.0,-0.0054440154,-1.8243243243,0.0109983284,0.2244897959,1.1656895758,8.1,6.4,1.6755952956,0.3893135787,1.698428796,-0.443422284,-2.144078219316791,-0.0132174418,0.0277777778,-1.4116422355,0.11234931890000001,-0.5629734621,4.194188013,2.4682977998,0.19839959470000001,1.5061689881,-0.9437793146000001,0.2,3.5708010963,175.0,59.8991114415,0.8568707964000001,6.0,0.7385317802,0.0014053336000000001,0.8894531250000001,0.0017720488,0.5555555556,0.037037037,-1.5202082066,-109.0,0.6000000000000001,0.8953316919000001,0.38953677000000003,1.1307528885,50.0,0.4545454545,-0.4693679744,273.8333333333,2.6340221107,0.2616368763,1.6795893821,6.0,65.5,8.0015597358,0.5934771002,7.0,1.5424750372389995,0.43731113929999993,1.8098506829690004,-0.2707884996249999,3.1864476309,0.4469303156,1.3559410151,-20.0,0.1178571429,-0.6520998835,68.0,0.0312496677,0.2315789474,0.0,120.0,147.0,22.0,2.7263468125,0.24618205680000002,1.1772128837,-1.4006931728,5.7,5.0,292.8333333333,4.0497570512,0.3236376877,0.26934439732898885,241.5833333333,0.5111111111000001,2.8155601968,0.28687447590000004,1.4139736925,0.009245999500000001,0.0619047619,60.8333333333,67.5252268982,1.0,1.3592526647,0.37950593850000003,1.4846903846,-1.7856184307,-0.2526591237,-0.1514167317,1.3391466541,0.2784739087,1.3579046013,-0.4923802889,-0.3107784733,2078.775,1.0,9.0,3395.25,0.7690950804000001,0.4129067849
s020,0.8351194033,0.1060063024,1.4756793221,1.85,26.6666666667,0.2,12.962962963,0.1,0.0816957392,-1.0388396265,2.4043530131,0.310884598,1.7729483115,0.048755886000000005,0.6531181507,-2.2268932486141453,-2.1803068488323705,-8.358821575145171,-4.670255736719072,1.8910588509,0.2576600882,1.6640195512,0.6666666667000001,0.33333333330000003,9.8333333333,0.03054166666500001,1.0,-0.006,-1.9166666667,7.2916666667,0.0038725986000000003,0.0,-0.0009140546000000001,-0.8612740142,-0.0335462443,0.1632653061,0.6750894226,7.5,5.2,1.350756969,0.4550099822,2.2220232769,-0.40342166500000004,-1.5412564002100735,-0.0109049755,0.0,-1.9699098652,0.7998416242,-0.1448413667,3.3579238221,2.1965488728,0.20071939390000001,1.61656022,-0.6807759697,0.0857142857,4.096807786,122.0,7.6113128603,0.3752535483,7.0,0.6603252411,0.0017003689000000002,0.7410667896,0.0015159825,0.47222222220000004,0.2592592593,-1.3764410438999999,222.0,0.1818181818,1.5157847715,0.4221284517,1.7666004056,-45.0,0.1875,0.020214910200000002,353.8600000000061,2.4528794141190016,0.320074366956,1.431588767608,23.89,51.84,3.7318341441,0.6229103774,8.0,1.011922676,0.41121413290000003,1.8953786007,-0.3374040713,2.6217507275000003,0.4111870452,1.4087776631,33.5,0.10394265230000001,-1.4767366553,119.0,0.0501444983,-0.0649122807,0.0,101.0,141.0,23.0,2.434977609,0.3230539544,2.1486546308,0.21545111660000002,6.3,5.7,253.3333333333,1.8189319530999999,0.4014835049,0.26560747932520745,304.6666666667,0.5111111111000001,2.0990482444,0.32986722500000004,1.5369151977,0.0022738336,0.0833333333,119.3333333333,12.8482783357,2.0,1.8208401904,0.2880649369,1.7795122159,-0.9501238630000001,-0.0487875797,-0.059017405,1.0575805787,0.21841402710000002,1.9730115625,-0.4423692218,0.061972684800000004,2750.9476190476,12.0,6.0,3479.3333333333,0.1805794197,0.3909019375
s021,0.8097912479489997,0.14932240391200005,1.575764972424,1.5550000000000006,38.75,0.33333333330000003,12.9090909091,0.2666666667,-0.1678677136,-1.0243394533470005,0.6049977474,0.46959381720000004,1.3136435704,-0.3811680745,0.0313090753,-2.823449522376981,-3.3414595340902755,-6.931923764011355,-4.710773130166299,2.980424574,0.272793088753,1.7541030871869998,0.5,0.33333333330000003,11.375,-0.1125,1.0,-0.0035,-1.7916666667,11.25,-0.0091478697,0.0,-0.0009674185,0.09774436090000001,0.09899430170000001,0.0416666667,0.15561908,5.7,4.1,1.250170602955,0.42871700715700006,1.9234506545309995,-0.710152770283,-1.5409828199910476,-0.0122521065,0.0,-2.6149287159,-1.8164743379,-0.7296435444,3.0425643042,2.3730258514,0.278011279,1.3764844414000001,-0.6807759697,0.0857142857,4.096807786,99.0,25.7627506452,0.3968411315,9.0,0.8289733887,0.001120118,1.0,0.0014837069,0.6111111111,0.0740740741,-1.4139565492,196.5,0.3076923077,0.8103837063,0.37294242650000003,1.7596987198,203.5,0.21669996700500005,-0.538573316,419.8333333333,1.6105885427,0.2174792272,1.8963310884000002,-34.0,26.5,4.998989763022998,0.8909232088,11.0,0.6494948912,0.3282644309,2.0949000584,-0.8286182038000001,2.3998776308569996,0.4267744133250001,2.2342941652,0.505,0.060185185200000005,-0.9466432725,68.0,-0.016245839,0.0196078431,1.0986122886681098,101.0,121.0,13.0,3.3128047713,0.3268774769,2.3528428891,-0.5134956136000001,5.3,4.2,410.5,2.4396214741,0.3188188357,0.8070503643378811,305.20500000000203,0.5312777777749998,2.3856923052580017,0.3203459597230001,1.9045843498129986,0.006996829953000003,0.078547619048,20.302499999994005,46.99686951517303,2.0,1.6454985301,0.5330022072,1.9505466436,-1.2404223562,-0.24238884030000002,-0.6605122633,0.6664069562,0.0856297257,2.0254495464,-0.2198492225,0.0533587661,3556.8148148148,-2.0,8.0,3939.9583333333,0.7989184684,0.20131723040000002
s023,1.3794590901000001,0.3109994109,1.5383989266,2.5,25.3181818182,0.2666666667,11.1363636364,0.2666666667,-0.6428443023,-0.5028634801,3.228112075,0.4145400147,1.5530759583,-1.44325852,0.5581181507,-2.315840365234522,-2.092957124674146,-8.201576936674401,-5.127462164524342,3.8578378155,0.3111871207,1.4892503781,0.5,0.33333333330000003,7.2083333333,0.0458333333,2.0,-0.010833333300000001,-0.9583333333,6.875,0.0481595092,1.0,-0.0002494888,-1.4038854806,0.1983822269,0.3541666667,1.3135460543,6.5,5.0,2.1186724346,0.4901485507,1.9419556081,-1.0637631796,-3.00775450585336,-0.023801861900000002,0.1666666667,-3.8736075135,2.1312738881,0.4847229195,4.3506890982,2.100096391,0.2926394827,1.1335500341,-1.0385004382,0.2571428571,3.3813588491,168.0,10.925098711,0.2565783653,8.0,0.7074542999,0.0010255102,0.7729003906,0.0014884655,0.5555555556,0.40740740740000003,-0.5630837123,-482.5,0.15,1.6233471337,0.5332682585,1.6225395023,125.0,0.0625,-0.5506389624,391.6666666667,3.7804631848,0.36391124480000003,1.7709240137000002,-8.0,62.5,-3.1434958554,0.6243523893,9.0,1.0036399939,0.5142216149759999,2.7047668741,-0.0558275383,3.2123660436,0.4428954544,1.8385603418,-30.0,0.1107142857,-1.2001183334,176.0,0.0385593892,0.056140350900000004,0.0,91.0,154.0,21.0,2.8884958902,0.3462544731,1.3893141804,-1.2470075203,6.3,7.1,316.1666666667,5.3323563165,0.3593312839,1.23244185740455,331.5,0.5277777778,3.1341230712,0.4161157307,2.0596631829,0.010677368900000001,0.0119047619,20.3333333333,-14.1275912895,0.0,3.1193523216,0.36817354080000003,1.8433062814999999,-0.8790828529,-0.3643088949,-0.0856989424,1.6258023691,0.0974725372,2.5799545738000003,-0.6852897407,-0.0919395464,2381.6041666667,3.0,8.0,4947.5,0.6234459873,0.1383743663
s025,1.0870454941,0.2410638396,1.1463829578,1.75,37.0,0.33333333330000003,29.7619047619,0.30000000000000004,-0.3222701375,-1.2497315561,3.5086129371,0.38533577500000005,1.7206500202,-1.4153332696,0.34911986300000003,-1.995830918102639,-3.169148395307329,-6.634030026402719,-5.039923558536452,4.1849075557,0.2869534183,1.2258521579,0.6666666667000001,0.33333333330000003,8.375,-0.0125,2.0,-0.0115,-2.0416666667,16.25,0.1594047619,1.0,-0.0062571429,-2.1773809524,-0.0832420458,0.125,0.9419198374000001,7.9,5.8,2.1525933799,0.4409995769,2.264946142,-0.3906421463,-3.207406709833036,-0.0154327668,0.1666666667,-0.6929045867,0.9256200166,0.0,5.3201349372,2.5298880199,0.074291521,3.0777385512,-1.1652624446,0.2571428571,3.6348828618,163.0,10.925098711,0.2565783653,8.0,0.7785339355,0.0016058792,0.9140380859,0.0018835972000000002,0.6111111111,0.40740740740000003,-2.3215633581,-35.0,0.33333333330000003,1.7620180166,0.4270506549,1.4626912133,-120.0,0.13940752852899999,0.10493323090000001,291.3333333333,3.3345825735,0.3368454662,1.4075097194000001,25.5,111.0,38.7385152181,0.5586869703,13.0,1.9229737617,0.4733144187,1.9702613566,-0.28809617800000004,2.8512444873,0.4334367746,1.5913445121,33.0,0.1107142857,-1.2001668035,92.0,0.0247906776,-0.045407636700000004,0.6931471805599453,98.0,156.0,20.0,3.6828525326,0.2920700699,1.356066784,-0.9208250193,6.7,5.7,348.3333333333,3.6620586084999998,0.28859300390000003,0.4317027979963345,266.3333333333,0.5388888889,2.8378095265,0.3384667657,1.3987446621,0.0181300111,0.05,4.0,33.079631832,0.0,2.2844164615,0.3108964416,2.3888269899,-1.4819025761,-0.5201700348,-0.1310898311,0.6049790185,0.14306023480000002,1.8909806041000001,-0.4805984028,-0.5100402178,2549.1439393939,1.0,9.0,5743.5833333333,0.8269507293,0.2705963705
s026,1.1546766673,0.2348209312,1.0822845053,2.0,11.375,0.2,21.2083333333,0.2,-0.031743327700000004,-0.3445163197,3.9592166079,0.3266621765,2.0989673752,-0.5682299764000001,0.6562517123,-1.7500688110173725,-3.042457788778669,-8.686370710790165,-6.905050540088413,5.8668831518,0.2919440338,1.3785225483999999,0.6666666667000001,0.1666666667,13.25,0.025,1.0,0.001,-2.75,10.0833333333,0.0009003215,0.0,-0.0002593783,-0.07395498390000001,-0.2888881723,0.0416666667,0.9523625263000001,9.8,7.1,2.0732068877,0.40667145330000004,2.0030592353,-0.26927629680000004,-5.811727594193558,0.0010238974,0.8888888889000001,-0.4918408761,-0.4336819925,0.1910395678,4.9380558016,4.945659818,0.40751170670000003,3.924041763,-0.6433888409,0.1714285714,3.1838477634,206.0,10.925098711,0.2565783653,8.0,0.5657946467,0.0019503946,1.0,0.0027379268,0.4444444444,0.7407407407000001,-0.9453546695,140.5,0.0769230769,2.062719768,0.37407416050000003,1.5972638841,25.5,0.1428571429,-0.07733078680000001,322.87333333333504,3.1850663625559985,0.31396905153999993,1.5247826122040005,15.025,74.3,1.9133373883,0.57614781,13.0,1.2773173414,0.4815953652,1.7059301021,-0.1581913903,2.4851144015,0.42749925790000004,2.0310603094,1.145,0.07194244600000001,-1.7559547295,153.0,0.0421807819,0.1350877193,0.0,86.0,148.0,19.0,4.1882946905,0.28026658600000004,1.3215483473,-1.193135244,6.1,4.5,324.1666666667,3.5703846714000003,0.3221989042,0.08206404484055851,214.4166666667,0.5111111111000001,3.2933833238,0.3371138463,1.4521192359000001,0.0055472448,0.0285714286,46.5,27.3855207639,1.0,2.8592644367,0.3203355889,1.7927453064,-0.5932936066,-0.1041368673,-0.44949175820000004,1.4832400568000002,0.3309343587,1.6526615331999999,-0.7505007991,-0.6415676385,1949.3041666667,15.0,7.0,2732.1666666667,0.1857878768,0.14822084630000001
s027,1.2514487641039997,0.2513960273,1.5054199959,3.25,31.1904761905,0.30000000000000004,24.4444444444,0.4,-0.2766212702,-0.8479516921,4.0842729582,0.3304495381,2.2987081431,-0.8795270338000001,0.053684931500000005,-3.3245931402826017,-3.3137794080941188,-5.106295444133019,-4.673417137530197,5.0316662333,0.269301725,1.6715378040000002,0.6666666667000001,0.1666666667,15.9583333333,0.04970833333900001,2.0,-0.005575000002999997,-1.2083333333,12.0416666667,0.18485064010000002,1.0,-0.0021463117,0.1062792115,-0.1627840879,0.0,0.6051033191,8.3,7.1,1.8495819955,0.4122623487,1.8792901242000002,-0.5632905943000001,-2.0526632866277206,-0.020498311,0.0277777778,-0.0216414833,0.1652520707,0.2022392566,4.9156564241,3.0660032865,0.0877258603,2.191705898097001,-0.8075379761,0.0857142857,4.3503317988,162.0,59.8991114415,0.8568707964000001,6.0,0.6397562981,0.0015567866,0.7121877670000001,0.0018455326,0.6111111111,0.14814814810000002,-0.8474055182,-306.5,0.11764705880000001,2.0772338138,0.3454810699,2.1879304665,-168.455,0.0,-0.2682107077,232.6666666667,2.213138947,0.19822762230000002,2.2066397131,-37.0,129.0,11.5278362607,0.3198007084,10.0,1.6808858813,0.5593678934,1.8818676492000002,-0.2351052331,2.2638123538,0.34972218850000003,2.5336339537,5.39,0.0869565217,-2.1116002309,150.0,0.1228237996,0.2631578947,0.0,76.0,143.0,17.0,2.6022801952,0.2869448717,1.4555714542,-0.4120696692,6.5,5.5,267.00666666666496,3.5929546623839985,0.31233828769400007,0.7298418657277038,253.94125000000813,0.5240000000009997,3.3228033235709997,0.2993075692950001,1.861751792535,0.009737303828999996,0.03809523809499999,15.745,27.15611900940201,1.0,2.6851874756000003,0.3016910152,2.0272192957,-1.0373010694,-0.5202030473,-0.41760889970000004,1.3884728721,0.2389209531,1.9450833184,-0.6017899723,0.0457784091,1881.7376190476,15.0,6.0,2627.5,0.1994604062,0.39397016760000003
s028,0.6717236940000001,0.028895210100000002,1.8293413191,1.8,50.3157894737,0.36666666670000003,34.0,0.4666666667,-0.3597006706,-1.3021110866,3.7456537921,0.33954912940000004,1.9074584531,-1.5675515808,0.8037517123,-0.8422393293561791,-3.319893614381705,-9.301977704947689,-6.430753320269897,2.1627478591,0.2718592656,1.3221692893,0.33333333330000003,0.1666666667,11.944583333334002,7.077671782e-16,2.0,-6.0715321660000005e-18,-1.0,28.8333333333,-0.0873801221,1.0,-0.0017288579,-2.5185265911,-0.024695031200000002,0.0,0.1521868492,8.3,7.1,2.0091648555,0.3808422072,1.9537930779,-0.9584080761,-2.9087730827593705,-0.0197168581,0.1388888889,-1.1213219916,-0.3628011467,-0.378116377,2.8913738017,1.8926621736,0.1469343438,2.2584770714999998,-0.5402436899,0.0285714286,4.8849203713,118.0,0.0331595576,-0.6040336065,3.0,0.8533126831000001,0.0022778014,1.0,0.0022514238,0.5833333333,0.2962962963,-0.71463035,-106.225,0.0714285714,2.0899873828,0.4578875579,2.0317921757,-116.055,0.0,-0.3529381961,327.5,2.4881778725,0.2915948386,1.3878107491,21.0,77.5,33.0452822761,0.48432170150000003,3.0,1.880482968,0.4998782057,2.0904439737,-0.5140447317,1.7360563438,0.42551572578800007,1.99999414372,-15.5,0.10294117650000001,-0.6126021772,116.0,0.058141358100000005,-0.35539215690000003,1.0986122886681098,79.0,140.0,20.12,3.2445564107,0.31744355150000003,1.400074418,-1.1212834819,6.4,5.0,238.8333333333,5.5522214849000004,0.308965115,1.210700086505707,264.6666666667,0.5388888889,2.9801075401,0.34926966190000003,1.7228387791,0.0051096637,0.0428571429,-51.3333333333,46.0747687047,0.0,3.765321789,0.3219667915,2.3888896896,-0.6433958135,-0.072720089,0.21301802700000003,1.5453493569,0.0558109029,1.9414835410289997,-0.2600983677,-0.4406133833,1892.8980952381,10.0,8.0,4842.9166666667,0.8843044641000001,0.4155161321
s029,1.020251662,0.030505191,1.528923196,2.8,46.6666666667,0.4,27.3333333333,0.5,-0.5313845304,-1.5382852198,3.3151744192,0.3863172265,1.3973670932,0.2911690719,0.3812414384,-1.273525397070466,-2.3323593206145232,-8.061622594081847,-8.104852772516418,3.754031296,0.25776437690000004,1.5061894356,1.0,0.0,4.875,0.126458333341,3.0,-0.0121666667,-1.875,8.5833333333,0.15370163095700007,3.0,-0.006677721114000001,-2.9001182033,0.0488498114,0.125,0.2329862402,5.5,5.1,2.0480214037,0.4445122488,1.6457853499000001,-0.047843706300000004,-4.948069423605222,0.005731199,0.6388888889000001,-2.8102111425,-1.8380846660999999,0.1289098712,2.6726478429,1.7845540479,0.07782161060000001,1.6326560501,-1.0820225484,0.3714285714,2.8201893119,169.0,-31.6061405541,0.3994728374,2.0,0.7112513065,0.0016293127,0.9984375,0.0022827959,0.5833333333,0.4444444444,-0.7042183256,11.5,0.3846153846,1.0214628046,0.45970464240000003,1.7361012239,13.0,0.25,-0.4035893333,318.4450000000021,2.4967280374340004,0.3138364963440001,1.3573099290490007,29.145,50.2,-5.5529828028,0.42228064730000003,8.0,1.7513891954,0.4884832028,1.5610399546,-0.0670281283,2.6901221861,0.37798845200000003,1.2414155402,-2.5,0.1146953405,-1.7193136466,95.0,0.0245660364,0.0157894737,0.0,97.0,150.0,15.0,3.1433997169,0.298305268,1.1275081931,-1.1895490392,6.5,4.6,314.3333333333,2.119604614,0.35442240280000004,0.02116830071213281,268.6666666667,0.55,2.0312893271,0.35843051330000003,1.2537474913,0.0134315458,0.1285714286,30.0,17.9646532713,2.0,1.7493277089000001,0.36261995410000003,1.5806554582999999,-1.2257277268,0.0425898683,0.1882097523,1.7106094,0.37104279770000004,1.5607842030999999,-0.2274470828,-0.6565388995,1423.7600559163,23.0,7.0,2496.25,0.8146709535000001,0.2965616559
s030,1.175851529,0.1965047952,1.6207668592000002,2.1,43.8571428571,0.5333333333,34.7692307692,0.5666666667,-0.27739770820000004,-0.38246637840000003,3.7794696331,0.2456402816,2.2232230567,-0.8288063895000001,0.9437585616,-0.6571884997460425,-1.8405217230869833,-9.569608675767515,-7.556923852369873,2.7783328366,0.2153578699,1.446666454,0.33333333330000003,0.33333333330000003,14.25,-0.033333333300000004,2.0,-0.007666666700000001,-3.75,5.4583333333,0.2238821138,3.0,-0.0085317073,-3.7670731707,-0.1030590545,0.0,0.4874038933,6.6,4.9,1.8976507984,0.3437911376,1.630221064,-0.5226294501000001,-5.127361930427371,0.0005318006,0.9166666667000001,-2.1731146628999998,-1.7128611296,-0.7548590441,3.810416849,2.2994844757,0.129952487,2.2798176423,-0.9575666758,0.1428571429,4.0502743994,286.0,1.2928725743,0.0438060331,4.0,0.6456154823,0.0015567217,0.749813652,0.0022531579000000003,0.5833333333,0.6666666667000001,-1.4126901584,-38.0,0.3846153846,1.2635974534,0.20932396290000002,2.0927859973,-764.0,0.1666666667,-0.1028031301,188.3333333333,2.477604447,0.2264335983,1.9910194442,1.0,91.5,8.9697694742,0.3844656944,4.0,0.6486484755,0.433898555827,2.2296796801,-0.7757226501000001,2.6366188709,0.3263798873,2.2878657522,24.5,0.1214285714,-1.5452361793,198.0,0.0907461746,0.23116615070000002,0.6931471805599453,69.0,156.0,17.0,2.8309536589,0.2194522589,1.6883239495,0.0489187145,6.6,5.1,284.8333333333,2.1139355743,0.3606929334,0.5523594111991548,204.6666666667,0.5222222222,3.1042054889,0.2920077909,2.2088623716,0.0115298849,0.0166666667,6.0,9.4124369748,0.0,3.0143552734,0.2288302141,2.7493875485,-0.9677554093,-0.19663399,-0.20955927,0.7503934163,0.2909912494,1.7930262924,-0.8462446683,-0.4275479043,1533.7351851852,9.0,8.0,3075.6666666667,0.834014357,0.1801058767
s031,0.7689449997000001,0.1564231493,1.6760637206,1.85,47.1875,0.4666666667,38.6428571429,0.5333333333,-0.3969664238,-0.5957569146,3.4460686276,0.3986805364,2.0080573032,-0.030044552300000003,0.1285308219,-2.8402810694893934,-3.147511338883444,-6.4810245619698685,-4.490985197770239,2.7549317457,0.3098322777,1.5453141718999999,1.0,0.0,19.125,0.054166666700000005,2.0,-0.009166666700000001,-2.9583333333,23.375,0.11013179570000001,1.0,0.0028632619,-3.6209696399,0.022579621600000002,0.2244897959,0.9164008440000001,7.9,6.7,2.1696178679,0.4278655656,1.7053775325,-0.2537131458,-2.8087016767134974,-0.014902187300000001,0.1388888889,-1.8101621899,-0.9895299865,-0.169560331,2.6398194227,1.825201284,0.1113620064,1.8121988208,-0.7625664513,0.11428571430000001,3.9332268227,155.0,59.8991114415,0.8568707964000001,6.0,0.7945484161,0.0018326541,0.9748168945000001,0.0023070138,0.5277777778,0.2592592593,-1.0299266903,103.5,0.25,1.467765763,0.5472118087,1.4978302416,141.0,0.15,-0.5247277825000001,377.0,2.9507643931,0.3541711218,1.3744524167,37.0,35.5,-16.9975826331,0.6383586799000001,14.0,1.1165192932,0.4108927686,1.8505930299000002,-0.5459251266,2.3182731135,0.4672742056,1.5104289063,-48.5,0.0988593156,-1.4421091074,168.0,0.049632022500000005,-0.0087719298,0.0,98.0,149.0,22.0,3.2630197199,0.3049190598,1.5113300752,-1.6007995998,7.0,6.3,279.8333333333,3.2550058579,0.380118397,0.24811332424332527,267.8333333333,0.5333333333,3.8885185424,0.3636963232,1.5566937001999999,0.0179141281,0.038095238100000005,-2.0,15.3023366714,1.0,2.0563955436,0.38320315860000004,1.6969314953999999,-1.1823890103,0.1108277283,-0.7518474579000001,1.3090691708,0.3358205381,1.4150259472,-0.4770446477,-0.47874673840000004,2009.9666666667,8.0,7.0,4162.4166666667,0.8490224729,0.3474606598
s032,1.391655289,0.19054030460000002,1.0953483289000001,1.85,41.5185185185,0.1,28.5333333333,0.5,0.0414663232,-0.39297219440000003,4.6084282953999995,0.3316773152,2.8279473566,-0.4946621137,0.2943809932,-2.209589232798961,-2.615538141022497,-7.205340762054524,-6.284548543715432,6.3839251744,0.2758585304,2.0250383963,0.5,0.1666666667,10.2916666667,0.07083333330000001,2.0,-0.0178333333,-6.2916666667,8.75,0.0034749035000000003,1.0,0.0003243243,-2.7432432432000002,-0.49727569110000003,0.0204081633,0.689964718,6.2,5.2,1.0218314536,0.3631121449,1.5777869134,1.1981009218,-4.541816679202765,0.0084175025,0.5,-4.0161668811,-0.2538647535,0.3298219498,4.6604910377,2.9166103092,0.0470715826,2.1263896329,-0.8893284577,0.11428571430000001,4.1867508355,218.0,25.7627506452,0.3968411315,9.0,0.6912605286,0.0017405018,0.94556427,0.0026067086,0.5555555556,0.5555555556,-1.6563949645,76.5,0.1052631579,2.1631530207,0.3728964455,1.5842632369,-407.0,0.0909090909,0.0260861867,257.1666666667,2.8896639184,0.3132994665,1.3011872871,3.5,86.5,34.0196611739,0.4311000155,3.0,1.4613645838,0.42009858400000005,1.6371464858,-0.7353142951,3.0843497144,0.42145474800000005,1.8707701375,-21.5,0.11428571430000001,-3.4968715442000002,104.0,0.0370879633,-0.0073529412,1.0986122886681098,66.0,102.0,16.0,3.8503149195,0.2952927527,1.3968554072,-1.733443228,5.1,5.4,291.8333333333,3.9473785257,0.3500779948,0.3136786194524965,213.9166666667,0.5277777778,3.9660321859,0.3395152623,2.1341879708000002,0.0154581344,0.021428571400000002,-1.1666666667,-1.6479661017,0.0,3.1843731589,0.3287234348,2.034730245,-1.662417924,0.2565809866,-0.7558484199000001,0.6475347437,0.1325818305,1.4205041713,-0.3113173571,0.0795414753,2014.0083333333,10.0,9.0,3385.75,0.5838859863,0.45009817890000003
s033,0.6549679281,0.009920287,2.2281457337,1.6,30.0,0.30000000000000004,32.8571428571,0.30000000000000004,-0.45643772250000003,-1.1227772939,3.5541271919,0.443911889,2.6952110833000003,-1.1773367383,0.0420839041,-3.256763521882407,-2.0430765884840105,-6.911005600295694,-3.344358640078605,2.8791398571,0.2728594481,2.6760021229,0.1666666667,0.5,8.25,0.2666666667,2.0,-0.015,-0.25,10.9166666667,-0.0171914358,1.0,-0.0032267003,-1.3362720403,0.0996397797,0.2553191489,0.9379135789,7.5,7.5,1.8643288722,0.48740201391899995,1.8345042015000002,-0.07896899240000001,-2.346998421348938,-0.018942164,0.1388888889,-1.9947245026,-0.2230470152,-0.21292172010000002,3.4940845289,1.2828417035,0.0433331656,2.8540984552,-0.2558244977,0.1428571429,2.6467900432,166.56,1.2928725743,0.0438060331,4.0,0.691814518,0.0004782392,0.7513082504,0.00048575690000000004,0.4166666667,0.0740740741,-0.3565518589,-185.0,0.1428571429,1.0368382051,0.46301526395400017,2.8745838269,-95.0,0.2,-0.3117964265,425.6666666667,2.5818350046000003,0.3994495169,1.7593310832,69.0,109.5,33.6704681498,0.7664951845,8.0,1.7029285186,0.5669013839840001,1.7437530461000001,-0.6099523052,2.5774556838000002,0.5882492538,2.5085908514,33.5,0.0577617329,-1.850258771,107.59,0.03899425762100002,-0.037985364478999986,0.3686813463871183,96.19,146.42,20.53,2.9869005928,0.31379294300000005,1.7541904596380005,-0.3841833028,4.9,5.0,331.6666666667,2.9877473312,0.4407835899,0.8091438637272441,296.6666666667,0.55,3.1497909503,0.4429296314,2.1723282246,0.0066156321,0.0142857143,12.6666666667,41.3443480328,0.0,2.3505695377,0.3961651487500003,1.911246433,-0.9180610824000001,-0.30761524230000004,-0.5204527639000001,0.9092576312,0.032425044800000004,2.7915809692,-1.0930136747,-0.2904404486,2917.0625,5.0,6.0,3593.4166666667,0.8178026431000001,0.4720971074
s034,1.5243393386,0.26873920090000003,1.1950192417,2.35,30.4347826087,0.2333333333,21.875,0.2,-0.31056711670000003,-0.6944462301000001,3.5023740764999998,0.3734316925,1.7272311732,-0.6103700817000001,0.0360445205,-3.2837797087426086,-3.4502401461823697,-6.765060441824618,-4.5226155116615185,5.4169532916,0.2730848758,1.4502916334,0.5,0.33333333330000003,13.3333333333,4.0245584639999997e-16,0.0,-0.0033333333,0.4166666667,19.9583333333,0.3116161616,3.0,-0.0067979798,-4.8838383838,-0.21317306960000001,0.0408163265,0.7022115203,7.3,5.9,2.5832176913,0.3548675471,1.8655000801,-0.8006495291,-2.2981849369483838,-0.0050155854000000005,0.0277777778,-4.6495695965,-1.4050001682,0.4874441866,4.3452465641,2.4223098592,0.1351822697,1.4958668925,-0.7017421781000001,0.0571428571,4.5619233948,175.0,46.0626954627,0.8291899447000001,10.0,0.8817337036,0.0019487654,0.8925781250000001,0.0014959381,0.6666666667000001,0.0740740741,-0.6091369729,123.0,0.1538461538,1.3713850991,0.3381810476,1.8761819791,-300.0,0.0952380952,-0.7054118853,438.3333333333,2.5779634235,0.2889795047,1.3661114781,-4.0,74.0,2.548937899765001,0.5661983774,10.0,1.8071824367,0.40361567870000004,1.7054151441,-0.2615176972,3.191496742,0.3604207411,1.2421650634999999,5.0,0.1178571429,-1.8290433985,108.0,0.063498685,-0.5196078431,1.0986122886681098,111.0,175.0,20.74,3.916387403,0.23923805550000002,1.6149125537,-1.0845594427,5.8,6.2,296.993333333336,3.4188176191170006,0.328412548054,0.4494464527919773,271.4166666667,0.5277777778,2.9380448692,0.31846247240000003,1.5701191545,0.0079740084,0.0285714286,23.8333333333,13.7284114353,1.0,1.8861396188000001,0.2795538363,1.8033547361000002,-1.2572478064000001,-0.6526112587,0.0976784936,1.3404023971,0.3079527242,1.5251803993,-0.5936257828,-0.9219414276000001,1730.1296296296,12.0,9.0,2924.3333333333,0.1633008377,0.2327784336
s035,0.9682071445,0.17397941660000002,1.5674660147,1.9500000000000002,24.55,0.33333333330000003,26.45,0.33333333330000003,-0.5790248085,-1.1847633396,4.0882705424,0.3069488687,2.0548435445,-1.8882926901000001,0.9437585616,-2.044914386827969,-2.405807484957197,-9.91046785828356,-6.625320700576128,3.2710217608,0.3108525615,1.8854334416,1.0,0.0,6.625,0.10416666670000001,3.0,-0.0031666667,-0.7916666667000001,7.1666666667,0.0515158172,1.0,-0.00037697720000000003,-0.8963093146000001,0.2623399321,0.25,0.6095734189,8.3,7.3,2.9201805548,0.3901290204,2.5315674707999998,-0.3760952417,-5.0558486823121,0.0055237313,0.6666666667000001,-1.2176026459,2.4665197167,0.1910395678,4.9380558016,3.0902933732,0.0571859185,2.6955616654,-0.7017421781000001,0.0571428571,4.5619233948,202.0,0.0331595576,-0.6040336065,3.0,0.9299072266,0.0018393807,0.925,0.0020224521,0.8055555556,0.6666666667000001,-1.7299083799,-44.0,0.33333333330000003,1.5676703288,0.4492964124,1.438522156,-197.0,0.25,-0.525145945,417.5,3.5576016603,0.3139410349,2.0158919951,18.5,135.5,4.9682986692,0.6153937613,15.0,2.6287953428,0.5054777262,1.6184188109000002,-0.5208477944000001,3.1492407833,0.3950994322,2.7992335623,-7.0,0.1071428571,-0.6962838235000001,105.0,0.01296016,0.0456140351,0.0,126.0,175.0,16.0,3.0877495288,0.30348533040000003,1.6575185903,-0.35637185050000003,5.9,6.9,403.5,3.7875427632280014,0.2628156363,1.2173406527089328,288.8333333333,0.5166666667,3.6310004296000002,0.339108468,1.7288822716999999,0.0041136735,0.019047619000000002,90.6666666667,24.2485673868,2.0,2.4808169305,0.3776546888,1.7996088275000002,-0.4076671895,-0.6927475809,-0.2168990468,1.1289734931,0.2780007268,1.5147907737000001,-0.3893976865,-0.22294260100000002,1489.8801515152,18.0,7.0,2973.0,0.7761605939,0.6472126217
s036,1.4848904523,0.1304284622,1.5009735407,2.5,22.5652173913,0.2333333333,12.347826087,0.2333333333,-0.8030844964,-1.0900516492,2.4939440435,0.3479359555,1.4129077402,-1.8232794505,0.4129503425,-0.7981690928836846,-1.8539992648607275,-8.469673357584357,-7.390146032852853,6.4374037538,0.2197508896,1.7573956842,0.6666666667000001,0.1666666667,11.625,0.04645833333500002,2.0,-0.0061666667,-0.375,7.9166666667,0.1098591549,2.0,-0.0077183099,-0.2535211268,0.4046000453,0.4081632653,0.36408339,7.9,5.5,1.7947265382320003,0.4027798761149999,1.851667582952999,-0.4513845101300003,-4.755167707130736,0.0062812464,0.5833333333,-0.7319356706,0.46939962490000003,-0.5769779016000001,3.3754990364,2.1304104634,0.1095668879,1.9884820829,-1.0816155204,0.2857142857,3.2951286846,166.0,7.6113128603,0.3752535483,7.0,0.7398298264000001,0.0013478003,0.8031016350000001,0.0014625933,0.6666666667000001,0.48148148150000003,-1.8624326898999999,115.0,0.4615384615,1.6420366026000002,0.3333333089,1.5028558896000002,15.0,0.1875,0.038279715000000006,268.1666666667,2.6980885713,0.3538173565,1.2064927586,20.5,45.0,30.4025658015,0.4642908348,12.0,0.9947038886,0.4033103524,1.6458013699,-0.2683151357,2.9548874111,0.3879523742,1.572658894,5.0,0.1321428571,-2.7529731345,183.0,0.0911418965,0.068627451,1.0986122886681098,64.0,113.0,25.0,2.7063824071,0.2794130789,1.1127405536,0.4537180409,5.4,6.6,326.0,2.743806438,0.34267025160000003,0.2912790622953231,291.6666666667,0.5277777778,2.6735288792,0.32886315400000005,1.3313708664,0.0096163789,0.1,-44.3333333333,-18.8161548882,0.89,1.958278372,0.28426472340000003,1.511738535,-0.2393207487,0.2551524531,-0.6161145234000001,1.0241518533,0.3654513755,1.4396304662000001,-0.7559496355,-0.47888943980000004,2147.375,11.0,5.0,2217.4166666667,0.7645403406,0.34090042870000004
s037,1.1432614700000001,0.3468748517,1.3289708292,2.2,31.12,0.1666666667,12.875,0.2,-0.28936417610000004,-0.33063552900000004,2.3718063642000002,0.39158266890000004,1.3059451037,-1.3990070361,0.0751575342,-0.91783301658403,-2.545682396648249,-5.1163751983795125,-5.413416167986621,4.2322343427,0.3284190348,1.4589847083,0.1666666667,0.5,23.0833333333,-0.075,1.0,0.0006666667,-5.4166666667,29.625,-0.0369464105,1.0,0.0013221436,-1.268958544,-0.062354966000000005,0.3265306122,0.8185266691,6.6,7.2,2.0152271244,0.5014242902,1.5382901408,-0.3885439786,-1.3219957017468527,-0.0149275189,0.25,-0.5062182368,0.3626396658,0.0,5.3201349372,2.4981195098,0.21821548740000002,2.824554975,-1.2890129854999999,0.3428571429,3.38738178,113.0,2.3916188301,0.3492235958,5.0,0.606118679,0.0007818224000000001,0.6629822731,0.0008727572,0.6111111111,0.18518518520000002,-0.5743524399000001,-45.5,0.619047619,0.38956785590000004,0.434127429986,2.0969653481,-371.5,0.25,-0.3382311911,347.45333333333707,2.578501555135,0.3237764945090001,1.5203405841210003,15.68,80.63,-12.2518077678,0.6643069687000001,6.0,2.1238779158,0.5987892426,1.2731449586,-0.42059182040000004,2.5159218246,0.4791631006,1.611948569,-17.0,0.08214285710000001,-1.767934125,77.0,0.014154691,0.080495356,0.6931471805599453,78.0,101.0,16.0,2.9405681051,0.2943913307,1.4973117646,-0.8872011460000001,5.4,4.9,353.0,2.6043916281,0.3561017749,0.21970829436984643,296.25,0.5333333333,2.1506871631,0.32613225222,2.5385477263,0.0055044118,0.0857142857,55.8333333333,125.9802697027,0.66,1.7603776448000001,0.37077478890000004,1.2097095508,-0.9070005320000001,-0.8129967287000001,-0.5576962135,1.0978430403,0.381471157,1.3556944313,-0.5034562239,-0.2418965016,3703.4444444444,2.0,4.0,3638.8333333333,0.8339963663000001,0.33651782690000004
s038,1.7069225732,0.2415970832,1.6239986213000002,3.35,30.9130434783,0.2333333333,15.3333333333,0.2,-0.4821981705,-1.8250298635000002,3.3755187756,0.4211618113,1.1294029855,-0.6262045493,0.7012517123,-0.3548883803656809,-2.2077198973499867,-8.963368581534732,-8.915208865585809,4.4221803061,0.3227911929,1.0811356961,0.8333333333,0.0,3.2083333333,0.0041666667,2.0,-0.0038333333,-1.625,6.375,0.0108801109,1.0,-0.0005433125000000001,-2.3232848233,-0.048894258600000004,0.1428571429,0.9132470994,8.6,8.3,3.1884669527,0.3768472315,1.5087151585,-0.3477337401,-6.278702344931019,0.0013132413,0.8611111111,-4.271729861,0.9465065798000001,0.0,5.3201349372,4.0909766107,0.17187996590000001,2.0026256207,-0.9137261972149995,0.0,4.151651962100001,253.0,25.7627506452,0.3968411315,9.0,0.8412124634,0.0016574599,1.0,0.0021050817,0.6666666667000001,0.8518518519,-0.8288869594,-60.905,0.0,2.2717414538,0.42078496200000004,2.1357039229,-121.405,0.0,-0.1686065119,340.0,3.5413178503,0.3474393819,1.1995745364000001,22.5,37.0,-25.4687195755,0.5326466075,12.0,1.9477731353,0.48073266070000004,1.9009189497999999,-0.3078026437,3.9030135731,0.40264010110000004,1.2767573169,4.5,0.09285714290000001,-2.568694463,211.0,0.09769941400000001,0.0912280702,0.0,81.0,141.0,21.0,5.1131023365,0.2802445052,1.3656548077,-0.5576395514,6.3,6.8,344.1666666667,4.5504297406,0.31643766770000004,0.5407832583468383,255.0,0.5055555556,3.7174492379,0.3220482684,1.2667042776,0.0130199088,0.033333333300000004,3.3333333333,13.6623563218,0.0,3.2018676195,0.3279130185,1.6280644452000002,-1.2650996066,-0.604638856,-0.4781763727,2.2095996278,0.3578561464,1.5817040909,-0.4218161948,-0.1077912468,2011.3125,16.0,5.0,3842.5,0.9134408815,0.563549697
s039,1.2923583317,0.21360142710000002,1.3276083608,2.0,35.9090909091,0.2666666667,18.3333333333,0.30000000000000004,-0.2079384423,-1.2026672863,3.3622998567,0.3411427537,2.0130383446,-0.7372522760000001,0.1583835616,-0.7195509309919973,-2.4820477268056345,-6.45328263350641,-7.3121719369063305,7.6375253604,0.2750674884,2.0981912221,0.6666666667000001,0.0,4.5416666667,0.1208333333,2.0,-0.0095,-2.2916666667,16.75,0.0278959811,2.0,-0.0093900709,-4.9456264775,-0.1029777463,0.12244897960000001,0.8587878936000001,8.8,6.7,1.8105546586,0.348426043,2.2023105377,-0.2298801217,-4.177250414785948,0.0098506545,0.4166666667,0.004349266,-0.2593611522,0.0,5.3201349372,3.0761221844409987,0.2827676737,2.115725061832001,-0.8075379761,0.0857142857,4.3503317988,226.0,2.3916188301,0.3492235958,5.0,0.6313468933,0.0010443648,0.9643831253,0.0013164569,0.5277777778,0.4444444444,-1.5150593749999999,-39.5,0.2105263158,1.7925506605,0.4540191503,1.9007849449,-104.5,0.1818181818,-0.41689286540000003,370.1666666667,2.9872502219,0.3216201159,1.3323228120000001,52.0,-15.0,-25.1243892929,0.5649128839,15.0,1.9425600389,0.3807882691,2.2808674304,0.1687179616,3.192252016,0.4098296568,2.2859996561,39.5,0.1,-2.199796305,127.0,0.101095717,0.201754386,0.0,87.0,156.0,19.0,4.6040793583,0.2791137186,1.8073540321000001,-1.1772405356,4.9,6.0,190.0,2.1101671171,0.2447354866,0.581750556587841,325.5833333333,0.5222222222,2.7937705579000003,0.3223849459,1.2479552056,0.009810267400000001,0.0738095238,55.1666666667,15.316205427,0.0,2.5343113377,0.3941484753,1.4889474461,-1.633047605,-0.31642318080000004,-0.7264634314,1.6601531996,0.33514960050000003,2.2528063269,-0.0596438502,-0.30698329090000004,2138.0729166667,15.0,8.0,2735.3333333333,0.8477771786,0.20416233250000002
s040,0.9744942307000001,0.0069152564,2.115050542,2.3345,44.6470588235,0.4333333333,25.2777777778,0.4,-0.8253823076,-1.125512986,4.5644588629000005,0.3007035735,2.4664887034,-1.4249441704999999,0.6280907534,-2.5435665937485243,-2.2924567631321557,-6.992638667201312,-5.350044418152543,6.0171572224,0.2383562982,2.2316209275,0.6666666667000001,0.33333333330000003,5.3333333333,0.3166666667,2.0,-0.005,-3.5,3.5416666667,0.2541666667,3.0,-0.007500000000000001,-2.0214285714,-0.1116833145,0.0833333333,0.9570329201000001,7.7,8.7,2.5506053377,0.37677054190000003,1.9265765056,-1.1823096194,-1.0436684134764584,-0.0237242143,0.0555555556,-0.1606062482,1.2947658215,-0.5629734621,4.194188013,3.7456606408,0.0053760633,3.0153429483,-1.070541321,0.2,3.8243251091,255.0,7.6113128603,0.3752535483,7.0,0.5,0.0016656459930000003,0.9953735352,0.0023585287,0.7222222222,0.18518518520000002,-1.1796147104,-123.0,0.0,1.9981932426000002,0.3642465056,1.856081443,122.0,0.1666666667,-0.5080616815,261.0,3.4514825419,0.31258189610000003,1.7099456784,0.5,52.0,2.7383877923219977,0.2815873266,15.0,1.7845661715,0.38048152160000004,1.9065748835,-0.4852842404,2.6787380787,0.4308033982,1.7043888877,-28.0,0.12,-1.0697805862,83.0,0.0270751402,0.0456140351,0.0,124.0,161.0,22.0,5.3968134581000005,0.2958457574,1.2633371402,-1.2737587084,6.5,6.3,272.1666666667,4.3340601051,0.3066429371,0.7837315530794308,236.1666666667,0.5222222222,3.4177263925,0.34109039480000003,1.7702093659,0.011975946500000001,0.0238095238,-9.6666666667,-17.9136557887,0.0,2.2688810267,0.3461638916,1.5094639568,-1.1131861646719998,-0.2436570653,-0.0405358292,2.0598384749,0.314112231,1.6598581855,-0.0516884598,-0.3085531982,1502.753030303,10.0,5.0,2396.5833333333,0.1607304911,0.2166598032
s041,1.5192211467,0.349837918,1.5989914879,2.7,25.35,0.33333333330000003,33.25,0.4666666667,-0.28719653840000003,-1.6370497415,2.9892132836,0.36855115380000003,1.6586620152,-0.8288184925000001,0.6562517123,-1.9795714128093462,-3.0357519358621676,-8.687157415521467,-6.714679671500057,3.2215788387,0.26818704200000004,1.4351139671,0.6666666667000001,0.1666666667,10.0,0.058333333300000005,2.0,-0.0083333333,-2.6666666667000003,13.4583333333,-0.0045508274000000005,2.0,-0.0111820331,-3.9539007092,-0.09769459870000001,0.22916666670000002,0.9859175644,8.5,8.7,2.4987407965,0.556277146,1.7278593081,-1.2254449611,-4.948343136332201,0.0063105788,0.6388888889000001,-1.9556689186,-0.8343446067,-0.5629734621,4.194188013,2.8552160553,0.0101074106,2.7113451144000003,-0.8308046694000001,0.1428571429,3.7967503866000003,218.0,59.8991114415,0.8568707964000001,6.0,0.7445726395000001,0.0015406405889999994,0.8550420761,0.002978848,0.6666666667000001,0.48148148150000003,-0.5894405127,-342.5,0.1904761905,1.418816686,0.5294189226,1.9195220865,-556.5,0.0714285714,0.0907646817,348.5,3.8451149931,0.28406631190000003,2.1105590661,17.0,130.0,-17.079997567,0.6191299113000001,10.0,1.9058708261000001,0.6175792928,1.9332543507,-0.1317472328,3.2643193025,0.47771578880000004,1.9456012509790002,19.5,0.11428571430000001,-1.6174289123,136.0,0.0487464803,-0.15964912280000002,0.0,115.0,198.0,19.0,3.0741645638,0.2852347676,1.5536607502000002,-1.3449728953,6.8,6.8,186.5,4.1304582446,0.2062027984,1.3293469824016406,269.4166666667,0.4944444444,3.9943785764,0.3077256218,1.799903347,0.0064500781,0.021428571400000002,62.1666666667,43.5180609284,0.0,3.6291712431,0.34146136200000005,2.9640361626000002,-0.8461852186000001,-0.4997706019,0.22856862520000001,1.9542527403,0.3398189992,1.7086496891,0.0528781408,-0.3511592236,1176.5707070707,3.0,8.0,4448.1818181818,0.8210601597,0.6900799820000001
s042,0.8071741677000001,0.2284936031,1.7460156100000002,1.9,40.1111111111,0.4,21.85,0.33333333330000003,-0.23194728480000001,-0.62635927,4.1189320896,0.3432073197,2.6642880927,-0.8711889007,0.9687585616000001,-0.6575519725768183,-1.9665287942915883,-10.694128495181904,-7.652343554325258,4.4875351553,0.2465877588,1.5223908138,1.0,0.0,18.2916666667,0.0208333333,2.0,-0.0061666667,-2.2083333333,16.4166666667,-0.0099045346,1.0,-0.0048591885,-2.9868735084,-0.056795091400000004,0.12244897960000001,0.8901018633000001,6.8,4.5,1.7000618929,0.4684934209,1.5986885754,-1.3776244995,-4.9392475047159285,0.004222899400000001,0.6388888889000001,-2.6809743439,0.1474791704,0.33223158610000003,4.6556717651,2.2767317401,0.02051795,2.4089509183,-0.9575666758,0.1428571429,4.0502743994,212.0,1.2928725743,0.0438060331,4.0,0.6439033508,0.0015689726,0.9070724487,0.0023141029,0.6111111111,0.7037037037,-1.3313878986,-36.0,0.3157894737,1.6649328076,0.4141488305,1.6320047653,195.0,0.125,-0.46461727880000003,363.8333333333,2.7807115023,0.3158017812,1.2081601703,39.5,88.0,-6.0651991879,0.6039502739,15.0,1.5976351892,0.5200682634,1.5113899766999999,-1.1368853903,3.2018165855,0.3865082492,1.8373199492,-10.5,0.0857142857,-1.4321860963,149.0,0.08628795800000001,0.15789473680000002,0.0,91.0,166.0,22.0,3.4405322763,0.354594733,1.2512547191,-1.5612406502,6.3,4.8,325.6666666667,3.6165283493000002,0.3238899069,0.4912244587509227,321.8333333333,0.5388888889,2.8351091823,0.3142257846,1.4201547693,0.008070665500000001,0.059523809500000004,71.6666666667,33.7755555556,0.0,2.9327139561,0.3983647997,2.0341184123,-1.191806786,-0.7178074955,-0.0489688916,2.0601438926,0.32821562330000004,1.4533164926,0.0682293962,-0.3351762843,1504.4027777778,21.0,7.0,2478.25,0.8596626666,0.1813954842
s043,0.7708448265000001,0.0217511688,1.7338692258,1.8,0.0,0.0,0.0,0.0,-0.395053851,-0.6420191144,2.1499600971,0.36823384749000004,3.1540868652,-0.6015516335000001,0.1681181507,-1.9916690385535398,-2.3671601449321917,-6.772410032385798,-6.221974665070748,2.5753538718,0.2939581986,1.6149582694,0.5,0.33333333330000003,10.3333333333,0.08762500000100003,3.0,-0.007,1.8333333333000001,13.7083333333,0.11766190080000001,0.0,-0.0038856182,-0.6665264929,-0.0414706611,0.3043478261,0.7703639515,8.4,6.1,1.6729884127,0.41489665880000004,1.7455278426,-0.8300408059000001,-0.7654705758033078,-0.0237144791,0.0833333333,-1.1506550091,0.9583709002,-0.23074187610000002,3.5297248409,2.2101887928,0.1911041429,1.5975572666,-0.8011914098,0.4,2.1090770259,129.0,7.6113128603,0.3752535483,7.0,0.6341500282,0.0009603887000000001,0.9355468750000001,0.0015592139000000001,0.5277777778,0.40740740740000003,-0.3694880057,-244.5,0.1428571429,1.4719993842,0.41669397690000004,2.2449860361,-321.0,0.0,-0.6728560223000001,346.3333333333,2.0557766861,0.31474218930000003,1.8959793139,27.5,27.5,-6.651196711,0.6738646091,7.0,1.0751930943,0.4332732442,1.9148053277,-0.45691417430000003,1.7907647406,0.4396944499,1.7269148938,-1.5,0.1098901099,-1.4754441959,130.0,0.0340815446,-0.10319917440000001,0.6931471805599453,100.0,153.0,22.0,2.4246208519,0.3122315242,2.0838302944000002,0.15706045800000001,4.7,5.8,360.8333333333,2.5100877742,0.34612184,0.3659658680845419,234.5,0.5555555556,3.1933565841,0.34300000070000003,2.2873564524,0.0009653058,0.0904761905,68.3333333333,-36.9952859014,2.0,1.8780828761000001,0.3787781585,1.8543918028,-0.8426986583,-0.2689365667,-0.3001664486,1.7875372793,0.3227886665,1.8911538347999999,-0.1614505667,0.0610332539,1485.8185185185,17.0,8.0,3349.8333333333,0.1857598662,0.3306331611
s044,1.1432169133,0.2809749017,1.3080767147999999,1.6,2.4666666667,0.0,2.2068965517,0.033333333300000004,-0.0793496577,-0.8064156248000001,2.6918226407,0.4020236729,1.9603967306,-0.1458258364,0.7956181507000001,-2.7373141417597044,-3.315428212893786,-10.232249986215301,-6.177429862199936,3.8028687216,0.26446235430000004,1.5633697017000001,0.1666666667,0.6666666667000001,3.8333333333,-0.058333333300000005,1.0,-0.0026666667,-1.5,4.5,0.0044328135000000005,1.0,-0.0004558855,-0.5821405683,-0.0575893711,0.1666666667,0.8311747276,6.1,8.1,1.7498047912999999,0.45322818770300016,1.8054652286000001,0.43893887740000004,-4.1509490222286916,0.011044976500000001,0.4166666667,-1.8716264919,-0.7981785405,-0.378116377,2.8913738017,2.2920124721,0.2545809394,1.5019742449,-0.7458764829000001,0.22857142860000002,2.9788724795,129.0,59.8991114415,0.8568707964000001,6.0,0.8185577393,0.0012440821000000001,0.8989257812,0.0017644116,0.6111111111,0.2592592593,-1.180221861,42.0,0.3571428571,1.3273055089999999,0.3739927287,2.0718307567,-579.0,0.0769230769,-0.7412190984,265.3333333333,3.019107109,0.2580548022,2.3896796413,-20.5,96.685,-5.5990939505,0.4848629185,5.0,1.7288379734000001,0.5878702873,2.235336883,-0.037349127,2.3744732613,0.3965257893,1.5752709797,35.5,0.0896057348,-1.9975154867,117.23,0.039781535629999996,-0.020882610934999993,0.4079145165075875,96.51,147.61,20.02,2.6179595271,0.2930910903,1.408375009,-0.6942282732,6.5,5.9,270.5,4.5299960679,0.1911604295,0.7582025725866918,297.5,0.5166666667,3.0711430521,0.3351893492,2.18531711,0.0061347317,0.0261904762,11.6666666667,70.7850333187,0.0,2.2511331098,0.5389546094000001,1.8839204611,-1.051255651,-0.1257402929,-0.046027968600000004,1.3033928162000001,0.033671314,2.340306088,-0.1774512268,-0.6135474785,2388.4651515152,5.0,9.0,3684.1666666667,0.7780703089000001,0.34799295350000004
s046,1.0974456032,0.0207195366,1.6433779079000002,2.45,33.5833333333,0.2,18.8695652174,0.2333333333,-0.8035401633,-0.136211479,3.2899022698,0.4515494566,2.431528213,-1.1276220663,0.2092953767,-3.1457789436947334,-3.1112469082283827,-6.639392579612665,-4.215765573293652,1.7678365027,0.2997472266,1.5809916361,1.0,0.0,3.5416666667,0.12916666670000002,2.0,-0.011166666700000001,-2.125,3.2083333333,0.0765793849,1.0,-0.0070074813,-0.7793017456,0.22289688670000002,0.0625,0.7244424818,6.9,3.4,1.1636347962,0.37791970480000003,1.7625528548,-0.45603044340000004,-2.776007529306375,-0.023773715600000002,0.0833333333,-0.4392937078,-4.1106847711,-0.606547020808,0.7395050750000001,1.6318927627000002,0.30418544340000003,1.1432317029,-1.0041893257,0.3142857143,2.9758557574,101.0,7.6113128603,0.3752535483,7.0,0.7986124039,0.0017103317,0.9998046875000001,0.001997833,0.5,0.18518518520000002,-1.2722333509000001,-391.5,0.7647058824,0.9445452752000001,0.5255477095000001,1.4596082247,-458.0,0.23529411760000002,-0.7790144557,400.8333333333,2.7923545504,0.4114939007,1.2588577077,57.0,-4.0,1.8197152393939993,0.17164724680000001,6.0,0.3657140954,0.4902560382289999,2.1297922238,-0.34249197870000003,1.1443329825,0.5194081486000001,1.9910786304,43.0,0.08088235290000001,-1.204446601,101.0,0.0420688642,-0.1950464396,0.6931471805599453,77.0,107.0,20.0,2.7706222498,0.2826516504,1.5560118266,-1.1522698113,4.5,4.6,447.0,1.047388699,0.347255613209,0.49690466914730896,347.0833333333,0.5055555556,2.6921031347,0.3458362447,1.6020765215,0.006964902,0.054761904800000004,5.8333333333,12.4003431067,1.0,2.1578068562,0.3427224212,1.8043451729000002,-1.1482311421,-0.0746724388,-0.5876707999999999,0.8954142803,0.018546530500000002,2.0822844744,-0.8739471790000001,0.1933260142,1327.3209615385,31.0,5.0,2622.3333333333,0.6452515519,0.1597893492
s047,0.6850433927,0.250207277,1.578539962,1.45,40.5909090909,0.2666666667,25.5,0.2666666667,-0.1991215908,-1.9636537247999999,3.4166077082,0.39179293390000003,1.2770352292,-0.8209444364,0.4350017123,-0.818663810743201,-2.5343811230234827,-7.931270484827803,-6.9900365152924,2.2158074209,0.2189841113,1.4915144456,0.1666666667,0.33333333330000003,6.875,0.07083333330000001,1.0,-0.0035,-1.9583333333000001,21.1666666667,0.18389154700000002,2.0,-0.0011797676,-4.7304625199,0.4101604495,0.25,0.592538448,8.3,7.0,1.9019042907,0.3613106346,1.941193967,-0.5260526684,-1.341948044038672,-0.0237197855,0.0555555556,-2.0208473691,-0.7799102605,-0.5769915315,2.8372255301,2.2172435537,0.2312793639,1.5004270734,-1.2083775268,0.2857142857,3.5486526974,207.0,1.2928725743,0.0438060331,4.0,0.5952996135,0.0008040668,0.9988281250000001,0.0016765831,0.7222222222,0.37037037040000004,-1.3123133645,-150.0,0.2777777778,1.6568282390000002,0.3616556288,1.8097299671,-339.0,0.0555555556,-0.1239322301,293.0,2.4388149431,0.2942750885,1.8347785399,16.5,74.845,16.3366716618,0.3373905766,14.0,1.4761560386,0.5421522506,1.5523633178,-0.8474431183000001,2.9533741307,0.4394541476,1.6460446621,42.5,0.08633093530000001,-0.9659658496,174.0,0.019328318100000002,-0.11228070180000001,0.0,67.0,119.0,25.0,2.3866913741,0.2651611553,1.1039560173,-0.77364661,7.2,5.8,287.3333333333,2.7418721922,0.2926453312,0.7820902020558372,250.9166666667,0.55,1.6098858166,0.29799849442,2.1503349118,0.0107891279,0.1261904762,6.1666666667,16.8400171695,0.0,1.9278378978,0.3758839975,1.4667300267,-1.9226173296,-0.1538938521,-0.8025373536,1.3212637538,0.2608924144,1.8818940686999999,-0.5122490554,0.0023022354000000003,2049.6060606061,-3.0,11.0,4247.8333333333,0.8139128764,0.3856622834
s048,1.766268712,0.0921291107,1.607376293711001,2.8,33.2083333333,0.2,17.2631578947,0.36666666670000003,0.07380055940000001,-0.6433851188,4.5697941099,0.2972706922,3.1328499671,-0.5360933889,0.6548433219,-0.6618957698410978,-1.7478392652311898,-8.746305143251446,-7.334202377561916,3.5928340688000002,0.2798192304,1.6785149302,0.8333333333,0.1666666667,5.25,0.2416666667,2.0,-0.0026666667,-1.9166666667,8.9166666667,0.18142857140000002,3.0,-0.0098285714,-3.7428571429,-0.1470991696,0.0408163265,0.6425379824,7.9,6.3,2.159636326,0.3256779952,1.8384808076999999,-0.1592255004,-4.389224573794763,0.0103587159,0.47222222220000004,-3.2668352457,-0.7386444227000001,0.3298219498,4.6604910377,2.6867284629,0.1353574132,1.8541455669,-0.9437793146000001,0.2,3.5708010963,172.0,10.925098711,0.2565783653,8.0,0.55,0.0008094886,0.9490478516,0.0019940053,0.6944444444,0.33333333330000003,0.0834669697,-106.21,0.0,2.1860526081,0.32173407870000004,2.8557421675,-160.885,0.0,-0.2606815342,284.8333333333,2.8134089169000003,0.2353487242,1.3496983456,-7.0,153.5,19.158757086,0.39423761020000003,18.0,1.6907019037,0.5017890545,1.7912953404,-0.4700516414,2.7828504491,0.37753471990000004,2.094988027,22.5,0.0642857143,-2.782835133,140.0,0.020568184700000002,0.24385964910000002,0.0,107.0,159.0,20.0,4.2558057864,0.2460027773,1.8512967673,-0.1966480739,7.2,8.3,211.0,3.6550156378,0.2791570038,0.36478562225251165,242.6666666667,0.5111111111000001,3.6850003877,0.29278050110000003,1.1509817111,0.0186282709,0.0428571429,8.0,34.3133874239,0.0,2.533086579,0.3317933261,1.5913133625,-0.8881240774,-0.6411086576,0.9018943886,1.7901087093,0.318745217,1.8405282594,-0.5248191591,-1.0205643059,1501.1486111111,1.0,11.0,3052.9166666667,0.8784690835000001,0.518807836
s049,0.9100035142,0.0432128681,1.4961217032,1.7000000000000002,38.875,0.2,22.2222222222,0.4,-0.6168568727,-0.9693414207000001,3.5589337335,0.3070418818,1.5975600955,-1.035021108,0.4692996575,-3.28243309159339,-2.2224106767636926,-7.056706201011855,-5.207308903120536,4.3629083492,0.25410368780000003,1.6907831790999999,0.5,0.33333333330000003,21.6666666667,5.551115123e-16,1.0,1.3444106940000001e-17,-3.3333333333,23.0833333333,-0.07124373960000001,1.0,0.0022971619,-3.333263773,0.1363329584,0.27083333330000003,0.274128234,7.5,5.7,1.5927245327000001,0.37620790740000004,1.8183673759,-0.6976423729,-1.5409751233493376,-0.0083194952,0.0,0.2935164671,-0.8141440949000001,-1.0603388242,2.4352990176000002,1.7445285786,0.2344011038,1.5258369863999999,-0.8903224109000001,0.1714285714,3.6777149035,182.0,1.2928725743,0.0438060331,4.0,0.8771240234000001,0.0021191442,0.9288574219,0.0018760755,0.6388888889000001,0.18518518520000002,0.0863076125,-550.5,0.0,1.6609169602,0.3619853462,2.0043867576,-277.5,0.1,0.0694301033,231.0,2.9136428332,0.308617493,1.7789376221,3.5,139.0,6.17223452008,0.48077018730000004,6.0,1.089843567,0.3731108421,2.2117341369,-0.47919108190000004,3.5810426708,0.4115275855,2.341411908,58.0,0.1035714286,-1.795732508,102.0,0.060805280600000004,0.0754385965,0.0,87.0,139.0,16.0,3.0994145416,0.2685980029,0.9733579742,-2.2230920754,4.4,4.4,241.1666666667,2.7728394279,0.4436528502,0.48638652136069666,239.3333333333,0.5277777778,2.340000021,0.20493079150000001,1.9522172331,0.0083233157,0.0738095238,16.3333333333,59.142814485,2.0,2.4995833154,0.3231820257,2.073421429,-0.0367174892,-0.2128689286,-0.9346784546,1.9650504333,0.3050421102,1.7431946765,0.1627582148,-0.1653832251,2524.5285714286,1.0,4.0,7185.9090909091,0.7240277894,0.5724588484
s051,1.1299870366,0.12555407130000001,1.6408352065,2.3,35.6842105263,0.36666666670000003,22.1904761905,0.30000000000000004,-0.7453715496000001,-0.7049805295,3.4209409092,0.4031182434,1.5956493378,-1.3155855881,0.1216746575,-3.450671854267206,-3.1673578132314626,-6.804483856521994,-4.724264467798645,3.7715338364,0.3093638429,1.5523383784,0.1666666667,0.1666666667,16.9166666667,0.025,1.0,0.001,-4.1666666667,21.0,0.026913372600000002,1.0,-0.009920942,-1.9680403701,0.16174506200000002,0.306122449,0.9563192048,8.8,9.0,1.0100135719,0.2407652435,1.5855034190000001,-0.5751379097,-1.2598709842414024,-0.015924591800000002,0.0277777778,-3.4281622965,-1.4047439198,-0.38626983670000004,3.7747115654,2.5718188291,0.2031616101,1.6140232835,-0.4555127144,0.2857142857,2.0429230726,187.0,0.0331595576,-0.6040336065,3.0,0.6449146986000001,0.0012238443,0.8532485962,0.0024039283,0.3611111111,0.0740740741,-0.6345425046000001,-572.5,0.25,0.9627351775,0.5156894173000001,1.9636850508,-86.0,0.33333333330000003,-0.5704753217,260.8333333333,2.7782632898,0.3359965777,1.2345341024,21.0,73.0,4.362736938165,0.4171666935,8.0,0.6671969234,0.49319199542300013,2.1919576174,0.41157504510000004,2.8896667947,0.4404660843,1.4943456684,19.0,0.1035714286,-2.0444500069,49.0,0.0168111222,0.1052631579,0.0,99.0,140.0,18.0,1.7200984796,0.3683846712,1.2144058008,-0.08899928230000001,4.6,4.6,267.0,3.9338468753,0.35648267440000003,0.568391879710374,238.9583333333,0.55,4.3245094536,0.37610746030000003,2.5569466472,0.0025649078000000002,0.0857142857,-27.25,-69.4303571429,1.0,2.5055074899000003,0.4449968586,1.3552894406,-1.2634901733000001,-0.203231244,0.2642565322,0.8308301981,0.01623638,2.0057799576,-0.1528835932,0.0542072169,2299.1787878788,7.0,7.0,3016.4166666667,0.1909838103,0.26743200840000003
s052,1.2142467202,0.3613356941,1.5276702837,2.25,33.2105263158,0.36666666670000003,32.8888888889,0.4,-0.20009532570000002,-0.7244459624,4.6238264794,0.4192266644,3.4204620022,-1.0696108898,0.2698989726,-3.1979700268768663,-3.3408306509791332,-6.201525302626522,-3.9876711869417334,4.7769151248,0.2748889598,1.9475614469,0.5,0.33333333330000003,11.1666666667,0.2416666667,3.0,-0.0126666667,-2.3333333333,10.625,0.1838028169,2.0,-0.0032112676,-2.0281690141,-0.1669791024,0.1020408163,1.0846155782,8.4,6.6,2.9975315853,0.5025381214,2.0020054621,-0.41420009,-1.0781258566902385,-0.0233495068,0.0555555556,-3.247892882,-0.1498316902,0.3298219498,4.6604910377,2.8619398232,0.20390606790000002,2.2135102464,-0.9575666758,0.1428571429,4.0502743994,182.0,25.7627506452,0.3968411315,9.0,0.6929890633,0.0011382686,1.0,0.0014815205,0.5277777778,0.14814814810000002,-0.7828317614,-15.0,0.0714285714,1.9634212376,0.4895284622,2.591107495,-117.82,0.0,-0.6443244297,303.5,3.0857181063,0.3924784236,1.4479397529,0.0,42.0,9.238625001599999,0.5185730086,7.0,2.0617567511,0.5380213319,2.01971333,-0.2595598558,2.9263795314000003,0.5167569422,1.8202648704,59.0,0.1107142857,-1.0692845304,154.0,0.0703305649,0.0280701754,0.0,81.0,131.0,18.0,2.593950445,0.3466792962,1.8991945519,-0.466145717,5.6,5.3,298.5,5.1696503722,0.39767259730000004,0.6166143658118081,298.6666666667,0.5055555556,4.358531736,0.3735027775,2.4000513091,0.0068995727,0.0142857143,38.0,53.3780080214,0.0,2.8701248567,0.4061482189,1.5715117084,-1.6229552206,-0.7346633427,-0.1268119277,2.6092295018,0.3562032097,1.8476579899,-0.10913609690000001,0.44373505150000003,2860.4642857143,5.0,6.0,4033.8333333333,0.8707017709,0.3950088808
s053,1.1790485296,0.062949825,1.7249980206000002,1.9500000000000002,41.1764705882,0.4333333333,29.0454545455,0.2666666667,-0.1525223537,-1.4899771087,2.9019391268,0.40113044800000003,1.1983895767,-0.2549316788,0.5437517123,-1.5198179261179063,-2.712989606404315,-8.189276376843143,-7.039466044240635,5.9481666477,0.2965802307,1.8228379881,0.8333333333,0.0,5.125,0.2958333333,3.0,-0.008833333300000001,-1.7916666667,7.4583333333,0.059929078000000004,1.0,-0.0017304965000000002,-1.7659574467999999,-0.006006006,0.10416666670000001,0.9054054054,8.6,9.1,2.441590732,0.430323076,2.3750462042000002,-0.161146054,-4.407538635871427,0.0078282632,0.5,-2.8332018851000003,-1.0398195419,0.0,5.3201349372,5.0339106554,0.2006304251,2.686318199,-0.8893284577,0.11428571430000001,4.1867508355,229.0,7.6113128603,0.3752535483,7.0,0.7209641457,0.001192589,1.0,0.0016948245000000001,0.7222222222,0.5185185185,-0.8702733427,43.0,0.05,1.8179124966,0.3844500131,1.7538753639,94.0,0.1764705882,-0.1498673928,415.5,3.5882733794,0.31315572950000004,2.0570108419,60.5,82.0,-4.22556298,0.486137311,17.0,1.6266911303,0.6162204458,1.6015802259,-0.4541288961,3.3976048389,0.4539978021,1.7062401684,-5.0,0.1035714286,-1.8746395734,188.0,0.061877822400000004,-0.23684210530000002,0.0,96.0,158.0,22.0,2.9485267316,0.30072610650000003,1.1173524323,-1.3870440149,6.8,5.9,295.6666666667,4.0403040384,0.3963478959,0.5848335501924485,291.5,0.5277777778,3.4869570395,0.3472306744,1.8123579122,0.020382343600000002,0.021428571400000002,-33.3333333333,6.7207446809,1.0,2.5849448338,0.3628467979,1.8186147016,-1.1504973343,-0.7072694457,0.0489354321,1.5309214534,0.3718854432,1.4632451116,-0.5734769160000001,-0.720520316,1492.0525793651,9.0,8.0,3068.8333333333,0.8080582197,0.451788984
s054,1.1097129894,0.2163617061,1.5257772552,2.45,39.35,0.33333333330000003,35.55,0.33333333330000003,-0.345655143,-0.7874567402,2.4333182188,0.29196866860000004,1.7429897835000001,-1.2941870465,0.4227671233,-1.4621071576612361,-2.828825723158085,-7.648360591260777,-6.221947717650578,5.2419045357,0.2220107298,2.4561855408,1.0,0.0,8.7916666667,-0.0041666667,2.0,-0.007860000003000002,-4.0416666667,16.25,0.23515559290000002,3.0,-0.018432296,-3.105092772742001,-0.2009117812,0.2666666667,0.4700171959,8.5,6.4,2.4368914383,0.34350077160000003,2.0631248032,-0.8217966477,-2.831265984192834,-0.0135076532,0.0833333333,-2.8133204845,-0.9925661341,-0.5629734621,4.194188013,2.9717337129,0.010131748900000001,2.4568453156,-0.9575666758,0.1428571429,4.0502743994,167.0,7.6113128603,0.3752535483,7.0,0.7329763412,0.0017116344,0.8959960938,0.0023110259000000003,0.6944444444,0.14814814810000002,-1.1489160091,-72.0,0.0666666667,2.0133719535,0.5607592598,2.4043650885,-107.775,0.0,-0.0009338795,284.1666666667,3.4534211075,0.2891540083,1.562439165,12.5,114.5,13.4087040473,0.5904849483,16.0,1.485647626,0.4682409342,1.8196380095,-0.49298189210000004,2.8046707256000003,0.39273822540000003,1.8751640839000001,47.5,0.1079136691,-0.4268547822,129.0,0.0535935628,0.011351909200000001,0.6931471805599453,72.0,124.0,15.0,4.2150259912,0.26846319700000004,1.3953061827,0.0693635922,7.3,6.3,257.1666666667,2.273853237,0.38344012720000004,0.4066994206309475,348.0,0.4833333333,2.2764549174,0.299794435879,1.9489861964,0.0009750639000000001,0.1619047619,36.474999999999994,-37.6916221034,0.0,2.3790879262,0.3330391898,1.9561285687,-1.1067805815,-0.585905938,-0.6118822347,1.2248044265,0.3632909601,1.5363400887,-1.2984478022000001,-0.5216379001,1317.8390151515,27.0,6.0,3292.25,0.9006431862000001,0.1439153729
s055,0.7610402409,0.10853667430000001,2.0907951046,1.9500000000000002,18.0952380952,0.30000000000000004,26.5238095238,0.30000000000000004,-0.3065407505,-0.5500308655,2.5549822242999998,0.43973148300000003,1.71018231,-0.08859372700000001,0.2932089041,-2.1460204995733534,-2.8964759663257014,-6.468795822094139,-4.446815188133596,2.0517251381,0.2246589995,1.8414173594,1.0,0.0,12.8333333333,0.033333333300000004,0.0,-0.004,-0.25,16.5416666667,0.1608190091,3.0,-0.0088068756,-4.5644084934,-0.0899466382,0.12244897960000001,0.5267022412,8.8,8.0,1.5738275406,0.5561589410000001,1.8422002118,-1.2482084687000001,-2.1638091966024806,-0.0237608898,0.1111111111,-0.7248313741,-0.4879583588,-0.3341481062,2.9689949732,1.8231894236000001,0.0261200525,2.8808393112,-0.417322986,0.1428571429,2.9697870197,155.0,0.0331595576,-0.6040336065,3.0,0.5918187857,0.0005804246,0.5759108424,0.0011492327,0.5277777778,0.2592592593,-0.5651782904,-185.0,0.3636363636,1.1933450652,0.47563168580000004,1.9096326725,-177.0,0.25,-0.1599143623,422.5,2.2657129937000002,0.29745789110000004,1.4466237166,31.5,60.0,-10.2179974014,0.5034601346,2.0,1.2744801963999999,0.45895596390000004,2.0576423187,0.0816906189,2.5810699091,0.5591041284,1.7494639785000001,25.0,0.082437276,-1.4087252379000001,65.0,0.0216579416,-0.44117647060000004,0.4379960644431129,84.0,131.0,21.0,2.542649149,0.3108908734,2.032799895,0.109316254,6.0,6.5,290.0,3.1339312008,0.317688429833,0.5731974629637441,286.0,0.5388888889,3.3599878173,0.2443791823,3.0254532054,0.0053317327,0.019047619000000002,-16.6666666667,149.0825099171,0.0,3.933341144,0.38629857230000003,2.1950005197999998,-0.8028265166,-0.1455046974,-0.1422858783,1.3447398728,0.1384655686,2.711838857,0.0962936702,-0.2622130789,3467.14,4.0,2.0,4427.8333333333,0.5206628831,0.1896592937
s056,0.47285354230000004,0.2347231068,0.9529518358,1.4,33.8823529412,0.4333333333,33.3333333333,0.4,-0.281168807,-1.5626590751,3.1414119941,0.3758520655,2.0326857897,-0.49268257320000003,0.25058390410000003,-1.6331369047411433,-2.3774691833265025,-6.8760512066632815,-6.465470286122144,3.9879191155,0.2771274462,1.3247412049,0.5,0.33333333330000003,6.9583333333,0.1791666667,3.0,-0.0081666667,-1.375,6.9583333333,0.1140444894,3.0,-0.0077617796,-1.7861476239,0.6921011557,0.2173913043,-0.1746813334,9.1,4.2,2.5951222939000003,0.47133646240000004,1.7877580661999999,-0.42351788290000003,-2.589040901614739,-0.0237746113,0.1388888889,-0.9008692370000001,5.6906036221,0.4847229195,4.3506890982,2.2438741464,0.2379866207,1.325085085,-1.1195720593,0.22857142860000002,3.7262636324000002,168.0,0.0331595576,-0.6040336065,3.0,0.7169906616,0.0008441752,0.8781661987,0.0012184429,0.5833333333,0.33333333330000003,-1.0566614818,-6.5,0.2666666667,1.7712542582,0.375107919,1.3864491698,-77.0,0.11764705880000001,-1.0437740094,366.6666666667,2.5070288746,0.3065678679,1.8061451572,-2.0,198.0,4.354461447982998,0.5414815306,9.0,1.4039490821,0.48352143940000003,1.8006675613,-0.6096552626,2.5016943978,0.4591791523,1.6569381496000002,13.0,0.075,-1.6828772253,55.0,-0.0036786456,0.1333333333,0.0,90.0,118.0,17.0,2.5570667112,0.2858437862,1.1439185419,-2.078278607,5.3,4.3,308.1666666667,4.5868302856,0.3648020704,1.1249703163512437,316.75,0.5388888889,3.4211329206,0.3341591132,2.5400944331,0.0042394195,0.0285714286,6.8333333333,51.3670115196,1.0,2.2189767163,0.3550960237,1.6722033920000001,-1.2705867781,-0.4327665651,-0.2997797793,1.0427287364,0.3630134632,1.3413303387,-0.0229215693,-0.1368290966,2833.278043359616,-6.0,4.0,5254.8333333333,0.6312365674,0.6286651945
s057,0.57628157,0.2065338021,1.2449111095,1.2,13.76,0.1666666667,7.4545454545,0.2666666667,-0.4546542497,-1.3792567342,3.1305195578,0.3748256934,1.448559545,-0.0024524845,0.9540325342,-1.3820689137116657,-2.62803862415656,-10.327120704600015,-12.141690386600905,3.8136215142000003,0.263358062,1.7157289354,0.1666666667,0.5,8.5,1.942890293e-16,0.0,0.001,0.0,7.0,0.0,1.0,-2.5630539360000003e-16,2.7755575619999997e-16,0.1660237797,0.27659574470000003,0.9353974998000001,6.0,6.1,0.8385133188,0.5021662916,1.4546459581,-0.5394072245,-3.869743901807159,0.0103877553,0.4166666667,-0.0980298347,0.645456789,0.0629924516,2.9422561855,1.8337557865,0.2411477811,1.8799371158,-0.4884848921,0.0857142857,3.7122256308,160.0,59.8991114415,0.8568707964000001,6.0,0.655373764,0.0010151633,0.7432720661000001,0.0014194071,0.5555555556,0.37037037040000004,-1.4628995178,-195.0,0.4,1.6684059558,0.4868153182,1.3656390418,-52.0,0.1052631579,-0.1971471846,349.80833333333294,2.8275824923899995,0.31738227095500005,1.451444083916001,22.13,57.14,0.6848788654699999,0.6788671475,4.0,1.4875709301,0.48010771,1.6595084673,-0.08390718900000001,3.0286092563,0.41299925740000004,1.3601198402999999,21.0,0.08214285710000001,-2.5679505341,131.0,0.0684909631,-0.053921568600000004,1.0986122886681098,86.0,142.0,16.0,3.2440538001,0.3170185008,1.6818612553,-0.17740505850000002,5.1,3.9,330.306666666664,3.1560129981659997,0.3358052331489999,0.4543298508324087,296.885833333329,0.5224444444459997,2.7680553858859995,0.32662617547100004,1.5832071660949998,0.006845081112000001,0.06300000000099998,24.166666666668995,38.16531716495499,2.0,1.987959369,0.3418823287,1.644774268,-0.9841210792,-0.16742797031500015,-0.21738645054500008,1.1169385957100002,0.22062134575399997,1.8225074986119998,-0.4305090729150001,-0.2582456397459999,2648.375,7.0,7.0,4481.25,0.6596517409,0.2300892064
s058,0.9263141572,0.2356935524,1.679113896,2.0,37.875,0.4666666667,20.0,0.4666666667,-0.7580991214,-0.9523010444000001,4.6309014377,0.34584587310000003,2.3257510546,-0.8242595846,0.5422148973,-1.51826532795652,-1.6964088171518346,-8.282300531979544,-7.030929634219453,4.0031555029,0.2286315736,1.4618342536,1.0,0.0,3.2916666667,0.0625,3.0,-0.0048333333,-2.375,5.5833333333,0.0707931404,2.0,-0.0027138264,-3.8215434084,0.4376951629,0.25,0.6754256761,7.9,7.4,2.2017001597,0.3952045643,2.4877699736,-0.6088880113,-5.728794883125825,0.0027942536000000002,0.8055555556,-2.628983556,-1.1424467761,0.0,5.3201349372,3.6293681646,0.22378207760000002,1.7149095398,-0.5402436899,0.0285714286,4.8849203713,261.0,1.2928725743,0.0438060331,4.0,0.6915802002,0.0007784829,1.0,0.0019190258,0.6111111111,0.7407407407000001,-1.1736700952999999,-57.0,0.1,2.5006948788,0.37873472900000005,1.5674023657,35.0,0.0,-1.0003863333,322.1666666667,3.0312734227,0.316506304,1.3201118412000001,36.0,45.5,9.0920910477,0.4173725266,16.0,1.9101645340000002,0.5216667929000001,2.2414141636,-0.3649297044,3.246386427727,0.3342937637,2.9185461042,-34.5,0.0785714286,-1.0563743944,130.0,0.06431505130000001,0.033333333300000004,0.0,90.0,133.0,19.0,3.6189748625,0.29084281700000003,1.0074788279,-1.6739245684,6.9,6.0,241.6666666667,3.1895311399,0.3432248342,1.0007307376640036,258.6666666667,0.5277777778,3.7173643342,0.2671870342,1.8913026172,0.0107431161,0.021428571400000002,16.6666666667,2.3636518191,1.0,2.7317113351,0.31402843820000004,2.0090481119,-1.0437841826,-0.627486536,-0.3899662193,2.019879484,0.2583050019,1.9375564507,-1.0004243945,-0.8947238713000001,1575.0787878788,5.0,8.0,3331.1666666667,0.16313067820000002,0.5136138508
s059,1.253222668,0.3614418437,1.4736524248,2.3,31.0,0.1666666667,25.2941176471,0.4333333333,-0.8320842982000001,-0.0015304628,4.3204875361,0.4668607005,1.7175450463000002,-0.9385232486,0.048349315100000005,-2.4830316966117723,-2.630341342407911,-7.02971004276316,-5.792365063534826,4.6741216053,0.2789943398,1.4574628104,0.8333333333,0.1666666667,11.0416666667,0.23750000000000002,3.0,-0.0135,-4.2083333333,20.9583333333,0.41143986330000004,3.0,-0.010219611200000001,-3.0222174749,0.0281267247,0.1632653061,0.8109338496,7.5,7.5,2.3915968884,0.48148028600000004,2.1553831282,0.1322919656,-3.8097416896441034,0.0218260976,0.2777777778,-1.8244812144,0.1240147426,0.1910395678,4.9380558016,3.0524978648,0.0029659398,2.9125049524,-1.327315884,0.3714285714,3.310775983,193.0,2.3916188301,0.3492235958,5.0,0.626941967,0.0009940696,1.0,0.0017338730000000001,0.5555555556,0.4444444444,-0.5284139627000001,-367.0,0.058823529400000005,2.193369527,0.47081663760000003,1.8754337513000001,-428.0,0.0,-1.0443950948,378.5,2.9331078351,0.3245130556,1.3824798504,17.5,37.5,9.5243469234,0.46969763000000003,12.0,1.7526145169,0.48155576840000003,2.0344802205,-0.4805634876,3.6847925841,0.42539413540000004,1.710690461,-32.0,0.082437276,-2.341081434,175.0,0.0755703763,-0.33333333330000003,0.0,95.0,153.0,21.0,2.7922513786,0.2426813241,1.5837886395,-0.7210446755000001,6.0,6.3,261.6666666667,4.7564839183,0.4169001296,0.8671124837879004,317.0833333333,0.5111111111000001,3.29516981,0.3239795012,1.4897712162,0.0185029556,0.0404761905,9.5,57.3214877278,0.0,3.1636399204,0.4162505749,1.8848275534,-0.8367010760000001,-0.1154773885,0.4209182808,0.9444081829000001,0.3379306624,1.479330022,-0.21834530740000002,-0.4952322019,1540.096969697,4.0,7.0,2112.8333333333,0.8458264865,0.3353086478
s060,1.6371544093,0.3694209985,1.4797532867,2.8,46.1904761905,0.30000000000000004,27.6315789474,0.36666666670000003,-0.5960437333,-1.0010199025,3.7132225475,0.3816014113,1.7674030904,-1.2015654054,0.1139229452,-2.799017087177046,-2.333962671536927,-5.584543885498634,-4.6854603717818115,5.1517824558,0.2995865884,1.2021458243,0.8333333333,0.1666666667,3.4166666667,0.0083333333,2.0,-0.0043333333000000005,-2.5,4.5833333333,0.028429181100000003,2.0,-0.005148547000000001,-2.9857752489,-0.0277628893,0.0204081633,0.7041259941,9.8,8.9,2.680021043,0.45724741490000004,1.6443570284,-0.1599956106,-3.351799830560946,0.0150582765,0.30555555560000003,-3.317363179,0.3375051758,0.1932209246,4.933693088,3.3675633137,0.2395876924,1.9343641337,-0.9575666758,0.1428571429,4.0502743994,227.0,10.925098711,0.2565783653,8.0,0.9780029297,0.000738817,1.0,0.0012268222,0.8333333333,0.40740740740000003,-0.6094719,252.0,0.1111111111,1.9211210021,0.3931179441,1.7571196494999999,-211.0,0.1,-0.5473648372000001,400.5,2.8898636548,0.3719430989,1.1859157686,19.0,9.0,19.9986676913,0.43134048620000004,17.0,2.3286284432,0.5517060161,1.2902218887,-0.2147316655,3.4234300812000003,0.41701008040000004,1.3843822641,33.0,0.1107142857,-2.215670642,169.0,0.0556777134,-0.28771929820000003,0.0,111.0,207.0,24.0,3.4943637695,0.3236655585,1.5438802993,-0.8743399995000001,7.7,7.0,347.3333333333,4.5728297742,0.3720415703,0.4485635328259501,258.5833333333,0.5222222222,4.5232886839,0.38753391540000004,1.8107186454000002,0.0110631097,0.019047619000000002,1.5,37.8985939908,1.0,3.5553113665,0.35870164050000003,1.3345671347999999,-0.9558905309,-0.5882600619,-0.49952303680000004,1.9504831033,0.38483565940000003,1.5079041342,-0.5475246069,0.0932693674,1940.3598484848,5.0,10.0,4188.5833333333,0.22110841320000002,0.18655844900000002
s062,1.0535994716000001,0.2906595544,1.4600270605,1.85,27.68,0.1666666667,27.0,0.33333333330000003,-0.1314023803,-0.3846180442,2.9059374914,0.3726022799990001,3.4898483219,-0.24093722320000002,0.2187517123,-1.9879118487374836,-2.652506960369021,-7.087078016731981,-6.64786245061386,2.5493922767,0.24152475880000002,1.641908747,1.0,0.0,5.0416666667,0.1125,3.0,-0.0055000000000000005,-3.2083333333,4.2916666667,0.0437513421,3.0,-0.001972944,-0.8563452867,0.0113237105,0.2244897959,0.8841008293,7.9,10.2,1.7419271293,0.46828665900000005,2.081378964,-0.39059785280000003,-3.586164517315795,0.0193952568,0.2777777778,-2.1879087341,-1.6183148472000002,0.1910395678,4.9380558016,3.1580693927,0.3578577026,2.0871625511,-1.1652624446,0.2571428571,3.6348828618,232.0,25.7627506452,0.3968411315,9.0,0.6622526646,0.0005414485,0.98203125,0.0006970711,0.5833333333,0.5185185185,-0.9089617099,267.0,0.125,1.7451263935,0.4249239494,2.0766580438,39.0,0.1111111111,-0.0524590372,266.3333333333,3.1770658202,0.342728802,1.2505134843,33.0,-14.5,10.2295124979,0.42837922040000004,11.0,0.5396427046,0.5827593737,1.8664960526,-0.1800523708,3.1308344832,0.39373462070000004,1.8625207497,-21.0,0.09712230220000001,-2.565159806,122.0,0.0546069472,0.11754385960000001,0.0,98.0,171.0,20.0,3.0216186108,0.2866182855,1.3601825591,-0.18659489780000002,5.2,4.7,282.5,3.4700251621,0.3259930010039999,1.2434132361085422,239.4166666667,0.5166666667,2.4613290795,0.3559310636,1.2449262284,0.016828715,0.07619047620000001,-30.8333333333,57.1224079359,1.0,2.5606673229,0.369756925,2.2892060863,-1.2796629673,-0.6866813061,-0.0899885802,1.19967299,0.0918823174,2.2452068418,-0.6465846277,-0.24335908250000002,3714.2604166667,5.0,4.0,4417.75,0.15076885110000002,0.36121579530000003
s063,2.067838693,0.30742436440000004,1.1659823116,3.25,35.5217391304,0.2333333333,35.2941176471,0.4333333333,-1.0332346359,-0.1780496543,5.3076944931,0.41954941160000003,2.0927428086,-0.7401591042,0.060059931500000004,-2.9526170193649004,-3.3966444062030576,-6.768511911000705,-3.382551499608451,6.1257431197,0.2891456531,1.6535520498,0.1666666667,0.33333333330000003,15.1666666667,0.1333333333,2.0,-0.0026666667,-3.1666666667,11.1666666667,-0.0321558944,1.0,-0.0016212154,-3.7198840455,-0.23120446860000002,0.1836734694,0.7315660081,9.7,8.7,2.1209624204,0.4188222816,1.982172191,-0.43510634460000003,-1.5411747018849569,-0.014399648400000001,0.0,-2.582262481,0.29431433830000003,0.0,5.3201349372,2.2812220709,0.016462117000000002,2.2330089678,-0.7020170633,0.22857142860000002,2.8911536404,220.0,7.6113128603,0.3752535483,7.0,0.6812107086,0.0011611484,0.8674608231000001,0.0011635514,0.6111111111,0.18518518520000002,-1.2366815559,18.0,0.2,1.8046327173,0.5290181024,1.9262046434000002,-49.0,0.1,0.0699720659,347.5,3.5776379570000003,0.3283305127,1.5451378212,14.5,2.0,-2.3742703251,0.48883242470000005,5.0,1.9607895369000001,0.4180916878,1.9981383032000002,-0.41957242920000004,2.5243299877,0.40869539380000003,1.4691832482,-50.5,0.10394265230000001,-1.1803286465,138.0,0.0276097124,0.2157894737,0.0,96.0,139.0,18.0,2.6923023108,0.2807851158,1.1148045096,-0.9475847204000001,6.2,5.0,342.3333333333,3.2137695504,0.41453023980000003,0.20308210087661027,304.5833333333,0.5222222222,3.3679495905,0.3680971235,1.4260297509,0.0120779657,0.0357142857,32.8333333333,22.0254161044,1.0,3.5621625163,0.3433212646,1.859584407,-0.7242557664,-0.0059359067,-0.0924045098,1.5831509002000002,0.337794517,1.5500993046,0.0118086695,0.0967528763,2115.5138888889,0.0,12.0,5250.6666666667,0.2140035744,0.2998939556
s064,0.8926580021,0.29228799450000004,0.8641621239,1.25,32.6666666667,0.2,22.6315789474,0.36666666670000003,-1.0400203684,-0.8749081175000001,2.8265870757,0.34645804700000005,1.5391468862000002,-0.3912078695,0.034885274,-3.346626500933812,-3.432274629579048,-6.847827158806798,-4.792061712343163,2.9877584935769987,0.25881900169799993,1.761249153482,0.33333333330000003,0.1666666667,21.5833333333,0.058333333300000005,0.0,-0.005,0.1666666667,11.375,-0.24859402460000002,1.0,0.0018646749,-0.8791739895,-0.12212389380000001,0.0204081633,0.7026548673,7.5,6.6,2.155190724,0.2617355898,2.2785777033,-0.28063402590000003,-2.6247032144396707,0.0001841414,0.0555555556,-1.4477423345,-0.6662013905,-0.9583859176,2.084075303,1.4844636799,0.2407579822,1.167085308,-0.7950449907,0.3142857143,2.5575670875,109.0,7.6113128603,0.3752535483,7.0,0.567275238,0.0016614206,0.6910136223000001,0.0018241439000000002,0.5833333333,0.0740740741,-1.0729733094,-85.5,0.1333333333,2.0893002819,0.42028832590000004,1.9817664185,-120.52,0.0,-0.1894374071,311.6666666667,2.2984817763,0.26553546,1.9306874172000001,0.0,119.5,3.4289558875350004,0.28953874090000004,5.0,0.9955685767,0.26824206640000003,2.3657786048,-0.9259189049000001,1.799455059,0.4114331254,1.7766407451,-40.0,0.0974729242,-0.8704445647,95.0,0.012715873400000001,0.0412796698,0.6931471805599453,82.0,120.0,23.0,2.5841317009,0.2064585358,2.2774747432,-0.5982432132000001,4.9,5.8,296.5,2.6684671422,0.3451589796,0.6255857724866296,268.0833333333,0.5055555556,2.5434206696,0.3363168536,1.6593693944,0.0042881019,0.0476190476,-23.5,123.4480818414,2.0,2.4657548076999998,0.32197799120000004,1.7758161784,-1.8262330172999999,-0.5680647896000001,-0.1085141862,0.6220227211,0.0229096199,2.220566635,0.10543939520000001,-0.4487885746,2169.9305555556,18.0,7.0,2676.5833333333,0.1642358516,0.2151592683
s065,0.6491352937,0.0210741931,1.6821982390999999,1.55,38.4444444444,0.1,17.8,0.33333333330000003,-0.5901520245,-1.2913746610999999,2.573382048,0.32195122870000004,2.07548097,-0.4825705125,0.7506181507,-1.6108356574545246,-2.077306835387478,-9.618541720177229,-12.437248368541647,2.5551892937,0.2083199393,1.7642293257000001,1.0,0.0,10.5416666667,-0.07083333330000001,1.0,-0.0028333333,-4.2083333333,8.75,0.0655860349,1.0,-0.0016242727,-5.0727348296,-0.0135866224,0.0408163265,0.49848354440000003,6.6,5.6,0.4923286102,0.3882060495579999,2.1947708058,-0.030556412800000002,-1.5394230686054906,-0.012689420100000001,0.0,-1.8851124857000001,0.0787096939,0.8463229513,3.6274890347,1.1183939321,0.1777800482,1.7979649727,-1.2989724053,0.6000000000000001,2.0912506043,111.0,46.0626954627,0.8291899447000001,10.0,0.7056082726,0.0023534207,0.6159029007,0.0019315088,0.6388888889000001,0.33333333330000003,-1.1252314014,85.5,0.5,1.2049286111,0.30607909980000003,1.7511917099,-51.5,0.1764705882,-0.7111954764,355.600000000005,2.3437956262930015,0.295651929174,1.453582143294,24.835,60.56,1.4799207702989998,0.3348619968,4.0,0.6219285879,0.4776326259,2.2741896386000002,0.10968128340000001,1.7730993292,0.3769780726,1.779956421,14.5,0.0774907749,-1.3102233672999999,88.0,-0.0142098881,0.0578947368,0.0,98.0,141.0,14.0,2.3680718325,0.2849902109,1.4585661342,-0.6562434646,7.4,7.3,335.0466666666619,2.305694332271999,0.307416082982,0.41003245485303663,297.75,0.5382222222259996,1.1419232126,0.2184952518,1.3119202452,0.005661726000000001,0.10976190476000003,45.1666666667,-11.6912216083,1.0,1.0876651195,0.3452164667,1.7295816114,-1.4499806628,-0.181634845104,-0.21087587736300006,0.9287599759829999,0.14251015100399994,1.9248965602979995,-0.42969022694500025,-0.34206116650199997,1512.2,27.0,5.0,1500.0833333333,0.4214680764,0.4849509644
s066,0.7269534371,0.20032565770000002,1.4039806831,1.7000000000000002,31.3636363636,0.2666666667,21.8571428571,0.30000000000000004,0.23216378880000002,-0.6677671176000001,4.2049534776,0.3731122645,2.2639392206,-0.7521147825000001,0.7242166096,-0.2033157430850724,-2.1270645792865257,-10.245541337055247,-10.200420280670846,2.7522704004,0.2530130829,1.7587693770000001,0.0,0.38499999999999984,8.4166666667,0.033333333300000004,1.0,0.0003333333,-1.3333333333000001,7.875,0.0949570815,2.0,-0.0053716738,-3.4667381973999998,-0.35858785670000004,0.1836734694,0.724714163,7.6,5.3,1.8953510311000001,0.4620735999,2.7596344826,-0.6579206789,-3.053147443176414,-0.016198159400000002,0.1944444444,-0.2442379426,-0.7137037006,-0.5542288687,2.8827508555,2.1975209975,0.2720162114,1.6502329799000002,-0.9575666758,0.1428571429,4.0502743994,125.0,10.925098711,0.2565783653,8.0,0.6908766270000001,0.0009390258000000001,0.7303400040000001,0.0010499531,0.6111111111,0.37037037040000004,-0.5443054999,-58.98,0.0,1.8280161371,0.3772355979,2.3014300419,339.5,0.11764705880000001,-0.4334635559,353.6666666667,2.9606501579,0.4142419778,1.2827963698,45.0,51.5,-8.0451334885,0.6420575256000001,7.0,1.4114859735,0.6055053098000001,2.1103994583,-0.22922820870000002,3.0657383143,0.4552732446,1.7324624189,-10.0,0.0931899642,-2.5000880073,168.0,0.024132676800000002,0.1671826625,0.6931471805599453,58.0,151.0,22.0,3.0114845014,0.2616023686,2.0816638842,-0.3188131476,5.3,5.0,331.3333333333,3.2466521282,0.32102571080000003,0.5564775106907205,356.0833333333,0.4833333333,2.5693336549,0.1812340644,2.706579152,0.00037160160000000004,0.05,-78.5,15.6900163918,0.0,2.3006392976,0.3132733768,2.8659435963,-1.2897838344,0.045192219900000004,-0.0027276525000000003,0.7761445062,0.0384712724,2.1990311161,-0.5338340591,-0.26406325280000004,2316.1203703704,11.0,7.0,3143.0,0.8393306151000001,0.14297887080000002
s067,1.318893128,0.27309907440000003,1.1379891391,1.85,38.4615384615,0.1333333333,14.0,0.1666666667,0.055746672100000005,-1.0299741382,3.1202367382,0.4579797105,1.4486431991,-0.6312034218,0.0565282534,-3.445557305404849,-2.506228237921312,-7.015553660929311,-5.118647969239691,5.3929078864,0.2820050068,1.4885828079879997,0.5,0.5,20.5416666667,0.1708333333,2.0,-0.005143333336000002,-2.554583333337,13.4583333333,-0.0554964539,0.0,-0.0006382979,-0.30496453900000003,0.1077581742,0.24489795920000001,0.9960161373,8.1,6.6,2.337341436,0.3977252831,1.8917008640000001,-0.6549039670000001,-3.3085239595956426,-0.0150429415,0.1666666667,-1.7035412670999999,-0.014136977200000001,-0.3719338943,3.8121088774,3.0625787542,0.3101203584,1.417482422,-1.1652624446,0.2571428571,3.6348828618,208.0,2.3916188301,0.3492235958,5.0,0.627104187,0.0016870720000000002,0.6926700592,0.0013358905000000001,0.6944444444,0.1111111111,-1.1199819212,87.0,0.125,2.0003654916,0.5372436355,1.7079672966000001,-352.5,0.0526315789,-0.2335086002,334.2833333333401,3.1113669518609997,0.31892106903099987,1.5351037807630004,21.745,60.77,-1.5550468572,0.40051247560000003,13.0,2.0002446511,0.5193913269,1.8013526470999999,0.3670015274,4.0377894182,0.47965221150000004,1.4098808198000001,-60.0,0.08214285710000001,-2.7260290862,91.0,0.0372436523,-0.1456140351,0.0,107.0,158.0,23.0,3.24921753,0.3306630036,1.2961856059,-1.1682051911,6.5,6.9,313.0,5.2689604087,0.30950470080000003,0.5090097363332614,288.58666666667204,0.5183333333399998,3.4431258958509994,0.3290023185590001,1.7378649731360003,0.011576805769000005,0.035785714279,15.092500000005998,31.069086652027014,0.0,3.2311984027,0.3497860508,2.5849284941,-0.40337568490000003,-0.0413209832,-0.36518201100000003,2.1617673746,0.3718466909,1.6207436477,0.32686311030000004,0.8748858929000001,2201.08125,12.0,5.0,3866.8333333333,0.8105718510000001,0.1621876803
s068,0.3683275252,0.07330388,1.5231601449,1.45,43.2727272727,0.2666666667,22.125,0.4666666667,-0.2434785798,-0.42095497470000004,3.0428822143,0.3519717384,3.0767784406,-0.8213539469000001,0.12024315070000001,-2.9653425894059735,-3.169148395307329,-6.243737726272242,-4.657086874645478,2.9135486287,0.2663683967,1.5148658604,0.6666666667000001,0.1666666667,10.1666666667,0.19166666670000002,2.0,-0.011,-0.6666666667000001,17.0,-0.0339948231,1.0,-0.0031345988,-4.5036669543,-0.025734034000000003,0.12244897960000001,0.3451388096,6.9,7.0,1.5389225691,0.5950272483,2.2112538036,-0.4350280224,-4.179675686100969,-0.0098558788,0.9722222222,-1.0177528126,-0.44792161760000004,-0.45093584680000004,2.2508511939,1.7334260675,0.2298872143,1.2719347362,-0.41348168350000003,0.0285714286,4.6313963585,118.0,0.18838990660000002,0.2242450394,5.0,0.6647562981,0.0017439266,1.0,0.001661153,0.33333333330000003,1.0,-0.48061368530000004,163.0,0.2222222222,1.7290541236,0.33903879470000003,1.9545711328,-432.0,0.058823529400000005,-0.5918503288,369.8333333333,2.6097823242000002,0.34726427930000003,1.3613141693,29.5,124.5,17.172652012,0.3291213821,6.0,1.3372496344,0.5740521931,1.9208983846009997,-0.0818896065,2.1996682535,0.47856823410000005,1.6901848851999999,28.0,0.0896057348,-0.549931775,167.0,0.1014878371,-0.08394220846099998,1.0986122886681098,64.0,130.0,19.84,3.0419830881,0.32491872580000003,1.1845649208,-1.5699745643,4.9,4.5,389.1666666667,1.4037665948,0.256236883,0.3363523095016719,254.25,0.5111111111000001,2.7916853998,0.325371464,1.3761331208,0.0083194264,0.0523809524,-4.1666666667,68.4285415359,0.0,3.4880498396,0.3130214116,2.5252931372000003,-1.6923927976000002,0.37467181860000004,0.0335953544,0.6523593428000001,0.21110466120000002,1.5581208547,-0.6441204684,-0.8950542669,1866.6,17.0,2.0,3415.0,0.1553160311,0.35549217800000005
s069,0.5989942009,0.0255990279,1.3671945253,1.6,39.9565217391,0.2333333333,15.1304347826,0.2333333333,0.1921779761,-0.4497376636,1.4434181563,0.35806798479699997,2.3155504001000002,-0.1149245976,0.3006506849,-1.9699853153873643,-1.9637428684427554,-6.895843148507781,-5.3040343574426,2.04153489,0.2548378786,1.5886227765,0.1666666667,0.0,17.4166666667,-0.033333333300000004,1.0,0.0003333333,-1.1666666667,12.9166666667,-0.053690476200000004,1.0,-0.0015190476000000001,-1.4869047619,0.3679389313,0.3125,0.8496183206,6.0,5.9,2.0777607193,0.3920225990210001,2.5868382182,-0.0520839068,-3.5782142842455436,0.0164917734,0.2777777778,-1.1955308445,-0.8420439218,-0.4685646238,1.9419336943,1.1870402217,0.1844040221,2.0290034279,-0.6936350883,0.2857142857,2.5191678205,155.0,1.2928725743,0.0438060331,4.0,0.6413580894,0.0015895431000000002,0.7024108887,0.0020139738,0.33333333330000003,0.2592592593,-1.5072651849,-9.0,0.42833875336500005,0.5697539231000001,0.2609472232,1.6983734976,104.5,0.4117647059,-0.3705431113,351.7100000000041,2.4502657778750008,0.31269369608399994,1.474051994151,27.18,50.385,-10.1037052696,0.4011606727,2.0,0.7289600447,0.5311153938000001,2.0791942485,0.22006731140000002,1.773388394,0.38220844470000004,1.9301062739,64.0,0.11194029850000001,-0.380367155,98.03,0.028364544959000003,0.009482198144,0.46637862201068425,93.32,141.41,19.92,3.0267775689,0.2809878946,1.2205057617,-1.5736586506,6.6,5.0,343.4349999999949,1.1114914036,0.33072491259900016,0.74282433694973,307.1520833333371,0.5,1.697450133,0.3480483441,1.6886115835000002,-0.0017330135,0.1857142857,30.922499999994997,153.6669603524,0.0,2.7917346603,0.3919753534,1.5324290961,-1.452858304,-0.22132804552700008,-0.25694625426,0.9507520093490004,0.12141376095899999,1.8744589953469997,-0.3730008621149999,-0.21277886240300015,3368.2604166667,3.0,4.0,5179.5,0.6302721919000001,0.5011906947
s070,1.6032986382,0.1734404417,1.3696920539000002,1.85,40.5,0.4666666667,32.0625,0.4666666667,-0.0804867295,-0.3989056796,3.3137430507,0.39407801540000004,1.9441506209,0.0920555462,0.21937842470000002,-2.32210659564946,-3.365803792228606,-7.002173546658364,-5.33238731171145,3.4321558578999998,0.3010122259,1.1346208904,0.8333333333,0.1666666667,3.2916666667,0.1708333333,3.0,-0.009166666700000001,-3.125,7.4583333333,0.4044096728,3.0,-0.006956296517,-3.0590327169,0.4111737527,0.3469387755,1.0733966343,8.4,6.4,2.6390532822,0.4187844558,1.663730092,0.2246727769,-6.297856238007804,0.002583438,0.8055555556,-2.7614495545,0.5984970922,-0.2331515124,3.5345441135,2.9341914971,0.2672170686,1.3350193662,-1.327315884,0.3714285714,3.310775983,191.0,25.7627506452,0.3968411315,9.0,0.5480712891,0.00034081380000000003,1.0,0.0020335069,0.5555555556,0.2962962963,-0.9148771929,-202.5,0.125,2.0204346474,0.44346991960000004,1.3083474723,-138.5,0.0526315789,-0.8687196673,353.3483333333411,2.7009392723109995,0.32248973568700007,1.4038760471879994,23.345,60.745,-5.3946111159,0.3912996942,17.0,1.7214931704,0.5334622727,1.4739814154,0.5943473101,2.6191602262,0.3452284342,1.2230229386,41.0,0.064516129,-0.9686404668,101.0,0.0025493238,0.1614035088,0.0,140.0,195.0,25.0,2.7054355283,0.3206234194,1.1365568379,-1.0169664278,7.3,6.3,404.3333333333,3.5455383034,0.3601227381,0.13126053595513054,311.4166666667,0.5444444444000001,2.2732314492,0.36266076810000003,1.0160232825,0.0024109796,0.1095238095,88.5,95.8710303458,2.0,2.9507172146,0.4917485911,1.737375567,-0.7913308881000001,-0.6509855054,-0.6462570341,1.4485171108000001,0.3580500082,1.4810910416,-0.2956364024,-0.13414843640000002,1959.8178451178,29.0,5.0,2992.1666666667,0.1814125786,0.19693736650000002
s071,0.6921103859000001,0.046247912,1.9901257598000002,1.75,37.8636363636,0.2666666667,18.7058823529,0.4333333333,-0.7856789343,-1.4574092878,2.7542782404,0.4152449532,1.5350485218,-0.2829909836,0.22938099320000002,-2.010222211889835,-2.2320021617890027,-6.8435477188561205,-4.462646903103526,3.659619939,0.2142060646,2.2456248362,0.33333333330000003,0.5,12.9583333333,0.1875,3.0,-0.0191666667,-1.2916666667,5.4166666667,0.0196808511,1.0,-0.010212766,0.3031914894,-0.32875019310000003,0.2653061224,0.36165611000000003,6.8,6.0,1.1560010056,0.2879460997,2.1519562433,-0.6973033343,-3.3683831762331966,-0.0237971252,0.1944444444,-0.6369312142,-0.7014586273,-0.9342144304000001,3.4517060764,1.9158534948,0.131262754,2.2109073949,-0.8005189753,0.22857142860000002,3.0881574643,124.0,7.6113128603,0.3752535483,7.0,0.6083211422,0.0010713031,0.7305832386000001,0.0014346767,0.5202777777780003,0.33333333330000003,-0.5333205165,-66.29,0.0909090909,1.6427734834,0.43983969661100025,2.067143628225,-171.3,0.0,0.1183335244,323.5,3.2954981174,0.4288999143,1.9177560825,-11.0,87.0,5.2836560741,0.5839623781000001,7.0,0.5411076163,0.54202628757,2.3049504331,-0.3623512265,2.1775940504,0.4744681663,1.8262911565,-39.0,0.0875912409,-1.7045395479,126.0,0.0327238744,0.23774509800000002,1.0986122886681098,77.0,138.0,18.0,2.9204213642,0.2915083705,2.1337997618,-0.4223825948,5.1,6.0,317.0,2.2770625687,0.4307905359,0.6255231840752433,304.5833333333,0.5111111111000001,2.3079798647,0.355644291,1.6164998074999999,0.0058152402,0.0571428571,17.8333333333,34.767993714,0.0,2.9731099623,0.466117689,3.16977247,-0.2053556165,-0.30755172076700005,-0.17484636417099997,1.180545459466,0.214528434546,2.017692722051,-0.3543956790859999,-0.267970834564,2459.6407407407,2.0,7.0,4432.6666666667,0.4051994534,0.2617705316
s073,1.5297619242,0.28111990540000004,1.161083565,2.15,19.3103448276,0.033333333300000004,21.0869565217,0.2333333333,0.0875789071,-0.6544585230000001,5.063073061,0.4225445291,2.962106986,-0.1602714564,0.0523561644,-2.9653425894059735,-3.3182137958437985,-7.049041000479766,-4.657086874645478,2.8061461394,0.29321174440000003,1.7959166568,0.8333333333,0.0,7.7083333333,0.0291666667,2.0,0.00016666670000000001,-2.625,4.9166666667,0.1688884017,2.0,-0.002686253,-1.2785573339,0.4482626957,0.3265306122,0.040473463200000004,8.7,8.5,1.5095889456,0.4874466324,1.8975585312,-0.5247040859000001,-0.664763342493296,-0.023706692,0.0833333333,-1.1178415684,1.8269404416000001,0.1910395678,4.9380558016,3.3388797629,0.1900823852,2.7369681807,-1.2890129854999999,0.3428571429,3.38738178,172.0,25.7627506452,0.3968411315,9.0,0.8396728516,0.0011043362,1.0,0.0016035085,0.6944444444,0.40740740740000003,-1.3007987597000001,29.5,0.2142857143,1.7188660748,0.4337495128,1.6191583188,-291.0,0.1818181818,-0.5670033267,498.8333333333,2.5726680242,0.3421764706,1.5120047588,39.0,79.0,-10.2077599823,0.45413442190000003,14.0,1.9287812389,0.5092805556000001,2.0738260906,-0.323560852,2.5917509151,0.4695627214,1.8661055815,-26.0,0.09642857140000001,-2.0354459153,159.0,0.0826787794,-0.1263157895,0.0,96.0,165.0,19.0,2.1118005515,0.34777176330000004,1.5833647428000002,-0.004962008600000001,5.2,4.1,337.3633333333361,2.928620159381999,0.3536074317970001,0.5129377409690625,316.1666666667,0.5055555556,2.5712813195,0.3382332329,1.5551329844000001,0.012158828,0.054761904800000004,1.6666666667,74.4859378249,0.0,1.6583421456,0.39299877850000003,1.7031905429,-1.3942864431,-0.3663378291,0.7667739936,0.8655743186,0.407033976,1.4438744401,0.1165717832,-1.3615203666,2284.1125,15.0,5.0,2849.5,0.2625179127,0.4463952579
s074,1.3191205021,0.2216188329,2.0507205259,2.75,18.7931034483,0.033333333300000004,9.5652173913,0.2333333333,0.1840910398,-0.3892694709,3.9055600052,0.40311506020000004,1.9448930866,-1.8303849791,0.0904383562,-1.3093840568264097,-1.7250294300962241,-7.402342587995977,-5.967796654485779,5.3523631621,0.3113486972,1.4993291843,0.33333333330000003,0.33333333330000003,15.1666666667,6.834810495e-16,2.0,-0.0083333333,-3.8333333333,5.125,0.0946319018,2.0,-0.0062024540000000005,-2.1893076249,0.30391850260000003,0.4489795918,0.2198726437,7.9,5.5,2.3759416815,0.48431357,2.41904581,-0.7347351785,-1.343739015576873,-0.0159155326,0.1111111111,-0.9305422136,-0.11557796220000001,-0.33672694870000003,2.9741526582,2.8277357855,0.2931056777,1.5154097237,-0.8893284577,0.11428571430000001,4.1867508355,163.0,2.3916188301,0.3492235958,5.0,0.7710622787,0.0007989198,0.9262756348000001,0.0014568703,0.5555555556,0.5185185185,-0.9190585362,-196.0,0.4,1.3314047224,0.4348136246,1.5700909310000002,-17.5,0.1052631579,-0.5939214642,343.1666666667,2.7829396724,0.37374279190000004,1.2598839372000001,80.0,48.0,-6.682441892,0.556144704,11.0,2.0094343404,0.6274231373,1.9155732805,-0.11441977930000001,2.844121435,0.4801105666,1.6648017317,23.0,0.09191176470000001,-1.3456271133,131.0,0.0571668606,0.0157894737,0.0,89.0,141.0,14.0,4.2038369742,0.34741479810000003,1.5921697942000002,-1.207978313,5.7,5.0,316.6666666667,2.8901476183,0.4042436062,0.41390628485332626,259.4166666667,0.5277777778,3.9428176061,0.3825698186,1.3856009839,0.020213945,0.0238095238,6.8333333333,29.706748139,0.0,2.9594130438,0.4259998819,1.8197836957,-1.8303018717000001,-0.47984263250000003,-0.3216222642,1.8645486597,0.3725638826,1.9210395589,-0.1025902085,-0.2061278006,2539.5714285714,15.0,5.0,2452.25,0.8064890807,0.5589083608000001
s075,0.5030717934,0.18960884320000002,1.6090296303,1.1,15.4230769231,0.1333333333,14.8076923077,0.1333333333,0.7058218537000001,-1.5366394872,4.4894541168,0.4063770635,2.7980756133,-0.5602860601,0.111630137,-3.0128819156096767,-2.324029134734155,-6.1189957370066015,-4.761468550439809,4.0224553224,0.1913320162,2.6382715842,0.33333333330000003,0.33333333330000003,3.1666666667,-0.058333333300000005,1.0,-0.0013333333,-1.5833333333000001,7.5833333333,-0.0525480283,0.0,-0.0006268959,-0.0745197169,-0.5424528302,0.1836734694,0.5094339623,6.8,6.6,1.8638884834,0.4881338771399999,1.7087932860000001,-0.8300759081,-2.178710046527695,-0.020662209900000002,0.0277777778,-2.9273197712,-1.0427810372,-0.2938277132,1.9366349268,0.9909324877000001,0.2551189349,1.6405816112,-0.8075379761,0.0857142857,4.3503317988,156.0,25.7627506452,0.3968411315,9.0,0.5845738411,0.0006833668,0.9143220901,0.00074294,0.33333333330000003,0.2592592593,-1.8236132912,-80.0,0.5,1.2823355516000001,0.3471859586,1.8021218721999999,-306.0,0.13646845851699999,-0.46076217350000004,343.3933333333319,2.8563483904930003,0.3182470383149999,1.6776187200090005,25.05,65.665,-5.9890374674,0.7473913571,4.0,1.0031358729,0.619526268,1.9585047751,-0.5409542467,2.9198567562,0.490580864,2.919558059,-13.0,0.11428571430000001,-1.963255432,178.0,0.07606677390000001,-0.022807017500000002,0.0,84.0,174.0,25.0,2.9283727604000003,0.35520720440000003,1.5631982563,-0.3161020969,5.33,4.1,331.1666666667,2.2423815184,0.37021931610000003,0.34257985835510796,268.4166666667,0.5,3.4581926931,0.3417916888,1.8117255733,0.009277852100000001,0.0285714286,13.5,31.5281461833,0.0,3.3330546656,0.4217146195,2.8476313495000003,-1.7829292664,-0.0048881217,-0.3220293791,1.1948750603,0.34986846860000004,2.1231873268,-0.7535272229000001,0.2344246906,2846.187814616402,-10.0,4.0,4682.5833333333,0.8309781811,0.4461532509
s076,0.7333927072,0.1527735923,1.4086716176,1.3,44.8823529412,0.4333333333,21.7391304348,0.2333333333,-0.19333484010000002,-0.6223894646,4.0867648092,0.2740880241,3.1462014507,-0.5976084524,0.1357594178,-2.7790065332027036,-2.1613650124800685,-6.34454191295522,-4.908832902114542,3.190524948068,0.255703292342,1.7525823802389997,0.1666666667,0.5,12.8333333333,-0.09166666670000001,3.0,0.0043333333000000005,-1.0,23.375,0.0177966102,0.0,-0.0032109455,-0.7108433735,0.0379280755,0.2653061224,0.8663936344000001,6.3,5.1,1.0129914024,0.31092170610000003,1.6242428818999999,-0.4742405147,-1.9746580016404336,-0.0224837539,0.0555555556,-4.1024065351,-0.414633197,0.0,5.3201349372,2.6871527667,0.16130429300000002,1.9977265059,-0.8893284577,0.11428571430000001,4.1867508355,110.0,2.3916188301,0.3492235958,5.0,0.6160297632,0.0005562565,0.62964499,0.000609922,0.3611111111,0.1111111111,-0.9988100683000001,-182.0,0.1666666667,1.4273999641000001,0.2699693627,2.1536913369,-264.0,0.13636363640000002,-0.3661944413,374.5,3.0638626008,0.3243662076,1.8642258917,10.0,73.0,8.637970222,0.5926322806000001,5.0,1.2410470367,0.3679209974,1.9086723186999999,0.029197949400000003,2.5967268808640007,0.39873575049900006,2.0044811529729993,10.355,0.101200569053,-1.4147230651730007,75.0,0.0347609803,-0.0385964912,0.0,114.0,181.0,23.0,2.774636149,0.3011431438,1.8579600885,-0.5738139170000001,5.5,4.8,313.00333333333197,1.1162337462,0.313441394886,0.6392153613251781,308.125,0.5555555556,1.6817641407,0.17457453550000002,1.7943344502,0.0002133626,0.1714285714,29.378333333325994,29.3682692308,0.0,1.9437310485000001,0.20990157580000002,2.2436643066,-1.1411676927,-0.2011031014,0.0235998844,0.691843234,0.0444994295,2.0339325989,-0.5629126662,-1.0364614317,3696.2222222222,0.0,8.0,3733.4166666667,0.7146609636,0.3130941097
s077,0.7978309337,0.2940533602,1.3675074691,1.3,28.2173913043,0.2333333333,15.1904761905,0.30000000000000004,-0.9853348954000001,-1.0297260931,4.2664510996,0.3894231803,3.3208505832,-0.3241004349,0.9625017123,-0.39184847645590504,-3.388952453728432,-12.287629832782512,-11.721586890336036,1.4029879012,0.279654483642,2.2464850154000002,0.1666666667,0.1666666667,7.7916666667,0.08750000000000001,0.0,-0.0008333333,-0.875,9.9166666667,0.3037593985,2.0,-0.005804511300000001,-3.8872180451,-0.0050638485,0.125,0.36327608980000003,7.9,6.8,1.2264619918,0.4931064036,1.9531007116999999,-0.8870307331,-1.2515158362381877,-0.017843225900000002,0.0277777778,-1.206680245,-0.8346224095,-0.5493119221,2.8729169622,2.0191792997,0.3384846073,1.8289803792,-0.5841267693000001,0.2,2.8514960058,134.0,28.499142445824997,0.9997177981,9.0,0.6226371527,0.0013821127,0.7138161182,0.0015205993,0.33333333330000003,0.40740740740000003,-0.1253963565,-110.45,0.0,1.439666136,0.5280390956000001,2.1581790451,176.0,0.1333333333,-0.0140778317,339.74499999999796,2.667662445409001,0.33390627490999997,1.6661828265190002,26.46,69.65,3.490293627112,0.7868205371,2.0,0.9085382187000001,0.685073212,2.0472535275,0.1747487429,2.0134166356,0.5475959217,1.6352531046,-67.0,0.0755395683,-0.2020358088,132.0,0.0759612218,-0.1044117647,0.5270628778931254,134.0,189.0,17.0,2.6266742306,0.361126712,1.9981369259,-0.5255818307,4.9,5.1,199.1666666667,1.9911073504,0.2686141521,0.7171329136625529,302.25,0.4944444444,2.0919856299,0.3553896949,1.5951143538,0.0004254862,0.09285714290000001,-40.1666666667,21.0164912478,0.0,2.8500936772000003,0.4456650592,2.0312281975,-1.2612425427,-0.053644577400000004,-0.18852984050000002,0.7985036022,0.4150182107,1.3718915465000001,0.45131515720000004,-0.0637273253,2670.76084273031,-14.0,2.0,6252.6363636364,0.6059252931,0.3433716798
s078,0.6327706762,0.33178244090000003,1.7043345412000002,1.55,11.1111111111,0.1,10.3846153846,0.1333333333,0.2498204343,-0.8387205279000001,4.5309862276,0.4069407836,2.9299237747999998,-2.1617817663,0.6531181507,-0.6721466408513465,-2.3782722886958867,-8.880126247985459,-7.90533063522255,4.6846804054,0.31186235,1.790451822,0.6666666667000001,0.1666666667,10.7083333333,0.0125,1.0,0.00016666670000000001,-2.4008333333260006,7.5,-0.031294236600000004,2.0,-0.0024752275,-2.812942366,0.2090909091,0.0833333333,1.0878787879,7.9,6.0,1.7797954388,0.5483285395,1.9645081348,0.4869557521,-4.222669077050394,0.0092595345,0.4166666667,0.2201696622,-0.5399219293,-0.9092231175000001,3.5016887022,1.9471686791,0.2603000192,2.2150838899,-0.8893284577,0.11428571430000001,4.1867508355,164.0,10.925098711,0.2565783653,8.0,0.6793609619000001,0.0008059029,0.999609375,0.0010235798,0.47222222220000004,0.4444444444,-1.9362392688,-41.0,0.4615384615,1.6013328356,0.4586222151,1.2549019879,-339.0,0.1428571429,-0.7412152259,340.80333333333596,3.3167670456839993,0.33321099441100005,1.6647253925379997,22.795,75.86,-4.8869650121,0.614095972,6.0,1.7464593078,0.6234072133,2.6213225823,-0.0421198044,3.0668819961000002,0.5821314123,2.4305903109,-35.0,0.1035714286,-0.5981892008,77.0,0.031243687000000003,0.0192982456,0.0,98.0,128.0,21.0,3.9020002931,0.3662812044,1.869603646,-0.6799194068000001,4.3,4.849,329.3333333333,6.0777248334,0.3070272168,0.6757594557936782,292.9412500000051,0.5149444444439996,3.4907122384409996,0.34269412478199995,1.9360979302029997,0.010381801412000005,0.027809523807000004,25.546666666665992,33.797393001572,0.0,3.0062946138,0.47362222860000003,2.1402708521,-1.3688625074,-0.5789623249,-0.28629585150000003,1.8593326815000002,0.39524795890000003,1.9701471807000002,-0.4386159515,0.1151751332,4039.9111111111,16.0,4.0,4898.4166666667,0.8408815174000001,0.2611829867
s079,0.8478343879,0.25439449340000003,1.2297917713,1.3,44.1666666667,0.4,30.8823529412,0.4333333333,-0.4479163561,-0.9237868115000001,2.4655010403,0.4071979864,1.2771292516,0.1479447405,0.1481506849,-3.3579509326682366,-3.2440180251954946,-6.908353457734258,-5.162131702935618,1.6339637884,0.24741392704999995,1.9794520639000002,0.33333333330000003,0.5,7.5833333333,0.033333333300000004,0.0,-0.0063333333000000006,-0.9166666667000001,12.625,-0.0106313734,1.0,0.0006561076,-4.775764808,0.013267629900000001,0.1956521739,0.7109568383,6.3,4.1,1.2527887173619998,0.3972769952019998,1.8474632470449996,-0.775223616385,-0.6293134591103339,-0.0093746521,0.0555555556,-0.6702077335000001,-1.7674382687999999,-1.0495592466,1.2376638947,1.1880737353,0.0189436062,1.9512113759,-1.0638391651,0.4571428571,2.342947115,176.0,59.8991114415,0.8568707964000001,6.0,0.6233379364,0.0008156267,0.6652848482,0.0011917832000000001,0.6388888889000001,0.2222222222,-2.4029795033,-17.5,0.5625,0.676857209,0.36331807460000004,1.5247282387,-147.0,0.24175038586000006,-0.9693048282000001,484.6666666667,2.0562177388,0.3950903344,1.0858725787,33.5,42.0,-1.0301635399,0.5382453354,5.0,0.954399368,0.5000854488,2.0088424282,-1.4755933919,2.4251374531,0.2333249853,2.9238652954,-29.5,0.12,-0.6434004989000001,82.0,0.0433318726,-0.0020639835,0.6931471805599453,72.0,119.0,22.0,2.2846827388,0.2424241493,1.4133121616,-1.3553126315,3.5,4.3,349.243333333334,2.299244737834999,0.33493968127500007,0.49063918066796375,405.2083333333,0.5555555556,1.3094729439,0.19731993180000001,1.6492767984,-0.0001117802,0.104761904758,24.604166666662,80.0843296668,0.84,1.7289248697000001,0.21220939500000002,2.3886529714,-0.4635412217,-0.24790330652800008,-0.18332327149199998,0.845518022488,0.14087988280100006,1.9031262563009994,-0.40093220934600005,-0.27526636919300007,2879.1041666667,1.0,8.0,6065.6666666667,0.8324834853,0.2580581089
s080,1.0665622144,0.1647889855,1.5570530023,1.9,40.0,0.33333333330000003,26.1764705882,0.4333333333,-0.8477537336000001,-1.0191041355,2.9652237339000003,0.35777312310000003,1.7161075490000002,-0.6026356979,0.561994863,-2.5507391584864827,-3.436576170467249,-6.6021349631771695,-3.787987852827889,4.1813719318,0.283024005,1.4133690031000001,0.6666666667000001,0.33333333330000003,12.0833333333,6.314393453e-16,1.0,-0.0016666667,-2.0833333333,15.0833333333,0.0211206897,1.0,-0.0021551724,-1.4100985222,0.0765985138,0.2244897959,0.8779251858,8.8,5.9,2.7791721059,0.4386360226,2.2629259151,-0.14264785800000002,-1.0517995090927617,-0.023658369300000003,0.0277777778,-0.2604462448,0.3380767431,0.4286621889,4.4628105594,2.2626003568,0.2526870754,2.0706183035,-0.6807759697,0.0857142857,4.096807786,219.0,25.7627506452,0.3968411315,9.0,0.6593782425,0.0012768242,1.0,0.0016364165,0.6388888889000001,0.14814814810000002,-0.7567453074,-55.0,0.0,1.9877740365,0.4730520098,1.6254828139000002,-147.0,0.1428571429,0.0111084661,426.5,3.187906468633001,0.2603924817,2.3842607117,20.0,22.0,4.324924235353,0.6673964516,11.0,1.6255748362,0.46642085710000003,1.8802264618,-0.44210862640000004,3.1161340196,0.4250838723,1.8462984516,-28.0,0.0866425993,-2.0424138293,106.0,0.0549451268,0.0122807018,0.0,136.0,197.0,18.0,2.7772709464,0.3500489149,1.4334332722,-0.7455967309,5.7,6.2,339.3333333333,5.0078418832,0.2647865734,1.1545784112204613,382.6666666667,0.4833333333,4.022516594,0.3213852451,1.9697161858,0.0081227619,0.0238095238,19.6666666667,-13.7803428794,0.0,4.0981155876,0.4119378649,2.39555795,-0.7672761622000001,-0.49519327360000004,-0.27965762180000003,1.5684015148000001,0.2896635503,1.6413511103,0.0386448934,-0.5243777238,2506.4703703704,7.0,8.0,4785.5833333333,0.3240370956,0.2477906129
s081,0.6255768901000001,0.026997810900000002,1.6709864007,1.45,18.2608695652,0.2333333333,21.4,0.1666666667,-0.3589996535,-0.3233212695,3.7983374577999998,0.4099968504,2.1793636008,-0.765175114,0.34998030820000003,-1.9846171584009922,-2.885281992953402,-6.691238516410865,-5.142638495000788,4.7319548501,0.2157785167,2.6883688064999998,0.1666666667,0.6666666667000001,18.4583333333,0.1541666667,2.0,-0.0005,-4.4583333333,13.3333333333,-0.1423953135,2.0,-0.0008466045,-2.7019960946,-0.3502645151,0.0208333333,0.6167339037,8.4,7.1,2.1692720293,0.3154734723,2.3435834922,-0.0049442036000000005,-2.985264727964576,-0.0163106626,0.1666666667,-3.5116515906,-1.5354296494000002,0.1910395678,4.9380558016,2.8518366366,0.064657937,2.9045180706,-0.7625664513,0.11428571430000001,3.9332268227,161.0,4.755929149,0.1346114405,5.0,0.6649107456000001,0.0012160745,0.696820116,0.0009730052,0.7222222222,0.40740740740000003,-0.8716874354,102.0,0.1538461538,1.7084275463,0.3863591417,2.150649814,-145.905,0.0,-0.4090464735,275.6666666667,3.5152831585,0.19352094020000002,2.4873847447,30.5,142.5,30.6826401715,0.5669489555,15.0,1.6663753518000002,0.41274028830000004,2.2110097225,-0.1828031664,3.7427842288,0.37361129200000004,2.9255399527,87.0,0.08214285710000001,-1.6249600881,99.0,0.0339539565,0.5232198142,0.6931471805599453,112.0,153.0,17.0,2.7803973721,0.2940571456,1.3982990699,-0.3777299617,6.8,4.8,218.5,2.7939094448,0.3646550797,0.9255492389972162,270.25,0.5166666667,4.4807173253,0.2614856426,2.779863437,0.0112408204,0.0119047619,62.5,27.1684262854,2.0,2.5129236084,0.31620941140000003,2.3593042152,-0.7005483586,-0.2392105873,-0.7485714436,1.809735694,0.2595533116,2.1393508384,-0.6548220035,0.2846574774,2087.3796296296,5.0,8.0,3985.6666666667,0.1376936543,0.4717295298
s082,1.3798099683,0.10130253580000001,1.8047665203,2.45,31.4583333333,0.2,23.6818181818,0.2666666667,-0.2855379236,-1.1540035705,3.882380392,0.3181284797,2.0031633779,-0.6635113841,0.5887517123,-0.7713216288008033,-3.3209597505258928,-8.341249848920626,-6.475684981920284,5.9507091013,0.243360353,1.8861559730000002,0.6666666667000001,0.0,5.9583333333,0.0041666667,1.0,-0.0038333333,-2.7916666667000003,3.7083333333,0.0502525253,2.0,0.0010606061,-2.0858585859,-0.1223337112,0.061224489800000004,0.6323626457,8.3,7.3,2.9995829064,0.4016774066,2.4489494473,-0.6343432594,-3.6168716340222455,0.0219721578,0.2222222222,-0.1369872268,0.8862106203000001,0.0,5.3201349372,3.5337507609000003,0.0161254799,3.6648748997,-0.9575666758,0.1428571429,4.0502743994,233.0,7.6113128603,0.3752535483,7.0,0.8056304932,0.0018937548000000002,0.8680659294,0.0021259087,0.6388888889000001,0.48148148150000003,-0.3999473629,-149.0,0.0,1.8906655743,0.394424437,2.6549964294,-256.0,0.1111111111,-0.3994505745,267.3333333333,3.7076851476,0.3146941628,2.224187794,0.5,115.5,6.9779141275,0.6319495059,11.0,1.4440701677,0.4398113417,2.439482974,-0.4959879601,3.363423189,0.3653672978,2.5265474501,18.0,0.09642857140000001,-2.1799970244,104.0,0.026727515700000003,0.084623323,0.6931471805599453,125.0,179.0,16.0,3.9364074368,0.2846385334,1.5929269084,-1.0012043218,7.3,5.7,260.0,4.3651904302,0.3329989414,1.0593568558934428,232.5833333333,0.5222222222,3.8770048469000002,0.3208601195,1.8379713290000002,0.013442972000000001,0.0142857143,30.1666666667,43.849457246200004,0.0,3.1234112875,0.3986291893,1.8656064461000001,-0.6759412239,-0.6716213801,-0.6006388299000001,2.1812264470000002,0.24155157200000002,2.3414078171,0.1463815645,0.1224367377,2231.475,-1.0,9.0,6488.3333333333,0.6486152767000001,0.5123222555
s083,1.3467868716,0.3763798165,1.279301971,2.1,38.92,0.1666666667,17.3636363636,0.2666666667,0.09685789460000001,-0.8755136321520002,0.6980704866,0.2655203602,1.6273800263,-0.5548115119,0.5283441781,-2.8759117416701714,-2.180276544048819,-7.208350096573187,-4.66892776414103,4.6890987606,0.3084963114,1.4978620324,0.33333333330000003,0.6666666667000001,5.5416666667,-0.0041666667,1.0,0.00016666670000000001,-1.4583333333000001,9.7916666667,0.0167998318,1.0,-0.0010235492,-4.2989907485,0.0170030038,0.1489361702,0.8913356179,7.1,5.9,2.5269619943,0.47607300750000003,1.9828144082999999,-0.30900976680000003,-3.7088868539745867,0.0179758894,0.25,-1.057488755,-1.1981549123,-0.4813557855,1.6949242847,1.1967485471,0.0533369969,2.1175120627,-1.1622509791,0.3428571429,3.1338577672,185.0,7.6113128603,0.3752535483,7.0,0.8477905273,0.0009738966,1.0,0.0010411182,0.47222222220000004,0.37037037040000004,-2.1882277822,-488.5,0.2727272727,1.3049828359,0.5079634477,1.6680660225000001,-565.0,0.2777777778,0.0839486062,371.8333333333401,2.6034306159540006,0.31989929230599995,1.4482604663679997,27.46,56.595,1.763097305937,0.7204340251,6.0,1.0994257676,0.240244118,2.1517514095,0.029473158500000003,1.7112758246,0.43571128929400016,2.5090322305,-46.0,0.0857142857,-1.1925472645,115.0,0.025627925000000003,0.1052631579,0.0,100.0,134.0,18.0,3.2358234928,0.3523939949,1.4694206987,-0.5758282865000001,5.8,5.3,317.8333333333,3.5274582759,0.3822591198,0.11346393749929877,304.25,0.5277777778,1.7500593154000001,0.325098594182,2.302087359,0.0151603793,0.1023809524,-1.8333333333000001,2.0047333904,1.0,2.3632042229,0.43544998690000003,1.3225522805,-1.7599576254,-0.34006579084800004,-0.26433058831299994,1.2601133695840003,0.22653990559099998,1.869740689695,-0.378006220185,-0.358068145221,2605.4537037037,9.0,7.0,2905.3333333333,0.2343559896,0.2767393032
s084,0.875392213,0.27172698300000003,0.9424620043,1.05,37.2777777778,0.4,31.15,0.33333333330000003,0.0206341056,-0.5126157991,3.4163052914,0.3989817828,1.8080060353,-0.9420785079,0.0853527397,-1.3757677690104062,-3.0629227089766458,-5.698948945004379,-3.574618239461896,4.0688422484,0.2518856888,1.6022825347,0.1666666667,0.6666666667000001,11.625,0.0291666667,1.0,-0.0041666667,-2.5416666667,18.0,0.0312599681,0.0,-0.0057812714,-1.5881749829,0.24672949360000002,0.3673469388,0.6542091896000001,5.9,5.8,1.1819427784,0.28641793050000003,1.6429045263000002,-0.9157528380000001,-1.5389646557915075,-0.0098337371,0.0,-2.033548244411,-0.5813806384200001,-0.3424418501729999,3.2522614715970004,2.0374915902370003,0.14535187728300009,1.7258259439200003,-1.0199797456,0.4571428571,2.2552282759,104.0,25.7627506452,0.3968411315,9.0,0.6555591583,0.0019921078,0.8457717896,0.0021987495,0.3888888889,0.0740740741,-1.4038238323380006,-28.0,0.6956521739,1.4713542833,0.3413057084,1.0222198127,-11.0,0.3636363636,-0.2630381821,338.3350000000051,2.519997619783001,0.3066603993839999,1.4087570363829993,18.82,54.96,0.8581946015,0.5328206152,4.0,1.6624329536,0.4090679296,1.4268249941,0.0157289625,2.7369955591,0.41085128390000003,1.4220961143,0.0,0.1107142857,-2.5476132927,57.0,0.0118844112,0.1456140351,0.0,98.0,133.0,20.0,2.3892158265,0.2256188268,1.0380637903,-1.7603296549,5.6,4.4,344.0,2.7545662689,0.2507812542,0.24062933137960074,286.389166666666,0.5317777777759995,2.4807961889690016,0.2947171586200001,1.5484515126420002,0.008111024022,0.08021428571200001,23.202499999996004,32.275811119381,1.0,2.1799151002,0.28917456150000004,1.7369149345000001,-1.5948125809,0.3886998185,0.1469282318,0.3371844319,0.2460994421,1.452790007,-0.6814042961,-0.0899913801,3252.1458333333,15.0,5.0,3943.75,0.8112706842,0.5942283082
s085,1.3897870749,0.2793602559,1.2102509772,3.75,47.619047619,0.30000000000000004,39.0,0.4666666667,-0.40674223870000004,-0.9652309215,4.3021839623,0.3545822944,1.9806873418,-1.1411685092,0.14190667810000002,-2.856685298011064,-3.3514292216009345,-6.363874931998493,-4.493610358831513,6.2047485129,0.3039204548,1.7599527787,0.6666666667000001,0.1666666667,10.2916666667,0.0125,2.0,-0.011166666700000001,-2.625,17.8333333333,-0.1415692821,1.0,-0.0041035058,-1.909015025,0.10027395730000001,0.1020408163,1.1614670692,9.3,7.5,2.7743644067,0.3823302925,1.7729280672,-0.9332145337000001,-1.2311682813784044,-0.023770860300000002,0.1111111111,-2.5255810721,-0.0154693469,0.0,5.3201349372,4.3788468197,0.1644609642,3.0225276269,-0.8075379761,0.0857142857,4.3503317988,157.0,25.7627506452,0.3968411315,9.0,0.6433485508,0.0011979283000000001,0.6122137308000001,0.0013118011,0.6388888889000001,0.18518518520000002,-0.5033708614,-151.01,0.0,1.9556265410139986,0.383295427,2.288731753,-120.215,0.0,-0.1968949515,254.5,3.3698713233,0.2891786679,2.5708502546,7.0,234.0,-3.7078404868,0.3087063875,12.0,2.577008179,0.4224967288,1.847514941,-0.4272221914,3.6197204769,0.42629421910000004,1.7991981973,29.5,0.1223021583,-2.2563123709,87.0,0.0475985258,-0.20639834880000002,0.6931471805599453,87.0,136.0,22.0,4.1680778068,0.2919008276,1.5392395266999999,-1.2709970988000001,6.5,6.7,273.8333333333,5.2950150713,0.26029405840000003,0.8114405763716945,252.75,0.5333333333,4.1188845799,0.2567071924,2.012624531096001,0.0058691871,0.0119047619,35.1666666667,75.0392857143,0.0,4.326226303,0.5007243013,1.8289396884,-0.5545599265,0.1009228706,0.17524893500000002,2.0511143889,0.32588672490000004,1.6215589576,-0.4257607827,-0.8901202567000001,1738.3777777778,5.0,8.0,3663.9166666667,0.3289153696,0.1420185338
s086,0.8065813966000001,0.1945330539,1.6153760627,1.3,20.7894736842,0.36666666670000003,18.0555555556,0.4,-0.6312609087000001,-0.421490069,2.4749729648,0.40606190870000003,1.6493054372,-0.054890327200000005,0.18160273970000002,-1.8073043244659808,-3.339139459041656,-6.62083327030566,-6.253287598057934,2.1118055499,0.3127890318,1.9810862753,0.33333333330000003,0.1666666667,15.7916666667,0.12916666670000002,2.0,-0.016166666700000002,-3.375,8.0833333333,-0.013522751500000001,1.0,-0.0017150182,-1.8549455245000002,0.3103200089,0.27083333330000003,0.5942309822,7.2,7.5,1.5069646271,0.4578620342,2.2762899204,-0.70184625,-2.893976377538604,-0.0113956718,0.2222222222,-3.1565939905000002,0.6095788672,-0.0782505426,3.2247421739,1.5605274212,0.17739798,1.4241372095,-0.8893284577,0.11428571430000001,4.1867508355,321.0,7.6113128603,0.3752535483,7.0,0.7515197754,0.0007976451000000001,0.9664916992,0.0015050874000000001,0.4444444444,0.37037037040000004,-0.2788129786,-107.5,0.0952380952,1.6242601672,0.3102687796,2.7863813159,424.0,0.0909090909,-0.0932794002,334.07333333333605,2.618867824864001,0.32830006314799987,1.5461922308230007,22.375,60.82,1.9830003959480007,0.5751925036000001,3.0,0.8390449016,0.2506307659,2.1889577164,-0.1345285647,1.7151727768,0.21996485670000002,2.0387050862,3.0,0.0716981132,-0.8409966265000001,94.0,0.022817095000000003,0.1824561404,0.0,98.0,143.0,18.0,2.9825222481,0.3610512642,1.9378509591,-0.7074537264,6.0,5.5,255.8333333333,3.291112584,0.43471800520000003,0.55435915447182,299.8333333333,0.5388888889,2.2250073728,0.31078971180000003,1.8145859531,0.0023464548000000003,0.0666666667,105.0,-5.5032327586,0.0,2.0629067409,0.37558377130000004,2.734697773,-0.8919793223,0.1522908714,0.3220565245,1.0291090078,0.0759398679,2.152787768,-0.3387509841,-0.1430285412,3250.2296296296,6.0,7.0,3168.6666666667,0.334625789,0.2907726251
s087,1.1040259892,0.30252615310000003,1.5793092585,1.8,25.961538461499998,0.1333333333,22.0,0.1666666667,-0.3315301375,-1.4197403442,3.0020492169,0.4523122345,1.5731351250999999,-0.8662305006000001,0.0532902397,-3.2755684933608245,-2.789247255527668,-6.999128057730122,-4.889124464731326,3.6652347548,0.303969393505,1.6861517162,0.0,0.6666666667000001,8.125,0.0291666667,1.0,-0.00016666670000000001,-2.5416666667,10.5416666667,0.1365248227,3.0,-0.0062884161,-2.3445626478,-0.2255702879,0.1428571429,0.9683921294000001,6.8,7.2,2.4413193523,0.5554213404,1.8290262601,0.0380198815,-1.429007321973911,-0.016119167,0.1388888889,-4.2673528594,0.3059925075,0.0,5.3201349372,2.6909483804,0.3168381938,1.456892654,-1.0170844173,0.1714285714,3.9312389163,221.0,59.8991114415,0.8568707964000001,6.0,0.6957855225,0.0007631073000000001,0.9926757812,0.0010523216,0.47222222220000004,0.14814814810000002,-0.37671659290000004,164.0,0.2941176471,0.7301679097,0.4771779235610001,2.4562767155,62.0,0.0,0.10940662670000001,317.3333333333,3.4481238545,0.41443173910000003,1.5408540991000002,53.5,31.5,5.6666612049000005,0.7230582115,4.0,1.2766848137,0.6458939545,2.1544081492,0.0960475788,3.2525887626,0.4914837568,1.6324165812,-37.0,0.08214285710000001,-3.3806127479,144.0,0.0093435811,0.0596491228,0.0,72.0,130.0,15.0,3.8804728175000003,0.37634724610000003,1.5463387349,-0.2912725828,5.4,5.0,455.5,4.1460489618,0.4774661276,0.359145014271704,312.0,0.5277777778,3.7931946216,0.43193646080000003,2.3918379111,0.0059251764,0.0119047619,26.3333333333,58.655240981,0.0,3.1308408555,0.3963190968,2.6880600248,-2.379737167,-0.23742240120000002,-0.2865363986,1.633572038,0.4877975155,1.502358596,-0.28418111220000003,-0.7029411707000001,2163.25,-2.0,11.0,4009.6666666667,0.2233670181,0.2045619152
s088,1.6392072256999999,0.27861835290000003,1.3038394655,2.5,12.7777777778,0.1,8.4615384615,0.1333333333,-0.2529976948,-0.5509181173000001,4.731983788,0.3337361797,2.6738497086,-2.0402998061,0.379119863,-2.971340408622688,-2.2922110083728326,-6.916815902742066,-4.349412450500262,7.1706287847,0.2870292648,1.6397920054,0.0,0.6666666667000001,2.0,2.4286128660000003e-17,1.0,-0.001,-1.4166666667,4.375,0.0028967254000000003,1.0,-0.0017783375,-1.048488665,-0.017888307200000002,0.1428571429,0.3403141361,6.7,7.3,4.021942652,0.48716154040000004,1.6595456614000001,-0.1065744513,-1.0503678811110146,-0.023706698300000002,0.0833333333,-1.9745173754,0.30225243700000004,0.0,5.3201349372,4.5890833281,0.3055019471,1.1671407639,-0.8075379761,0.0857142857,4.3503317988,193.0,7.6113128603,0.3752535483,7.0,0.9450439453,0.0013409981,0.937109375,0.001363712,0.5,0.2222222222,-1.4645587975,-75.0,0.2142857143,2.0396909509,0.4787147977,1.4989064915,109.0,0.0,-0.44506030150000003,296.1666666667,3.6366869723,0.28552313100000004,2.2073930714,-17.0,163.0,0.7754150605289999,0.4735300556,4.0,2.7745982718,0.4421440206,2.1793814149,-0.5057795506,3.6092320394,0.49141949690000003,2.6578139072,-22.0,0.1107142857,-1.7573720723,122.0,0.0316362026,-0.1929824561,0.0,90.0,161.0,21.0,5.2837424403,0.2813017008,1.5349748829,-1.1538417566,5.8,5.5,240.3333333333,4.3402477854,0.2768953468,0.8635121574415595,258.0,0.5222222222,4.4264586843,0.21664757280000002,2.124778746972,0.0052609662,0.0,-5.3333333333,51.9291666667,0.0,3.7713541972,0.4053325841,2.020334873,-1.2655642911,-0.7405870973,-0.4892258054,2.3088296941,0.3768303195,1.6908797834,-0.6336150275,0.7927693759000001,2750.7916666667,6.0,6.0,5283.25,0.8052031305,0.3696780009
s089,1.2599740169,0.41991312540000003,1.731359498,2.35,22.6086956522,0.2333333333,16.8,0.1666666667,-0.6291436134,-0.5897795173,3.7330303635,0.4627419245,2.027523016,-1.1580181288,0.046315924700000004,-2.9478884141325525,-3.409226101752473,-5.531413202967324,-3.4112847091089282,2.6693108791,0.2986523715690001,1.7081017967,0.0,0.5,19.75,-0.075,0.0,-0.0126666667,-0.75,11.8333333333,-0.0090686275,1.0,-0.0013039216,-2.0441176471,-0.036500316500000005,0.1020408163,0.3551630662,8.5,6.5,1.3734772805,0.47904060740000004,2.1942330676,0.048191270200000004,-1.5408395962405195,-0.0059137936,0.0,-1.4838830922000001,-0.6076523294,-0.5629734621,4.194188013,2.3538875358,0.3605482065,2.2058772764,-1.2083775268,0.2857142857,3.5486526974,219.0,7.6113128603,0.3752535483,7.0,0.6394451141,0.0013401079,0.6581768990000001,0.0013052178,0.5,0.33333333330000003,-1.4765816815,-103.0,0.1333333333,1.8011298218,0.5406522062,1.6559141258999999,-647.5,0.25,-0.6127768655,369.31000000000205,2.750801420866,0.34698579894600007,1.540516053052,19.69,65.465,-0.09085812692600019,0.6359358781000001,11.0,1.4738490004,0.7702825032,1.8197008479,-0.1112823165,2.5200972192,0.5234561507000001,2.2022903525,18.5,0.1127272727,-0.6920692614,107.0,0.00023653900000000002,-0.12383900930000001,0.6931471805599453,87.0,119.0,25.0,3.2387415954,0.33969354420000003,2.272258282,-0.7124658610000001,5.0,4.7,473.0,3.6816816748,0.42834922400000003,0.4308301401673801,332.4166666667,0.5388888889,2.3945524965000002,0.3593252013,1.6324243906,0.0075717333,0.069047619,27.1666666667,40.6369604994,0.0,2.0118185928,0.4315477601,2.0478466879,-1.0389304887,-1.0553828153,-0.1398765259,1.5370933975,0.46173473660000003,1.643863649,-0.4001927555,-0.6468830093,2053.0066137566,15.0,7.0,4787.5833333333,0.8542763256,0.3774259951
s090,0.6958320625000001,0.0864844124,1.4045954872,1.45,16.64,0.1666666667,11.5,0.1333333333,-0.7184878992,-1.0521854442,3.6706051936,0.4278959962,1.3519707595,-0.8210819112000001,0.0350342466,-3.442608161982756,-3.433626823630128,-6.754354771799837,-4.912646558491099,4.5938789268,0.2782683663,1.6495348077,0.33333333330000003,0.1666666667,11.375,0.0291666667,0.0,0.0035,-0.375,10.4583333333,-0.1325773196,0.0,-0.0069030928,-1.4017182131,0.3172088614,0.2553191489,0.4441437245,5.8,3.8,2.0614633888,0.5125104912,1.7263451282000002,-0.6219227821000001,-1.5399259650903343,-0.010145897800000001,0.0,-0.676936092,0.0770385529,-0.5616381195,3.4239749998,2.1834348135,0.2547989941,1.9335943637000002,-1.0816155204,0.2857142857,3.2951286846,220.0,46.0626954627,0.8291899447000001,10.0,0.5912388802,0.0012596607000000001,0.6528867722,0.0011271784,0.3888888889,0.0,-1.2910346492809999,-107.405,0.33646171045099993,1.2920155294290003,0.444729737217,1.5929336647109997,-131.835,0.19331928181000002,-0.37244007778900007,318.3333333333,2.528802093,0.3428566847,1.1728571661,23.5,31.0,1.8613799963819997,0.6016565712,6.0,1.5817456623,0.5422383305,1.6364173245,-0.44589641960000004,2.8152700459,0.40027773800000005,2.1089507368,97.0,0.1178571429,-1.4518485872,66.0,-0.0120274618,0.2012383901,0.6931471805599453,83.0,116.0,25.0,2.5110978701,0.3354102746,1.3995128052,-0.194352294,4.4,3.9,319.8333333333,3.2598339069,0.3427266418,0.38498349319205344,308.0,0.5166666667,3.5625254585,0.3104664,1.791161908,0.0028009488,0.0238095238,79.3333333333,69.9627963526,0.0,2.1124177233,0.3921739506,1.7540782986,-1.9894633743,-0.048450461,0.0421930253,1.3192480356,0.3094210495,2.1972775204,-0.258952877,0.034013556800000004,2688.0740740741,2.0,8.0,4291.6666666667,0.7953035443,0.2078799428
s091,1.2116712654,0.24084787470000002,1.0713240872,1.65,34.0909090909,0.2666666667,21.0526315789,0.36666666670000003,-0.20594094400000001,-1.3579008598,3.6610441516,0.3564768661,1.7157387469,-0.1593138499,0.1381181507,-2.052279545017326,-3.2051857160073767,-6.75191956248405,-6.477511708310279,5.9031156824,0.2693482021,1.2137495072,0.8333333333,0.0,12.8333333333,0.0666666667,1.0,-0.0016666667,-1.0,17.25,-0.0523640662,2.0,-0.008761229300000001,-2.3096926714,0.0524459772,0.306122449,1.1841357133,7.6,6.5,3.0994708885,0.4070958347,2.0435437994,-0.0846598367,-3.344020935151463,0.0155542295,0.30555555560000003,-1.7731653662,2.0099564701,0.0,5.3201349372,4.7532467127,0.1485686004,2.7180108288,-0.8893284577,0.11428571430000001,4.1867508355,222.0,25.7627506452,0.3968411315,9.0,0.805166626,0.0013351366,1.0,0.0020942295,0.6388888889000001,0.37037037040000004,-1.2211687659130002,-134.0,0.6666666667000001,0.9201019017000001,0.3281768822,1.2879232848,-56.5,0.143522415838,-0.539194979,211.3333333333,4.8772743134,0.24845619130000002,2.1020500204,-0.5,65.5,3.5516423795,0.5040214336000001,17.0,1.6010305668,0.406682717,1.5014116061,-0.3119621446,3.08768722,0.36044363900000004,1.2508723662,6.0,0.1214285714,-1.7097780243,110.0,0.0846926821,-0.1543859649,0.0,115.0,175.0,18.0,5.365987933,0.25389981510000004,1.3318752824,-1.6600881266,4.9,5.3,274.3333333333,3.4276590678,0.3124668458,0.33822066686868774,223.6666666667,0.5111111111000001,3.4275066911,0.3129771326,1.8383940597000001,0.0048444268,0.0142857143,-2.6666666667000003,131.7209401709,0.0,3.8381544801,0.3154297272,2.9035805687,-0.8212048246,-0.6882435759000001,-1.4003859686,1.8382083937,0.3068410036,1.3167495369,-0.4829874924,0.5403594679,1811.1645472583,17.0,8.0,2933.3333333333,0.4543755474,0.5359600138
s092,1.3386778458,0.32251922780000003,1.6756854768,2.9,50.9375,0.4666666667,32.1111111111,0.4,-0.2339193954,-1.5914320462,3.6261761358999998,0.4061481609,1.5700169970000002,0.11820071200000001,0.3276044521,-1.029698187483457,-2.5826705224760977,-7.471138504807832,-5.695067351903108,4.0584064052,0.27220772590000003,1.5320632534,0.5,0.5,13.7916666667,0.0458333333,2.0,-0.0101666667,-3.2916666667,11.347826087,0.1345993117,2.0,-0.009134709900000001,-2.8046951819,-0.2870185816,0.0408163265,1.205233717,6.4,4.8,2.6121394887,0.3959257963,2.0208452696,-0.6996777342,-4.115253463734012,0.013327005500000001,0.3888888889,-1.3067992166,2.4499194641,0.3298219498,4.6604910377,2.7671660503,0.2883330529,1.4189633477,-1.2083775268,0.2857142857,3.5486526974,203.0,59.8991114415,0.8568707964000001,6.0,0.7333761692,0.0013795641,0.9477935791000001,0.0025050339,0.6944444444,0.4444444444,-1.1548025819410004,-144.045,0.21603345727700002,1.6891057110630008,0.420666545853,1.675028517062,-108.825,0.09773939478799994,-0.29627744892600005,247.0,3.3478157361,0.2869477907,1.5754066718000002,3.0,126.0,16.4774725675,0.6464459263,11.0,1.7415345447,0.4098689247,1.9166527324,0.484462806,2.8365280031,0.3678411292,1.4644460513,20.0,0.0857142857,-1.2788911098,126.0,0.050432751500000005,0.1701754386,0.0,99.0,158.0,24.0,3.7063640073,0.3021898797,1.5575920444,-0.8918173172,6.5,6.3,256.1666666667,4.8811552819,0.30853902720000004,0.8632816742800603,241.4166666667,0.5,3.2117918106,0.30459216440000003,1.5196165381,0.0101510505,0.038095238100000005,6.5,52.6483750127,0.0,1.9300051384999999,0.3629592808,1.6781335823,-1.3134118148,-0.1736097117,-0.5476855319,1.3809308131,0.3216871707,1.4946265959,-0.37870522,0.0556956095,2106.6296296296,8.0,8.0,3805.8333333333,0.8312751778,0.47519145970000004
s093,1.345447047,0.2537065202,1.7146823083,2.25,24.4736842105,0.36666666670000003,30.0,0.4,-0.6588628733,-0.48539981660000003,3.0927473505,0.3986458813,2.3372680053,-0.8855985647,0.09037671230000001,-2.8584301732416004,-3.351600303135696,-6.1138180514623635,-4.765300828538455,2.9393025381,0.3010149891,1.4591110474,0.6666666667000001,0.1666666667,14.9583333333,-0.07083333330000001,1.0,-0.0165,-0.5416666667,12.5,0.13347130617600006,3.0,-0.019427300300000002,-7.5955510617,-0.0196251866,0.3191489362,0.9373099674,8.3,7.6,2.032785528,0.4457854933,1.9922647260000002,-0.6333581851,-2.2465516186457446,-0.0191049159,0.0277777778,-0.8729508561,-1.6222128499,-0.7692085921,2.0451113905,1.6870604166,0.1409856195,1.7061007355000002,-1.1227206548,0.3142857143,3.2129184158,133.0,10.925098711,0.2565783653,8.0,0.7454021454,0.0021894911,0.8454101562,0.0020420599,0.47222222220000004,0.2222222222,-1.4127728825,-4.0,0.1764705882,1.75411198,0.3561671127,2.0155976855,-34.0,0.058823529400000005,-0.3096821305,331.0033333333391,2.995994898793999,0.31937275467599996,1.5290793601900001,17.255,62.305,-1.1593225922089996,0.3339035457,10.0,1.7826789438000001,0.5297889797,1.6659486084,-0.6381784149,3.2839100209,0.4035409921,1.9229024021,-34.0,0.0892857143,-1.8781493253,100.0,0.0520772046,0.4307692308,0.31257290159714884,71.0,124.0,15.0,3.5215467538,0.29074556560000003,1.5248731993,-0.32911126490000003,6.0,6.5,318.1666666667,4.7413356239,0.3554795504,0.7644818390820038,303.4166666667,0.5166666667,4.2523395854,0.32976571990000003,1.8435498075,0.013042720300000001,0.0261904762,30.8333333333,20.6928209624,0.0,3.2961191836,0.3928949912,1.7965725763,-0.3304102076,-0.45155141320000003,0.1193243581,1.3095891964,0.2814894954,2.1691573911,-0.2860622577,-0.2562426425,1468.8083333333,4.0,9.0,4077.75,0.8475502033000001,0.2037607306
s094,0.9873457368,0.2860623096,1.5759499614,2.2,50.0,0.5,25.0,0.36666666670000003,-0.0916619608,-0.0406911256,3.4764770783,0.33049181650000004,1.5042232554,-1.5840169117,0.42875171230000003,-0.8200081109530846,-1.4846324081310558,-7.969988098549287,-7.191771811076316,6.2389658696,0.2076049872,2.0496036636,0.1666666667,0.6666666667000001,7.5,0.075,3.0,-0.0033333333,-1.5833333333000001,5.8333333333,0.2063700708,1.0,-0.0049787664,-1.1954499494,-0.3657381666,0.0416666667,0.2402083656,7.7,6.4,2.5794143103,0.46156829130000004,1.5320920609000002,-0.1211300408,-5.967097841277987,0.0019231927,0.8333333333,-3.0534485754,0.7124583478000001,0.0,5.3201349372,4.5848581113,0.2097079484,2.7513856859,-1.327315884,0.3714285714,3.310775983,252.0,25.7627506452,0.3968411315,9.0,0.7495971680000001,0.0008340883000000001,1.0,0.0013659758,0.5555555556,0.5185185185,-0.5976618145,45.5,0.0526315789,2.2847880693000002,0.4548480003,1.7024513518000002,127.0,0.0,-0.7637528575,256.6666666667,3.3106153255,0.2823698777,1.2974951005,-18.0,72.0,19.4234451314,0.4671794118,11.0,1.9789920232,0.4309862365,2.106286483,0.2814944847,4.1553339899,0.410138216,1.4650280855,14.0,0.11428571430000001,-1.6975788587,114.0,0.022464449100000002,-0.0684210526,0.0,102.0,170.0,20.0,3.0272789393,0.2592648151,1.0272039377,-1.7486339469,6.6,6.2,233.5,3.5301976299,0.3362803835,0.13509620341925319,226.4166666667,0.5055555556,3.4953745439,0.29227810330000004,1.2546237385999999,0.0165412542,0.0452380952,-4.5,5.5678616832,0.0,3.1084649681,0.3062785803,1.4950134624,-1.4575577283,-0.8469604286,-0.5133160368,1.7858685921,0.2663731451,1.8574849815,-0.2080297318,-0.255466114,3505.9958333333,0.0,7.0,5659.8333333333,0.2013845426,0.2686613974
s095,1.5228726773,0.2885624237,1.4161686514,2.35,11.1666666667,0.0,10.48,0.1666666667,-0.9155315276,-1.403499557,5.2064682751,0.5278099244000001,3.0827287706,-1.0239037685,0.3097876712,-2.28056896240287,-1.7078071325850483,-6.728209404165041,-5.18768330849028,5.5092805476999995,0.299826372558,1.7975559278,1.0,0.0,8.9166666667,0.0666666667,1.0,-0.001,-2.75,10.5416666667,-0.0021709937,0.0,-0.0004288272,-0.1600268577,-0.544205897,0.1020408163,0.46968088560000004,8.2,7.9,2.1675942629,0.6171778809,2.0739060165,-0.4035180793,-2.1957868480644405,-0.0210801365,0.0555555556,0.07920784160000001,-0.0210202414,0.0,5.3201349372,5.0188239376,0.5787942617,3.0037819892,-0.8893284577,0.11428571430000001,4.1867508355,179.0,7.6113128603,0.3752535483,7.0,0.6201343536,0.0010879341,1.0,0.0018951559,0.7777777778,0.33333333330000003,-0.3050276849,-73.0,0.0769230769,1.7437041112,0.6039695059,2.5928483004,-34.0,0.0,-0.3330779021,350.91666666667106,3.0215119430499993,0.35944153654499994,1.624035149189,18.92,81.46,-1.2641018158000001,0.49427084870000004,17.0,1.2522961121,0.6968066409,2.2506600819,-0.0906194892,2.8093661575,0.47415344940000004,1.9267806749,46.0,0.09285714290000001,-1.1017735214,82.0,0.0828451114,-0.3818369453,0.6931471805599453,114.0,176.0,23.0,4.780105875,0.32889121445900016,2.1644928108,-0.172563982,5.7,4.9,307.1666666667,2.4667122966,0.4244086991,0.4175732635059323,388.75,0.5222222222,3.4311071568,0.48515312050000003,1.4537697604,0.0069053128000000005,0.0404761905,72.8333333333,38.0795832075,0.0,3.5668279472,0.4942927096,1.8358679353,-0.6644589188000001,-0.303856232,-0.21912274750000002,1.3713797832,0.1517768514,2.6324631324,-0.6665669311,0.5254531729,2321.09375,-6.0,8.0,6966.0833333333,0.8676857619,0.3364968464
s096,1.5336816801,0.2370830257,1.2427929511,2.3,44.7391304348,0.2333333333,21.6818181818,0.2666666667,-0.3064541093,-1.0820099676,3.9411336251,0.2942947178,2.2461734253,-1.5984168583,0.3560308219,-0.7996308533893801,-3.0157427993395642,-7.448229785713485,-6.233686947708879,4.6218420768,0.24149688130000002,1.71459907,1.0,0.0,8.2916666667,0.07083333330000001,3.0,-0.0055000000000000005,-1.4583333333000001,7.4583333333,0.0963095238,3.0,-0.0064809524,-1.6535714286,-0.14418976090000002,0.061224489800000004,1.2489252884,9.4,8.4,2.9231542707,0.4110447007,1.8198999079,-0.0979213154,-6.222098682933308,0.0015331827000000001,0.8611111111,-0.8439419078,0.3534220099,0.4181320954,4.4838707464,2.3775129142,0.2326557797,1.3831725732,-0.8893284577,0.11428571430000001,4.1867508355,310.0,7.6113128603,0.3752535483,7.0,0.7643220901000001,0.0016471514,0.8376403809,0.0021824425,0.5277777778,0.7037037037,-1.4213370976,245.0,0.058823529400000005,2.0664709321,0.38419984970000004,1.9723535048,-81.43,0.0,-0.3218192144,301.8333333333,3.490294343,0.2449553055,2.4457199426000003,-10.0,41.0,-1.3219880204,0.4748262623,12.0,2.1131937901,0.4891265267,1.4503768306,-0.2086861778,3.220846111,0.4332948612,1.5364323572,-14.0,0.11428571430000001,-2.3706885428,188.0,0.128387999,0.0035087719000000002,0.0,74.0,162.0,18.0,3.0340907388,0.2715111416,1.3111986507,-0.5956281567,5.1,6.9,234.3333333333,3.4515199352,0.29659611410000003,0.88314503318686,247.0,0.5277777778,4.3741339663,0.34774829620000003,2.7706595763,0.0144780531,0.0071428571,-40.3333333333,-4.6543180857,0.0,2.7731999503,0.3908696971,2.2040403336,-1.0246983519,-0.769845655,-0.40714460620000004,2.0976485033,0.2902307175,1.8501717281,0.3253680694,-0.11739303100000001,1787.7424242424,8.0,8.0,2553.5,0.1413967971,0.16546289490000002
s097,0.8772301739,0.1519321469,1.5639075676,1.75,17.5454545455,0.2666666667,11.0454545455,0.2666666667,-0.5364973362000001,-0.9087100611000001,3.2921025392,0.39579977520000004,1.9767421512,-0.6544057252000001,0.3713613014,-3.2221130791260344,-3.3974885140226405,-6.299747664706664,-3.5484680948295066,4.321408452,0.3306997614,1.2029143239,0.1666666667,0.33333333330000003,19.1666666667,-0.058333333300000005,1.0,0.0013333333,-4.3333333333,28.5,-0.0144025934,1.0,6.85397e-05,-1.0280950911,0.32732359920000004,0.3469387755,0.570708568,8.2,6.3,2.6494909225,0.5528298293,2.3780574359,-0.0410359313,-1.5404450408804822,-0.008864108,0.0,-0.5919105926,0.37966007230000004,0.0,5.3201349372,3.6355229982,0.2006037919,3.3424294654,-0.8075379761,0.0857142857,4.3503317988,218.0,0.8728717655,0.5924574535,6.0,0.8579833984,0.0012796054,0.984375,0.0015701081,0.5,0.0740740741,-1.5093032131,10.0,0.1818181818,1.5288150553,0.39593215940000004,1.8028008236000002,-542.0,0.2,-0.3410445674,415.6666666667,2.2042153511,0.3411802089,1.2298157322,18.5,50.5,13.946506843,0.4999681459,12.0,1.9548211613,0.5533296598,1.6646429481,-0.36824378890000004,2.5687684482,0.511964217,1.9254464087,-71.0,0.1035714286,-1.8084750199,108.0,0.030386359300000002,0.0614035088,0.0,105.0,135.0,20.0,3.4379332699000003,0.30171152570000004,1.7526468204,-0.9122335374,5.4,4.6,284.1666666667,3.864097653,0.3302603986,0.5495466535791121,270.75,0.5222222222,3.582217221,0.3324049857,1.9160966328,0.014594272200000001,0.019047619000000002,-19.1666666667,23.2102272727,0.0,3.9490361808000003,0.3086638177,2.0296795315270004,-1.050930027,0.3712964993,-0.014765452600000001,2.3500877434,0.3583034069,1.6432558237000001,0.0021277693,0.030015248600000002,1917.0520833333,17.0,7.0,2511.4166666667,0.1848131277,0.5151528476
s098,1.1528478189,0.20405704500000002,1.7002254468,2.4,52.6315789474,0.36666666670000003,22.8333333333,0.4,-0.0903605836,-0.8256781390000001,3.237202977,0.35387204720000004,1.9513277796000001,-1.5217157504999999,0.6944708904,-1.998448811328476,-1.9682433041659748,-9.161630211006921,-7.376511526532001,3.3409586519,0.320057998,1.5957236221,0.6666666667000001,0.0,14.875,0.1708333333,1.0,-0.0055000000000000005,-2.2916666667,12.5,0.23900709220000002,1.0,-0.0048699764,-1.1991725768000001,-0.1610379224,0.2083333333,0.9252034453,7.8,7.6,0.7345979033000001,0.42487846653500017,2.1851879025,-0.5724073501,-3.8390173877868174,0.0127889744,0.3888888889,-0.6805550505,0.11702314800000001,0.1910395678,4.9380558016,2.6441744452,0.15034402730000002,3.2575068353,-0.9457732772,0.5142857143,1.8199132911,145.0,10.925098711,0.2565783653,8.0,0.7632787704,0.0011140227000000001,0.8879852295,0.0013438489,0.6388888889000001,0.6666666667000001,-0.8765039685,49.0,0.2857142857,1.3857376741,0.4265531669,2.0290634865,38.5,0.0714285714,-0.5309638214,350.3183333333371,2.5462053491290004,0.3135117654619998,1.520486987013,21.255,70.74,3.5340005330189994,0.6544873017,6.0,1.2836035081000001,0.5207007132,1.9734137958,0.0952964444,2.8404876797,0.3741125481,2.0773601712,-28.0,0.1043165468,-1.756046554,116.0,0.0747185696,0.056140350900000004,0.0,100.0,161.0,15.0,2.5010402448,0.31621569050000004,1.6568332517000002,-0.2455215316,6.0,5.7,296.6666666667,2.8254728931,0.35626527680000003,0.3046826948550387,411.5833333333,0.5722222222000001,0.9931990697,0.2330233863,1.5599064469,0.0027766467,0.09580952380700004,36.8333333333,82.6129860602,1.0,2.0650711982,0.30679299530000004,2.3573331251000003,-0.3767370286,-0.2687706829,-0.21227396380000002,1.0067892786,0.0204400621,2.2588636593,-0.2945260824,-0.15873248140000001,2747.5,0.0,8.0,5536.3333333333,0.35941737970000004,0.3479613939
s099,1.0347024647,0.2446717685,1.1388627243,1.65,8.6428571429,0.0666666667,5.8620689655,0.033333333300000004,-0.142464996,-1.9031024518000001,2.7611441474,0.36174067800000004,1.2110316101,-0.191360427,0.3439571918,-1.4573747817363945,-2.3675803392146406,-6.866898405070175,-5.694801930726079,2.9132782724,0.2529100693,1.1986256948,0.5,0.33333333330000003,6.375,0.0041666667,2.0,-0.0038333333,-1.9583333333000001,6.3333333333,0.0079987387,2.0,-0.0055122977,-2.7064326255999998,0.6206907388,0.24489795920000001,0.3151220892,7.6,5.9,2.0965963126,0.4530407993,1.6381314295,-0.3125129807,-1.5386688413906136,-0.013438045400000001,0.0,-1.3154268669,-0.9471348611,-0.5629734621,4.194188013,2.4129979167,0.1293987946,2.5450502877,-1.4013457528,0.4285714286,3.1627162453,126.0,2.3916188301,0.3492235958,5.0,0.8103168488,0.0013731656,0.8968307495000001,0.0024342351,0.6944444444,0.5185185185,-0.7047634542,-80.0,0.3571428571,1.3344918255,0.28511578120000003,1.6332433101000001,-7.0,0.0769230769,-0.4599806343,333.6666666667,2.4237920597000002,0.33311680600000004,1.3190182584999999,0.0,110.0,-12.3689138902,0.2027971735,7.0,1.804761481,0.4244980418,1.9887648098000001,-0.3046841869,2.8879787009,0.3403571689,1.9070376154000002,-32.0,0.1178571429,-1.5903594684,193.0,0.0594648256,-0.1517027864,0.6931471805599453,85.0,180.0,22.0,2.7740301919,0.2332208579,1.2187866515,-1.1996294794,6.0,5.1,254.6666666667,2.1547180692,0.22910585900000002,0.5762525982245008,239.6666666667,0.5277777778,2.7314931475,0.2931250265,1.5651457072000001,0.0124300958,0.0428571429,-21.6666666667,18.5514380531,1.0,2.225246242,0.2727120489,1.7113419996,-0.7917323816,-0.1895478115,0.4824109729,1.3041910839,0.2628644775,1.4650767195,-0.7880011588,-0.8361893916,1486.3636363636,26.0,7.0,2040.4166666667,0.8581592075000001,0.39004512680000003
s100,1.3330083392,0.3791166616,1.4897057377,2.6,34.0,0.33333333330000003,24.347826087,0.2333333333,-0.6163355613,-0.6625918963,3.1373313792,0.4116494257,1.8880625895,-0.326277086,0.8140924658,-1.844900179142564,-1.99571752554482,-8.290895419889008,-4.859873447024738,2.2052935834,0.3850164408,1.8510694074,0.1666666667,0.6666666667000001,16.0416666667,0.0458333333,1.0,-0.0028333333,-5.125,22.9166666667,-0.014084507000000001,1.0,0.0002816901,-2.6197183099,-0.003429319,0.1632653061,0.8722912694,7.1,8.7,2.224540509,0.4236371541,1.8392327728,0.4766211259,-4.450120404759376,0.0108733154,0.47222222220000004,-1.2918975168,-0.5952283654,-0.5638194763000001,3.4283377134,2.2570620915,0.2586248392,1.8525268622,-1.1195720593,0.22857142860000002,3.7262636324000002,169.0,0.0331595576,-0.6040336065,3.0,0.7329155922,0.001122788,0.7720947266,0.0012455782,0.5,0.37037037040000004,-0.9509827687,-97.5,0.2222222222,1.4423942174,0.5146937632,1.8141999623,-235.0,0.1428571429,-0.1870717946,448.6666666667,2.0187839509,0.44520806500000004,1.2216583001,6.0,11.5,7.0905738806,0.4057887535,11.0,1.8908649222,0.5731241695,1.6973288716,-0.2443346724,2.6634974818,0.5096113830000001,1.9142938093000001,3.0,0.10394265230000001,-1.8451563256,122.0,0.0250028173,-0.0824561404,0.0,115.0,161.0,24.0,2.8717317623,0.3734303188,2.0978280161,-0.6590077666,6.9,7.6,382.1666666667,2.6720021333,0.4661119577,0.17439704714366608,331.9166666667,0.5333333333,2.5462787364,0.44235348820000003,1.3180530177,0.010929521900000001,0.0714285714,-40.1666666667,5.9969433719000005,0.0,2.3299663488,0.4017741059,2.1041878251,-0.7652790668,0.0470308361,0.1421304115,1.3387142164,0.1546861883,2.4061765983,-0.7406699107,-0.5617780461,2286.6240740741,21.0,7.0,2699.4166666667,0.2819918741,0.37316658420000004
s101,1.0898204283,0.2659891921,1.6427981432,2.4,43.75,0.4666666667,25.0,0.33333333330000003,0.337051162,-1.4247378703,4.6705897257,0.3995022212,2.5403909839,-0.4302713983,0.44010445210000004,-1.7561873958111138,-2.2015317856543763,-8.649791876290756,-5.0233747879507185,5.2722056702,0.2687479148,1.9723736340000002,0.8333333333,0.0,12.4583333333,0.0208333333,2.0,-0.014833333300000001,-4.0416666667,14.125,0.2418054338,2.0,0.0028992112,-1.9555214724,0.19153177100000002,0.24489795920000001,0.9761415801000001,7.0,6.3,2.0203441705,0.5907427243,2.5192991027,-0.5843354233,-3.148110453520998,-0.0194717855,0.1944444444,-1.3034743028,-0.0774094337,0.0,5.3201349372,3.210041247,0.1103828729,3.4008001823000003,-1.070541321,0.2,3.8243251091,158.0,10.925098711,0.2565783653,8.0,0.6457630157,0.0011327820000000001,0.7228530884000001,0.0011627969,0.6111111111,0.14814814810000002,-0.8065704650000001,-186.5,0.0952380952,1.9366619338,0.407375772,1.7894970002,-48.0,0.0714285714,-0.1650939793,364.5,3.7939563391,0.3127445799,1.6792470557999999,2.5,29.5,9.171595271,0.516919576,9.0,1.4346647755,0.5636443628,2.1363398244,-0.16889740820000002,3.1885883079,0.4360604676,1.7980145948000001,3.5,0.09160305340000001,-2.1798532153,108.0,0.0660270002,0.1228070175,0.0,127.0,186.0,18.0,3.4851508692,0.2963954252,1.4659311528,-0.7927090130000001,4.8,5.3,256.0,4.304068466,0.2989370202,0.7063360980533574,277.0,0.5111111111000001,3.59682797,0.3174723459,2.3705087551,0.0033312588,0.0119047619,61.3333333333,137.9205567655,0.0,3.1560866617,0.3399945519,2.3695879057,-1.0727490109,-0.6996557382,-0.5706215169000001,1.2915868976,0.36487520840000004,1.686263582,-0.2044439502,-0.3496123008,2383.2583333333,2.0,7.0,5437.4166666667,0.1773930752,0.5367894767
s102,1.0919109014,0.2252932971,1.1995169373,1.6,41.1764705882,0.4333333333,34.1176470588,0.4333333333,-0.6292667531,-1.1684536444,2.1382192377,0.3099808949,1.5852636195,-0.8213828733,0.0512328767,-1.7373685801543808,-2.110536454687645,-6.931133365639596,-4.833296681573907,3.0020472696,0.2361222382,1.7030866555,0.6666666667000001,0.1666666667,12.0,-0.075,0.0,0.0003333333,-0.33333333330000003,27.9130434783,-0.004545454500000001,0.0,-0.0055566188,-0.6184210526,0.0908712097,0.1875,0.6657958844,6.7,4.8,1.3649715456,0.4181239959,1.7981268813,-0.405218831,-2.775823975632775,-0.0235588049,0.0833333333,-1.546535676,-0.3312992367,-0.3539369881,2.9294172095,1.9843740837000001,0.0178092372,1.9800192953,-0.9227923031,0.4571428571,2.060853391,108.0,7.6113128603,0.3752535483,7.0,0.6904129505000001,0.0016462818000000001,0.6801437378,0.0017187646,0.75,0.14814814810000002,-1.3875044366,-132.5,0.4166666667,1.4940175811,0.39513745910000003,1.5743030707,-390.5,0.1666666667,-0.45571355500000005,470.1666666667,2.4000056964,0.2904188922,1.1941019539,23.0,62.5,2.0121192088600015,0.5566739089,13.0,0.3605923566,0.47061833100000006,1.5108413436,-0.46824684860000004,2.1653896509,0.384942865,1.7725503833,34.0,0.1231884058,-0.7285716614000001,141.0,0.0718888273,0.0649122807,0.0,92.0,146.0,25.0,1.9389917693,0.2982975467,1.5883213041,-0.5899195303,5.7,6.1,382.8333333333,2.0203636969,0.3048653061,0.28584095320641095,286.6666666667,0.5166666667,2.8368466094,0.1963038349,2.1595494985,0.011233545400000001,0.0404761905,-31.0,-18.3728103197,0.76,1.9510932931,0.2788795606,1.5921728577,0.0187772625,-0.5039552426,-0.6690481743000001,0.7679130185,0.2829839867,1.4291229923,-0.2827860472,-0.0829781851,1783.5988095238,20.0,6.0,2221.0833333333,0.8315301179,0.6093769210000001
s103,0.8638325881000001,0.2822670089,1.6479185066,1.8,29.6956521739,0.2333333333,16.95,0.33333333330000003,-0.2582252284,-0.7990562639000001,3.8109371423000002,0.37581183570000004,2.6639760497,0.5135288537,0.044544520500000004,-2.032218162372267,-3.3570658004308527,-6.5850202145278836,-4.272673125635436,2.5496377863,0.2912760294,1.6272873576,0.1666666667,0.5,11.4583333333,0.0125,1.0,-0.0005,-5.625,7.125,0.16168437030000002,3.0,-0.0050804249,-2.2086494689,0.056784107900000005,0.1875,0.6941529235,6.1,4.6,1.5943913205480018,0.4788252010190001,1.9168692530119995,-0.6535426767679996,-2.6723113676627994,-0.018124971900000002,0.1388888889,-1.8616595749,-1.3778137071,-0.7962484724000001,3.7276379925,2.3597376314,0.2635012009,1.8265274226,-0.8308046694000001,0.1428571429,3.7967503866000003,143.0,0.0331595576,-0.6040336065,3.0,0.7385379791000001,0.0010727896,0.7926330566,0.0011125346,0.6388888889000001,0.2962962963,-1.038071713,167.5,0.0526315789,1.5566935208000001,0.4422603624,1.9891958701,-128.0,0.2,-0.2358879918,451.1666666667,2.4795680832,0.2666121088,1.8661822619000001,46.0,145.0,-11.5155628609,0.5936422140000001,3.0,1.0458897658,0.4594413524,2.1771359159,-0.6456349042,2.7846345563,0.4670486735,1.748242231,49.5,0.1071428571,-1.4157035674,129.0,0.0818989383,0.1701754386,0.0,115.0,173.0,17.0,2.455414801,0.3364583892,1.3403593638,-1.0891323569,4.6,4.7,321.8333333333,2.3279199383,0.32134253479100006,1.1562788152395103,259.0833333333,0.5388888889,3.0876975247,0.32986821650000003,1.6742190019,0.0054812573,0.0285714286,-25.1666666667,-4.6542734519,0.0,2.6535900794,0.432967928,1.899205963,-1.4919173213999999,-0.4924840641,-0.1892837477,1.612534745,0.40230921010000004,1.5289600928,-0.4049479983,0.1081968329,2633.0590909091,6.0,8.0,2609.8333333333,0.593664155,0.5745071466
s105,0.9088497581,0.2641399451,1.0686917386,1.05,41.5,0.4666666667,25.5,0.2,0.1012218074,-0.5959029362,3.1327831785,0.3414623331,2.0720547342,-0.6766825351,0.6951583904,-0.6219580923634082,-2.203823693593937,-9.158431267238754,-8.108835603896189,2.6579872375,0.27972740690000003,1.9152046278000001,0.1666666667,0.1666666667,15.875,0.07083333330000001,0.0,-0.008833333300000001,0.7083333333,22.2916666667,0.0171284635,2.0,0.0057371956,-2.2298488665,0.036916253600000004,0.33333333330000003,0.9195799635,6.3,4.7,1.0619902624,0.3827047343,1.688793288,0.798317001,-6.234772643202604,0.0025583834,0.8611111111,-0.7025016562,-0.8608293917000001,-0.6932395302000001,3.1607721784,2.1000994503,0.2240206331,1.6562878024,-0.7870721941000001,0.3714285714,2.2302886033,155.0,59.8991114415,0.8568707964000001,6.0,0.7342792511,0.0019930811,0.8955169678,0.0019821293,0.6388888889000001,0.6296296296,-1.9608091822,-19.5,0.38305965481699994,0.9359884478,0.2768779316,1.6102106787000001,174.0,0.1111111111,-0.2745417385,295.8333333333,2.4813482540000003,0.3333633076,1.4123887747000001,-14.0,40.0,-12.1619807314,0.5576468825,3.0,1.1013155905,0.5171332438,1.6758347179,-0.3631160305,2.451685328589,0.402495527765,1.7959764512749994,8.835,0.10250493402399996,-1.2787541096789998,160.0,0.055721954100000005,-0.3385964912,0.0,94.0,163.0,22.0,1.563954451,0.3366671637,1.232678511,-1.3389026752,6.3,4.8,197.0,2.8692924796,0.4107051232,0.595713934409341,257.25,0.5055555556,2.4794926071,0.3040257482,1.2864124415,0.0050807622,0.069047619,73.8333333333,22.685520362,0.0,1.8911571214,0.2748157969,2.178107597,-1.0755153147,-0.1862490810320001,-0.2650868673299999,1.0466473753170005,0.22213053425499993,1.8175866051280005,-0.49380851252400004,-0.22366360182500003,2160.1686147186,4.0,9.0,3798.4166666667,0.8215974089,0.3816790055
s106,1.0307395024,0.0689680597,1.4205195399,1.65,34.6666666667,0.2,21.8823529412,0.4333333333,-0.2767798828,-1.4433897787,2.5223173132,0.3819122896,1.1581395128,-0.1952590347,0.9131181507,-0.4989500711045759,-1.1958523261704683,-11.097147055587,-10.285093566065271,5.3541066159,0.2437929078,1.1273904565,0.1666666667,0.33333333330000003,17.625,0.054166666700000005,0.0,-0.006500000000000001,-1.625,18.7083333333,0.26575899210000004,2.0,-0.0032017883000000002,-2.2098150782,0.0950163847,0.3125,0.9221298278000001,8.3,7.0,2.2802713962,0.3547784276,1.570168216,-0.20317677680000001,-5.724975968559055,0.0026505896000000003,0.7777777778,-3.107153406,1.8986477332,0.4847229195,4.3506890982,2.3953719388,0.2181876356,1.1858597115,-1.2494826612,0.3142857143,3.4664424285,160.0,59.8991114415,0.8568707964000001,6.0,0.6421589851,0.0012834576,0.6838119507,0.0013489725,0.47222222220000004,0.8888888889000001,-1.4911320543,-214.5,0.2,1.7491047272,0.3475063067,1.2821761812,-228.5,0.2857142857,-0.36987196380000004,290.3333333333,2.4610030788,0.3523727084,0.7320894451000001,47.5,12.5,0.0048136832,0.3842625785,7.0,1.7175163423000002,0.43205192600000003,1.5756980312,-0.2984748521,2.7407734463,0.3890759684,1.3626096881,31.5,0.1,-2.4991780568,111.0,0.033057296800000004,-0.0701754386,0.0,99.0,152.0,25.0,3.3385103218,0.2614218265,1.0610538946,-2.205947374,5.4,4.9,346.1666666667,2.0353635688,0.32495053890000003,-0.13095666904326997,244.75,0.5316666666669997,1.7243845995,0.1563103887,1.7631372350999999,0.0091951408,0.1214285714,29.1666666667,31.9264150943,0.0,2.5765129651,0.35223790400000005,1.6457343645,-1.3628310683,-0.713242959,-0.7126882449,1.3927436418,0.3363687386,1.1961087664,-0.8805977022,0.1532007155,1548.5303030303,4.0,10.0,4390.8333333333,0.41628537860000003,0.6711490993
s107,1.1521978784,0.18954615430000002,1.9718955136,2.25,35.1052631579,0.36666666670000003,41.0588235294,0.4333333333,-0.5562013817,-0.7297983317000001,3.5331555831,0.3407981566,2.0669615387,-0.7855340993000001,0.4877671233,-1.6751826402131653,-1.7326799567137399,-8.251139970293103,-6.469774062926835,3.5909036078,0.3096697456,1.2448869674,0.6666666667000001,0.33333333330000003,11.2083333333,0.1625,2.0,0.0028333333,-4.5416666667,13.5416666667,0.1211586902,1.0,0.0024072208,-3.7315281276,0.22348738370000001,0.1590909091,0.6430794458,6.7,7.8,1.9295209289000002,0.349899752,1.8507854725000001,0.3123620607,-3.913192478995861,0.0161206933,0.33333333330000003,-4.0840917142,-0.6363578559,-0.5629734621,4.194188013,2.2746722002,0.1022369535,2.0549437039,-1.0385004382,0.2571428571,3.3813588491,164.0,59.8991114415,0.8568707964000001,6.0,0.6801818848,0.0010243,1.0,0.0012345529,0.5,0.40740740740000003,-0.7414420946,-249.5,0.0769230769,1.5883376763000001,0.5032634996,2.0769846529000002,-371.0,0.125,-0.3240189505,300.0,2.9114251142,0.29281161710000003,1.4855167913,21.5,38.5,-29.7529814533,0.5763595557,11.0,1.4095013173,0.4727166779,1.939696019,-0.661858907,2.668364876,0.4801755695,1.9643147875,18.0,0.0935251799,-1.7437576017,189.0,0.0558911686,-0.25386996900000003,0.6931471805599453,76.0,152.0,20.0,3.036994985,0.3121561242,1.6167168792000002,0.2986965915,5.8,5.1,244.8333333333,3.2521621658,0.1921515966,1.2217138623123616,264.6666666667,0.5166666667,3.2515412158,0.315948234,1.9654683806,0.016318094000000002,0.033333333300000004,17.6666666667,-18.3796918802,1.0,3.0992628373,0.32675580730000003,2.2857757253,-0.3528931428,0.1408065848,-0.4215091282,2.1893328832,0.3144756758,1.8333731118,-0.6154214218,0.0063708736,2470.2454545455,-1.0,10.0,3937.25,0.22055538830000002,0.1797998153
s108,1.0188762068,0.2297604103,1.4015862668999999,1.75,30.9545454545,0.2666666667,22.5,0.4,-0.5916818986,-1.330711766,3.8641100026,0.49963937020000004,1.7653983261000001,-0.2642556076,0.9625085616000001,-1.1876123122319573,-2.357797375541274,-10.407135663054696,-9.286368648272724,4.1676821447,0.3263370687,1.4129588564,1.0,0.0,4.4583333333,0.1125,3.0,-0.0041666667,-2.2083333333,2.3333333333,0.0208037825,1.0,-0.0018321513,-1.2913711584,0.4588078619,0.2916666667,-0.0018674994,6.6,6.5,2.0397259995,0.4770393297,2.3289041627,-0.0911138143,-5.596868372439181,0.0025552826,0.7777777778,-2.9002118482,0.7940059943000001,0.4902031417,4.3397286539,2.3707988645,0.2242529711,2.0539630839,-0.8075379761,0.0857142857,4.3503317988,202.0,59.8991114415,0.8568707964000001,6.0,0.8256057739,0.0009403176000000001,1.0,0.0011827446,0.6111111111,0.6296296296,-0.3738014176,-88.515,0.0,1.9757825609,0.3189198654,2.9548198823,-146.275,0.0,-0.4488662245,389.3333333333,2.6682167677,0.3178490507,1.7256096153,31.0,87.5,19.2029985212,0.6453253666000001,14.0,1.4808179405000002,0.5089656359,2.476679397,-0.006831023,2.8242052299,0.422563359,2.1499064501,-100.0,0.1,-1.5784166273,154.0,0.06720196340000001,-0.0298245614,0.0,101.0,189.0,18.0,3.3753220375,0.3383536587,1.3562855939,-0.7272821129,6.9,5.8,349.3333333333,3.7064867468,0.3963286092,0.8551174613050148,292.5833333333,0.5166666667,2.9114485502000003,0.30750592600000004,2.1473609160000002,0.0022243286,0.009523809500000001,34.8333333333,50.533870001569014,0.0,3.4334805485,0.4395153357,2.3964633581,-0.9185944751,0.0182151818,-0.4587045856,1.8518014965,0.4338058387,1.7572537658,-0.2175530314,0.0440467139,2609.7727272727,-5.0,11.0,4432.4545454545,0.8789986569,0.4867264704
s109,0.9377087979000001,0.02648069,1.8565173662,1.8,20.9545454545,0.2666666667,17.0869565217,0.2333333333,-0.9231724968,-0.43768988870000003,2.2914358764,0.3629734887,1.6401004384,-0.2780387585,0.42875171230000003,-1.6953726588348552,-2.5331296807878547,-7.72202521586231,-6.609733669249619,2.4019771073,0.2546129589,2.4549075667,0.6666666667000001,0.1666666667,8.4166666667,0.0666666667,1.0,0.0016666667,-1.5,10.875,0.0375,1.0,-0.001745098,-1.0196078431,-0.1375755588,0.2916666667,0.5784639895,7.3,7.2,1.4753229121,0.44453289630000004,2.083442046,-0.4583800724,-3.31634433118438,0.0218669747,0.30555555560000003,-0.7143625859,-1.506342196,-0.6468257519,0.9790301346,1.0052613321,0.0558487812,1.6960671991,-0.3422410601,0.2,2.3677245873,133.0,59.8991114415,0.8568707964000001,6.0,0.7423069,0.0015015255,0.9576660156000001,0.0018466349,0.3888888889,0.48148148150000003,-0.6591153085,247.0,0.3125,1.4004380643,0.4951674894,2.2904350069,-573.5,0.0434782609,-0.2448850937,336.6666666667,2.0869092295,0.24807981140000002,1.4086233317999999,50.5,27.5,2.3498472124,0.7997560254,9.0,1.115431138,0.5748917689,1.7376328505,-0.0784271347,2.2611626667999998,0.2517616635,2.663322592,11.5,0.1007194245,-0.7566121423000001,91.0,0.0292713921,-0.0017543860000000001,0.0,118.0,159.0,18.0,1.8224291288,0.3298377601,2.1619876241,-0.23219232780000001,6.0,6.7,397.5,2.2767442868,0.439794593,-0.04068470946511292,345.9166666667,0.5388888889,2.2958758404,0.38569847890000003,1.3987019934,0.0002470649,0.1666666667,81.5,2.9725810885,1.0,2.1323041941,0.47150839250000004,1.937448926,-0.9281339319,-0.1893567021,0.4164240716,1.375584487,0.1872599733,2.1048836781,-0.1252389736,-1.0679533829,2495.975,15.0,5.0,3599.0,0.7896617864000001,0.3525971572
s110,0.4756152879,0.18822205190000002,1.1475218803,1.3,26.75,0.2,12.72,0.1666666667,-0.8007435547,-0.8196779741,2.4411968261,0.2703950396,1.2080034654,-1.6311935354,0.074640411,-3.3171978136191678,-3.4141056794191247,-6.820953932109461,-3.3023091824287976,2.7637758728,0.2156616197,1.4737550206,0.33333333330000003,0.33333333330000003,5.1666666667,0.1,2.0,-0.0003333333,-1.6666666667,10.75,-0.0465824065,2.0,-0.009286147600000001,-1.9732052578000001,0.5658187411,0.306122449,0.4581924416,5.7,4.6,1.2165283159,0.30730422690000003,1.6740326229,-0.3900598958,-1.5394400156876027,-0.010132509100000001,0.0,-2.3698049230000002,0.13003798460000002,0.3298219498,4.6604910377,2.529700033,0.17870165070000002,1.3382310193,-0.7017421781000001,0.0571428571,4.5619233948,120.0,25.7627506452,0.3968411315,9.0,0.6435934067,0.0008878011,0.8122179031000001,0.0013406952,0.3888888889,0.14814814810000002,-1.4001626376729994,-62.565,0.4198475764430002,1.290370199742,0.36852496875699997,1.5173150406829998,-72.835,0.22392128327499997,-0.36401861319600004,339.569999999999,2.593680510659,0.290434776132,1.4361542408520003,16.77,68.84,2.034101344597999,0.4421847098,7.0,0.824567166,0.24740424830000002,1.5780211966,0.0461024071,2.3938583504,0.36534264380000003,1.9005660787,-50.0,0.1071428571,-2.1790116605,102.0,0.0110473978,-0.0743034056,0.6931471805599453,67.0,105.0,21.0,1.3429852693,0.1999562195,0.8730642172,-2.4539209895000003,5.5,4.7,329.8733333333299,2.5792645210619995,0.301624512969,0.47278581177050794,286.0483333333361,0.5315555555569995,2.4193808874800005,0.288855703735,1.6629945604199992,0.0062887461129999996,0.085047619039,19.308333333331003,39.814684716565,2.0,1.9122367451,0.2991770944,1.5055409213000002,-1.5478818892000001,-0.2917599829560001,-0.23949268849200003,0.9076923796140002,0.16228409105999997,1.8272465621010001,-0.41080481425199994,-0.22968184748499998,2182.7481481481,4.0,7.0,3268.5,0.876295535,0.397047688
s111,1.22305993,0.2493021892,1.6817690996999999,2.35,22.9545454545,0.2666666667,13.6363636364,0.2666666667,-0.9600012823,-1.5932673797999999,2.965849199,0.383578837,2.2574700363,-0.6411374818000001,0.21721489730000001,-3.311780937666197,-3.2822734450808126,-6.983138741150591,-5.031193498584443,3.5821943917,0.2879346766,1.755768749,0.8333333333,0.1666666667,14.9166666667,-0.125,0.0,0.0006666667,-0.5,20.4583333333,0.12916666670000002,1.0,-0.0031176471,-4.2549019608,0.1778842246,0.08163265310000001,0.9441226354000001,10.5,10.9,0.5846256263,0.40995704400000005,1.8032325073000002,-0.563555385818,-2.5392008393717376,-0.009882356,0.0833333333,-1.8932351197139992,-0.863937818112,-0.42354069104,3.4183277992709993,2.2582867573659993,0.15286763126599998,2.0058380114560004,-0.7717910818,0.1714285714,3.4406522452,160.0,2.8450011804,0.1342500019,5.0,0.7748316765000001,0.0015883648000000002,0.9517501831,0.0019421936,0.6111111111,0.2962962963,-1.0761648868,-84.435,0.0,2.0496861427,0.46264000390000004,1.8135126842,68.5,0.1428571429,0.0239049133,346.6900000000041,2.8134398587370004,0.318355258301,1.576092759181,21.61,63.925,-8.6357489967,0.6066099114,11.0,1.54923477,0.38792473660000004,1.9966254973000002,-0.7866708125,2.2392378959,0.48368197970000004,1.8006505681,27.0,0.083032491,-0.8487944205,146.0,0.0461780116,0.18947368420000002,0.0,107.0,182.0,16.0,3.1138070578,0.3344707307,1.7783870678,-0.2917662598,6.3,6.5,306.0,3.2066154425,0.3526118171,0.5209635928753862,303.25,0.5222222222,2.2463699447,0.3124184261790003,2.415022731,0.0049002237,0.0666666667,75.5,90.9652358241,0.0,1.8343023846,0.3205606894,1.8099745504,-1.0010382718,-0.1649139208,-0.0326579845,1.6113619113,0.3281557363,1.3957891923,-0.9519023382,-0.9378812868,2836.81,6.0,7.0,4958.9166666667,0.19358731710000002,0.3772382368
s112,1.2762357937,0.226315641,1.3848900805,2.25,31.7083333333,0.2,27.4545454545,0.2666666667,-0.7104792491,-0.351707725,4.4570440203,0.2417043733,2.5722628049000003,-1.1122472977,0.1064828767,-2.2757731102949745,-2.627646651924416,-5.318162545949544,-3.750713301248702,5.132602898,0.25142603820000003,1.2821676505,0.33333333330000003,0.5,7.6666666667,0.1333333333,2.0,-0.009000000000000001,-0.5,15.1304347826,0.14460182811299999,3.0,-0.0067591867370000005,-3.1652076038,-0.11337473490000001,0.2857142857,0.4516055741,7.5,9.5,2.3165861679,0.3645388725,2.0619639587,-0.5549218428,-2.2454708126921585,-0.0225903072,0.0277777778,-1.8536872683999999,-1.2570812819000001,-0.5629734621,4.194188013,2.9773041635,0.1639174784,2.0157543377,-0.8893284577,0.11428571430000001,4.1867508355,161.0,2.3916188301,0.3492235958,5.0,0.6882799149000001,0.0018032989000000001,0.9500000000000001,0.0026627253,0.6388888889000001,0.14814814810000002,-0.3306061851,-73.0,0.0909090909,1.9286893822,0.35126045310000004,2.2988500467,-123.26,0.0,-0.2051254569,304.3333333333,2.8613022266,0.2834880092,1.3435809662,42.0,53.0,2.2613393139999998,0.4629805634,12.0,1.7794273188,0.3508978052,2.5738132903,-0.0280113352,3.8599461147,0.3432679717,2.041547882,-15.0,0.1,-2.6576588988000003,158.0,0.0986026031,-0.1245614035,0.0,77.0,117.0,25.0,4.2422668841,0.2280122372,1.4927366521,-0.5609753951,6.8,6.1,254.6666666667,3.1730207676,0.3226203495,0.42227213876787506,207.0,0.5166666667,3.4228816398,0.3246658712,1.5501357639000002,0.0187734999,0.0261904762,-5.3333333333,24.2765223771,0.0,3.0894694428,0.3076840991,2.4978431008,-1.1381817878,-0.7050629672000001,-0.36157789960000003,1.6872402817,0.2793369928,1.8943674574,-0.4209687744,-0.3704090331,1095.1261423761,25.0,7.0,3092.0833333333,0.2244849429,0.4926384454
s113,2.0630513482,0.3835545457,1.1445623569,2.424333333333,14.2307692308,0.1333333333,8.7692307692,0.1333333333,-0.3434499854,-1.4024609403000001,3.4888953637,0.39183513610000004,1.6219714341,-0.6416951355,0.2277328767,-0.818663810743201,-3.1077741151995744,-7.565946404051032,-7.073805258836398,2.795513434,0.2983481758,1.1690374997,0.33333333330000003,0.33333333330000003,8.0416666667,0.054166666700000005,2.0,0.00016666670000000001,-1.9583333333000001,7.7083333333,0.0312604341,1.0,0.0008380634,-0.6596410684,0.0042067037,0.08163265310000001,0.9621635233,7.7,6.7,3.5292793872,0.4045562754,1.9271695609,-0.3002323173,-4.781209827394125,0.0070932781,0.5833333333,-4.0450304479,-1.0483229878,-0.2331515124,3.5345441135,3.0121497383,0.2456736623,1.4128862221,-1.1652624446,0.2571428571,3.6348828618,254.0,59.8991114415,0.8568707964000001,6.0,0.7003479004000001,0.0022545397,0.876083374,0.0026879603,0.6944444444,0.40740740740000003,-0.9226806492,-163.0,0.25,1.9145759296,0.406045038,1.5466559160000002,26.0,0.0555555556,-0.3672207154,307.0,2.3441785984,0.341175224,1.5161387235000001,-11.0,67.945,-16.3297455906,0.288617244,11.0,2.3531127631,0.4397703113,1.7542003004,-0.21769623200000002,3.9514390348,0.4401920286,1.2828157082,11.5,0.1071428571,-2.195746748,160.0,0.0992574638,-0.0087719298,0.0,80.0,164.0,17.0,4.1309992879,0.3406483155,1.406468801,-0.2923610459,8.1,6.5,307.3333333333,4.421739412,0.4114960117,0.4692954779407768,303.75,0.5055555556,4.2042746628,0.3868479401,1.427400044,0.0180023879,0.0238095238,14.5,12.4625462692,1.0,2.8702666736999998,0.3793910547,1.3669896033,-1.2635295142,0.2347783956,-0.5993080078,2.3633279652,0.3449502571,1.3680856258,-0.2331448274,0.4191148749,1688.7310606061,11.0,8.0,3652.6666666667,0.4616755467,0.2368994485
s114,0.8970887916,0.150545447,2.0760476326,2.15,50.6666666667,0.5,30.7142857143,0.5333333333,-0.2828758084,-1.0445962183,3.0020964906,0.3553198554,1.8010326492000002,-1.697593716,0.9062585616000001,-0.6563101015836893,-1.5268681053370168,-8.895681468480221,-8.022435670969898,4.13313415,0.2992597944,1.3869291382,1.0,0.0,11.3333333333,-0.0666666667,1.0,-0.0026666667,-3.3333333333,12.0833333333,-0.0926041667,2.0,0.0014958333000000001,-3.3177083333,-0.1428571429,0.25,1.0919080919,8.1,7.8,2.0276969421,0.44974122240000003,2.5880670437,-0.8974443581,-6.555102232039217,0.0002667985,0.8888888889000001,-1.0894986218,1.5423409022999999,-0.3719338943,3.8121088774,2.7625123949,0.1103687146,1.9482026024999999,-0.8075379761,0.0857142857,4.3503317988,191.0,7.6113128603,0.3752535483,7.0,0.8469238281,0.0010305459,1.0,0.0007238719,0.6666666667000001,0.7407407407000001,-0.6159401953,132.0,0.1818181818,1.9098704288000001,0.42984595200000003,2.0134959471,-111.865,0.0,-0.050609577700000005,407.0,3.1690364917,0.3170381936,1.4494095008,39.0,90.5,-2.7351233054,0.4050108498,16.0,1.9121053767,0.5753015656,1.9278737441,-0.3083924035,2.9454040751,0.4287408399,2.4331807248,-35.0,0.09285714290000001,-1.0760226478,94.0,0.0556798686,-0.1527347781,0.6931471805599453,124.0,191.0,14.0,3.6339753263,0.31041809800000003,1.9297292673,-0.8691758959,6.6,5.4,390.6666666667,3.2462304479,0.3094167768,0.8367088979419987,277.0833333333,0.5166666667,3.9803860064,0.33366865770000004,1.8335696059000002,0.0136743921,0.0166666667,-5.5,14.6068907563,0.0,3.459430368,0.2976252535,2.159455356,-1.2331024825,-0.1881681247,-0.2139943124,1.9073410783,0.050123490900000005,1.9804755177470006,-0.2134369565,-0.46732874900000004,2805.53125,-2.0,8.0,5532.6666666667,0.5121754442,0.6783154804
s115,1.1460965764,0.0541636386,1.6317270801000001,1.9,9.7142857143,0.0666666667,5.28,0.1666666667,-0.41256390330000003,-0.47351404950000003,2.6718778616,0.3146406561,1.3283149592,-1.4820334909000001,0.7956181507000001,-1.4122903054482026,-3.0023465658368753,-9.901232097987096,-6.609569489219762,4.7887997713,0.2028847296,1.6391294296,0.33333333330000003,0.0,17.9166666667,0.0416666667,2.0,-0.006666666700000001,-5.4166666667,14.5,-0.0445803842,0.0,0.0009832154,-1.1587462083,0.2903648942,0.24489795920000001,0.7930884972000001,5.6,7.4,2.4486939045,0.4481818549,1.6116185435000001,-0.6435946330000001,-1.416566079377679,-0.0165198227,0.1666666667,-0.7442995311,2.0462994591,0.0,5.3201349372,2.3175979593,0.10959835820000001,2.0435703643,-1.070541321,0.2,3.8243251091,176.0,10.925098711,0.2565783653,8.0,0.7428085327,0.0009563965,0.8442489624,0.0009285640000000001,0.6388888889000001,0.5555555556,-1.0259234435,-264.5,0.2,1.5225766654,0.1767544241,2.2967987076,-332.0,0.15789473680000002,-0.5140805693,339.04666666667106,2.6366540611600002,0.29250325624299994,1.48006173319,19.21,66.655,-1.9877173395,0.4206236471,13.0,1.93920461,0.35210067300000003,2.0292120019,-0.3774896515,2.7893022961,0.34516450590000003,1.420747237,-1.0,0.0892857143,-2.6566849077,55.0,0.028173206500000002,-0.0684210526,0.0,110.0,152.0,22.0,2.5643095594,0.1967683868,1.0867942075,-1.2339268092,5.6,4.5,317.0,2.744294717,0.1774525085,0.38680884388668135,294.8333333333,0.5333333333,2.0425290747,0.2684008764,1.0339470246,0.0163476514,0.1476190476,75.0,-13.5733142037,1.0,2.4555459836,0.23413180860000002,1.9720480899,-0.8327542081,-0.8572066243,0.1065623319,1.6941548164,0.265718289,1.3162638123,-0.1390632292,-0.44739580370000004,3295.9203703704,2.0,6.0,4045.2916666667,0.8538180735,0.15314465330000002
s116,1.0687201822,0.0608401961,1.8085538578,1.9500000000000002,33.3684210526,0.36666666670000003,24.2631578947,0.36666666670000003,-0.4376552046,-0.2419782771,4.4017098328,0.36598702250000004,2.7932346701,-0.5892091198,0.0702671233,-3.1680899368144737,-2.398713243945574,-5.530491571747951,-3.5960804136734965,4.9927377939,0.2795304061,1.4403610945,1.0,0.0,12.2916666667,0.0208333333,1.0,-0.0008333333,-2.2916666667,24.375,0.0723086627,1.0,-0.0005920942,-2.446804037,0.0722349583,0.12244897960000001,0.9796837705,9.1,9.0,1.5902731468,0.4474988902,2.0527440771,-0.7282978851,-7.929159334846274,-0.0105973092,1.0,-1.7083850262,-1.5948093483,-0.4152015081,3.131101777,1.5560073024999999,0.0242166091,2.5302530098,-1.1652624446,0.2571428571,3.6348828618,198.0,25.7627506452,0.3968411315,9.0,0.6607891083,0.0013086155000000001,1.0,0.001440333,0.5833333333,0.37037037040000004,-0.49728375500000005,255.0,0.2307692308,0.9711522329000001,0.4403704323640001,2.6093015518,156.0,0.1111111111,-0.8535818898,401.8333333333,3.7735098519,0.3257313895,2.1857206114,34.5,37.0,4.6717410516,0.4809134437,9.0,1.8118330921,0.6198566031,1.9082773573,-0.18259992260000002,2.9300635738,0.4027048505,2.27350013,14.0,0.1178571429,-1.1201738855,187.0,0.046270012400000005,-0.0029411765,0.29936662833112376,69.0,124.0,16.0,3.7574815925,0.2920022239,1.7693663711,-1.2919843175999999,5.4,7.0,287.8333333333,5.9774834726,0.3886741188,0.7582712839165618,278.9950000000031,0.5188888888969997,3.3882442454130004,0.3393416129269999,1.8712147792399996,0.010030667356999996,0.03773809523299997,28.355833333329997,35.85223712002901,0.0,3.2397143861,0.36869879040000003,2.068685311,-1.6196538649,-0.6384497450000001,-0.5075423906000001,1.9348129565,0.3140795087,2.0689025733,-0.7899681075,-0.22152297780000002,2299.5104166667,6.0,8.0,4424.8333333333,0.2321860118,0.1341789726
s117,0.6564797771,0.034687424200000004,1.6166955469,1.65,32.5416666667,0.2,9.12,0.1666666667,-0.4054823587,-1.2830628320000002,2.5562177307000002,0.31772402050000004,1.2029338441,-2.5208216183000003,0.2577328767,-1.230462121507097,-2.3745267705444224,-6.906227346865154,-8.060124420423142,4.1595164131,0.2759287328,1.6606004263,0.1666666667,0.1666666667,13.875,0.0458333333,1.0,-0.0015,-4.9583333333,16.4583333333,0.0697399527,1.0,-0.0114751773,-3.265872209958,0.1734805124,0.25,0.8282910875,6.9,6.4,1.9747330932,0.3870627078,1.9673865815,-0.2694331837,-7.932362279339759,-0.010724997,1.0,1.0806893356,0.7659087,-0.9092231175000001,3.5016887022,2.1927806723,0.0178476885,3.26368369,-1.0816155204,0.2857142857,3.2951286846,182.0,2.3916188301,0.3492235958,5.0,0.704897542595,0.0016493585520000005,0.8675479536060001,0.001993646144,0.566944444449,0.5185185185,-1.2333626112,140.5,0.3684210526,1.555220302,0.5129032744,1.6643015782,-143.66,0.0,-0.8921823008,402.0,2.3594376369,0.2849428817,1.2464945245,10.5,37.0,11.2944182835,0.5464255946000001,9.0,1.8022252794,0.5473240534,1.8344189590000002,-0.8870280396,3.6026616359,0.4036981754,1.8633267685,1.0,0.125,-1.9567445194,182.0,0.0504860716,-0.0210526316,0.0,70.0,155.0,22.0,3.8036903842000003,0.2733928698,1.9155072939000002,-0.8744428435,5.8,6.4,210.6666666667,2.5720604471,0.31616569450000004,0.45091663500312834,305.375,0.5277777778,2.757455293,0.3469870875,1.186515429,0.008850619300000001,0.07619047620000001,-1.4166666667,11.3630739173,0.0,2.0055481554,0.3464055364,1.6187824162000002,-1.7684054844000001,-0.3204922052,-0.41267496940000004,0.5099614571000001,0.1049032595,1.8279565397000002,-0.34166347340000003,0.16931991670000002,1246.1351010101,14.0,7.0,1865.4166666667,0.5525137641,0.1646735439
s118,1.1045183271,0.0251018829,1.8547905828,2.2,37.652173913,0.2333333333,24.1052631579,0.36666666670000003,-0.3746323111630001,-0.9231810407920004,2.7737582233489997,0.35751887760800005,2.0198312632000004,-0.6344988364609998,0.38997602740000004,-1.2355859983592705,-1.6790624044227191,-8.227701756847784,-9.397420834420346,2.2598596833,0.2679598341,1.5020283561,0.5,0.33333333330000003,26.375,0.0125,1.0,-0.0008333333,-1.9583333333000001,28.3333333333,0.0198970457,1.0,-0.0005899731000000001,-2.0230528201,0.0040588849,0.45833333330000003,0.0369271635,9.6,5.5,1.0207972244,0.4127169538,1.7638855635000001,0.26857072930000003,-4.648118847908516,-0.0184643759,0.9722222222,-1.0951934881,-0.46028621950000004,-0.2112178171,1.1546483479,0.9271206902,0.0896327643,1.4904519534,-0.5618994783,0.3142857143,2.0912760627,122.0,7.6113128603,0.3752535483,7.0,0.7099784851000001,0.0019074815,0.6520933151,0.0020505553,0.7777777778,0.9629629630000001,-1.4115849375,-267.0,0.2142857143,1.5575595218,0.3634396768,1.9299476688000001,-277.5,0.2222222222,-0.2272946066,363.35166666667004,2.1879568478220004,0.33099358341099994,1.4841474939780002,34.105,64.685,3.3972244344600004,0.6310827948000001,11.0,0.6803413478,0.22615937,2.251087042,-0.061575246900000005,1.7723481051,0.4350098598,1.8638331048999999,12.0,0.097826087,-0.1592205021,70.0,-0.0038859856,0.1514705882,0.5356933400666791,60.0,102.0,15.0,1.9176819993,0.30159898209399993,2.4816701791,-0.218370636,7.1,6.6,405.8333333333,2.2410113402,0.377385683,0.2653357746931817,339.2083333333,0.55,1.9163055725,0.3615662283,1.4769058637999999,0.0043160803000000005,0.1285714286,-17.0833333333,-30.8352851246,1.0,2.361732368,0.3303051422,1.9477283732,-1.1673658453,-0.46457737920000003,-0.880259557,1.0687250226,0.0358512246,2.2670114862,-0.2673994827,-0.5785091154,1615.8611111111,11.0,8.0,5782.75,0.2146047002,0.5358911621
s119,0.7688764398,0.0891617363,1.9188999266,1.7000000000000002,36.6666666667,0.30000000000000004,30.6666666667,0.5,-0.36769656570000003,-0.9201719056000001,2.4793074474,0.3964091954,2.1688084005,-0.6965660302000001,0.9062517123,-0.279381005441302,-2.2888037609217706,-12.240601980427408,-11.073606584105555,1.6036516965,0.226100404,1.9500510017,0.5,0.33333333330000003,8.75,0.0083333333,2.0,-0.0186666667,-1.1666666667,19.9166666667,-0.0345803842,0.0,-0.0020998989,0.07502527810000001,-0.09261322670000001,0.1956521739,0.9477616832,7.0,4.2,0.8825610985000001,0.2130173034,2.1911211193,-0.1378957409,-7.932362279339759,-0.0115401714,1.0,-2.1916035227,0.0030804596,-0.2208356844,2.2159644869,1.2319772895,0.0086261142,1.3104548066000001,-0.8782638345,0.4,2.2632218753,117.0,1.2928725743,0.0438060331,4.0,0.8186729431,0.0024921941,0.9685546875000001,0.0027659963000000003,0.6944444444,1.0,-0.8791013889,124.5,0.2272727273,1.2847733849,0.42477791740000004,1.9161626617,-45.0,0.1333333333,-0.24980352620000001,359.021666666671,2.392721070307,0.31655796184900004,1.467785317260001,23.85,55.205,2.666921254175001,0.6063540763,5.0,0.4680340006,0.4974598192459998,2.2903043904000002,0.7196008196,1.1099583048,0.39591042849900004,2.6386333699,84.0,0.0772357724,-0.1238124089,52.0,0.0244746292,0.040247678,0.6931471805599453,82.0,106.0,21.0,2.0146995968,0.2737414479,1.8414029438,-0.516113668,6.7,6.5,414.5,2.2982555573,0.41124561060000003,0.19200415758620573,285.75,0.5555555556,2.6138410865,0.3729206338,1.5020177837,0.008978131,0.07619047620000001,-5.5,58.5121212121,0.0,1.8855326133,0.3335546525,1.885261008,-1.0509289152,-0.3041871143,0.1173962888,0.775338124,0.055025693800000004,1.9606436412,-0.1326267771,-0.197324291,1910.7420634921,15.27,6.0,2616.1666666667,0.8143660771,0.5164644405000001
s120,1.3924274922,0.1717642016,1.5846146612,2.85,41.9444444444,0.4,39.3888888889,0.4,-0.07958526240000001,-1.5779874336000002,2.1020329137,0.395887898,1.4216221545,-0.06671637350000001,0.5662517123,-0.7939480919193874,-1.2917191961000358,-10.666379315618412,-8.435476808196249,3.1446091742500006,0.26029290689,1.5568479828129997,0.6666666667000001,0.1666666667,9.2083333333,0.22916666670000002,2.0,-0.0081666667,0.2916666667,23.8571428571,0.2825951557,1.0,-0.011920415200000001,-0.9697231834000001,0.2942741487,0.2653061224,0.5446638889750004,9.2,7.4,0.7954907365,0.43011713840000004,1.4025212348,-0.5741457512060003,-3.438481531614749,-0.0200473719,0.0833333333,-1.9859132025,-0.45854386690000004,-0.6130606514,3.2662737684,1.7640217416000001,0.2396380146,1.503775675,-1.2494826612,0.3142857143,3.4664424285,181.0,59.8991114415,0.8568707964000001,6.0,0.6866308212000001,0.0015630254000000001,0.9989257812000001,0.0016732338000000002,0.6944444444,0.40740740740000003,-1.1043850465,-172.5,0.3888888889,1.3292484858,0.3488365667,1.85962248,-1.5,0.0526315789,-0.30132641660000004,368.67666666667304,2.4981698661659992,0.31569821982800006,1.3723330736909998,28.85,65.49,-16.9551354059,0.40108720210000004,9.0,1.7219314902,0.41698202240000004,1.8471927598,0.36546766140000003,2.9925801766999998,0.3791443016,1.3109672186,-8.5,0.1,-1.043073127,67.0,0.0005951905000000001,0.23529411760000002,1.0986122886681098,108.0,152.0,17.0,3.3270248378,0.3018191275,1.504235079,0.1197001399,6.9,5.4,338.761666666662,2.756432845048,0.3405826539010001,0.3448969553442297,363.0,0.5388888889,1.6038975226,0.2032507715,1.4971334052,0.0121837001,0.15,-26.6666666667,-3.0752351097,0.76,1.7413856782,0.3468637238,1.2122959125000001,-1.4814143753,-0.2723250833,-0.8537527536,0.9732792818,0.0471132744,2.0248596881,-0.8607255318,-0.7127590866,1563.2765151515,11.0,7.0,2690.75,0.546293687,0.2956231123
s121,1.2315991586,0.2629942588,1.3914798261999999,2.2,25.2380952381,0.30000000000000004,27.1052631579,0.36666666670000003,-0.14454731440000002,-0.3601904233,3.1909560099,0.3552670093,2.2077684779,-0.2115020899,0.8312517123000001,-0.5212940397637602,-1.3558315920455246,-9.372060796834248,-8.113977611600665,2.6964774126,0.2680370935,1.2185215295,0.8333333333,0.1666666667,13.2916666667,0.10904166666999998,3.0,-0.0135,-3.4583333333,17.7083333333,0.07709359610000001,0.0,-0.0027758621,-1.9439655172,0.0069683718,0.24489795920000001,0.9973275024,8.2,7.9,1.8882053503,0.4582790546,1.9244779559,-0.1048587027,-7.244703508870173,0.00032425950000000004,0.9166666667000001,-1.8819955437,-1.8717974697000002,-0.6505874502,2.6501544007,2.3369310736,0.3198949792,1.4951227473,-1.2281502863,0.4857142857,2.527933836,147.0,7.6113128603,0.3752535483,7.0,0.7005129814000001,0.0012941679,0.9036437988,0.0016637537,0.5,0.8888888889000001,-0.1487001929,-10.5,0.1666666667,1.2485340013,0.5569002805000001,1.7789564229,-148.5,0.0714285714,-0.5360843712,349.11166666667117,2.682202516756001,0.30591606549300004,1.4502296794790006,15.945,56.03,-4.8112669,0.7069009184,12.0,1.7292716651000002,0.5077539739,1.6946251240999999,-0.3726241073,3.1226054432,0.4526688814,1.8441077622000002,-30.5,0.11428571430000001,-1.8513590194,123.0,0.07504776,0.1909184727,0.6931471805599453,115.0,174.0,15.0,2.0393814334,0.2797121939,1.5971784106,-0.2805608579,6.3,6.3,330.588333333335,2.868435433944,0.33410370323600014,0.4074557009970014,401.9166666667,0.5111111111000001,2.0586300084,0.2781493742,1.5968834702999999,0.0032034161,0.0904761905,32.82333333333001,22.341595878,0.0,2.1683599626,0.45829260180000003,1.4337972299000001,-1.9354183667,-0.3527450352,-0.3309279127,1.2617990235,0.2978153573,1.7009217566000001,-0.08225789330000001,-0.2647296692,1940.5,13.0,9.0,2887.8333333333,0.5924475333,0.2381674601
s122,1.3451009459,0.1392580484,1.8876528167000002,2.8,36.1363636364,0.2666666667,40.6470588235,0.4333333333,-0.4574464284,-1.5796296780999999,2.8721499741,0.3721741105,1.5666274622,-0.8960965497000001,0.1572876712,-2.16357536911647,-3.047295972918725,-6.572054983087659,-4.344977369716388,4.5012155369,0.2830378416,1.0994090558,0.1666666667,0.33333333330000003,20.4583333333,0.054166666700000005,2.0,-0.0135,-2.0416666667,25.9583333333,0.1305963604,1.0,-0.00018329310000000002,-0.0065775049,0.2114445945,0.4375,0.1478216845,6.8,7.9,1.8141156737,0.3559517394,1.7163388175,-0.49634318600000005,-1.5404450408804822,-0.0087015665,0.0,-2.3122032813,0.8134935413000001,0.1976700244,4.9247948884,2.0002103278,0.0109003585,2.2741175746,-1.2890129854999999,0.3428571429,3.38738178,179.0,59.8991114415,0.8568707964000001,6.0,0.7210472107,0.0009410965,0.7326921225,0.0012031533,0.7222222222,0.0740740741,-0.9540557929000001,-321.0,0.1904761905,1.6727450576,0.4156762693,1.5813377722,-255.5,0.1428571429,-0.1489892118,361.0,2.4542303713,0.30027572350000004,1.3528028475,33.0,43.5,5.0101947974,0.671919312,11.0,1.6408502265,0.4089952734,1.5790395443,-0.3292400715,3.316553139,0.39456994568599996,1.726714339407001,-45.0,0.0892857143,-0.5613212689,155.0,0.0341770353,0.0629514964,0.6931471805599453,131.0,191.0,16.0,4.073821762,0.2866115037,1.2998609946,-0.6736170344,5.8,5.5,349.0,2.8470274965,0.3240535342,0.17096134356021164,285.6666666667,0.5166666667,2.2452526917,0.29333738470000004,1.2159138876,0.012636597000000001,0.1047619048,18.0,-18.0766049117,1.0,2.2674649013,0.2785531234,2.1010369112,-0.5257467865000001,0.6463266573,-0.8373406549,1.9925315720999999,0.3098068169,1.4113340843,-0.6422322442,0.17092467490000002,2471.875,-4.0,6.0,5343.25,0.8716430231000001,0.6248906151
s123,1.1882599291,0.25406419999999996,1.0359140534,1.3,25.5714285714,0.30000000000000004,28.88,0.1666666667,-0.8822550840000001,-0.6328181713000001,2.2429095722,0.3266495575,1.0408893067,-0.7931367850000001,0.5637517123,-2.754264490761766,-3.3788295531919457,-8.22691187492792,-5.3981795148590965,1.8698970776000001,0.2635578923,0.895454873,0.0,0.1666666667,14.9583333333,-0.22083333330000002,1.0,-0.0011666667,-3.375,22.0869565217,-0.0346674877,2.0,-0.007148275900000001,-3.4895320197,-0.4880753786,0.08163265310000001,0.6414462781,9.2,6.8,1.164811554,0.3717141231,1.3427555468999999,-0.5510391399,-0.5987186461998643,-0.011414402700000001,0.0555555556,-1.0817758724,-1.1007115689,-0.7848481349,2.4311508684,2.5184883598,0.28545816700000004,1.063185995,-1.070541321,0.2,3.8243251091,147.0,2.3916188301,0.3492235958,5.0,0.63859272,0.0016944568,0.7497940063,0.0021338437,0.3888888889,0.2222222222,-1.2966069693,-9.0,0.4210526316,1.3068826487,0.3143962236,1.2352630301,-88.5,0.2173913043,-0.1663893688,261.3333333333,1.9783263101,0.295004085,1.1720945139,7.0,18.0,6.823708991176,0.3752646685,4.0,0.48107854310000003,0.2721092919,1.4478931734,0.10274344540000001,2.4562259445,0.3913042237,1.1016275467,24.0,0.126394052,-2.2886300091000003,122.0,0.0358547295,0.14385964910000001,0.0,105.0,138.0,21.0,1.4271078473,0.27667444950000003,0.9306959708,-2.1650862853,4.9,4.4,407.5,1.4958347753,0.2993946268620001,0.535618025523599,260.75,0.5388888889,2.2172959043000002,0.2731358188,1.3232850937,0.0049561698,0.1333333333,5.8333333333,13.1245841495,0.0,2.2168704719,0.3025482375,1.5788193320000001,-1.8721244374000001,-0.12384287070000001,-0.5023027859,0.8765177540000001,0.26187274120000004,1.2855155305000001,-0.7502083650000001,-0.2092192199,2438.8729166667,13.0,5.0,4646.0,0.3547658628,0.16837524710000001
s124,0.822372733,0.031026245600000002,1.7461868742000002,1.7000000000000002,15.68,0.1666666667,9.4761904762,0.30000000000000004,0.14269822910000002,-0.49220770210000003,3.9759062160000003,0.4034007003,2.7465889848,-0.3272190306,0.1669811644,-0.7171977903432281,-3.0449009339440813,-6.7467189029238135,-7.519316205288193,5.205605238,0.3000601584,1.983189736,0.33333333330000003,0.33333333330000003,5.7083333333,-0.0291666667,2.0,-0.0045000000000000005,-2.5416666667,3.0416666667,0.0221428571,2.0,-0.0018571429,-0.5785714286,-0.2218880588,0.1458333333,0.892823224,7.3,6.1,1.5422768661,0.5889470123,1.7048096464,-0.6789981783,-5.768908688451277,0.0019587788000000003,0.8055555556,-3.0999101307,-2.2477661352,-0.5794907613,4.1611534147,2.4502504704,0.31036870310000003,1.5572657505,-0.5402436899,0.0285714286,4.8849203713,122.0,25.7627506452,0.3968411315,9.0,0.7038527489,0.0012595002,0.9393554688,0.0012966393000000001,0.7222222222,0.7777777778,-1.5389139580000002,3.0,0.1333333333,1.9234587888,0.4649839591,1.5981044033,-313.0,0.2727272727,-0.45268183630000003,332.1716666666681,2.0595388263,0.3720069663,1.7005259799,75.0,96.0,0.32097478960000003,0.3774352492,6.0,1.0572859312,0.429390989,1.89516645,0.2071505633,2.7787603716,0.4619283376,2.2097851617,34.5,0.1111111111,-1.1073908208,197.0,0.0954808359,-0.1263157895,0.0,74.0,128.0,16.0,3.1913003922,0.3308300502,1.4767858917,-0.9957540638000001,5.9,6.4,252.8333333333,5.3730509045,0.3022038252,1.337707161085595,349.3333333333,0.5166666667,3.826330092,0.4166954994,2.1648430945,0.0061050862,0.021428571400000002,70.0,74.1001492969,0.0,2.4842238491,0.3257082952,2.1625732285,-1.2594753927,0.0331433186,-0.8256027032000001,1.2861039693,0.4022351759,1.7943516110000002,-0.7204985586,-0.1620407442,2526.1970750127966,-9.0,4.0,5892.9166666667,0.7978104555000001,0.4606131786
s125,0.7811462949,0.054140003000000006,1.7316281894,1.75,14.9166666667,0.2,12.0454545455,0.2666666667,-0.6534164875,-1.8268937831,2.8833319419,0.4305071384,1.5767844316000001,-0.6135062492000001,0.7223433219000001,-2.0080643002368865,-2.600859663810722,-11.988416120448731,-6.342691728516871,2.5451555157,0.2589974081,1.3791382334,0.33333333330000003,0.1666666667,11.5833333333,0.2583333333,2.0,-0.0016666667,-5.9166666667,7.3333333333,-0.030075188000000003,0.0,-0.0023007519,0.1917293233,-0.15639939900000002,0.3125,-0.0016561945000000001,7.0,5.9,1.7830318821029993,0.39388102528100005,1.8828665451110007,-0.641237192659,-7.939112365035751,-0.0149629106,1.0,-2.3721088536,-0.2148369191,0.3346735035,4.6507879302,2.0366160664,0.0316920969,2.5294553586,-1.0041893257,0.3142857143,2.9758557574,117.0,-51.8139254021,0.9930316663000001,4.0,0.6982299805000001,0.0017225204,0.6362911224000001,0.0018095494,0.5555555556,0.9629629630000001,-0.7045212126,21.0,0.0,1.8391266495,0.3977758569,2.0142450846,-97.0,0.25,-0.669896055,308.1666666667,2.4240698026,0.40981438140000004,1.3552625072,15.5,24.5,-5.8810823474,0.6910449966000001,9.0,0.7567958225,0.3711376783,1.5623672195,-0.5904462432,3.080772607,0.417976302,1.7368482962,-3.0,0.082437276,-1.2993012483,127.0,0.0644143944,0.2817337461,0.6931471805599453,126.0,192.0,16.0,2.5827578333,0.2750032749,1.6498126738,-0.1340150924,5.6,6.5,305.6666666667,2.7072924557,0.3283284219,0.5403639725750641,300.4166666667,0.5111111111000001,4.4437123771,0.3646582284,2.055748917,0.0115664449,0.0166666667,30.8333333333,-12.3743047564,2.0,1.9230622895,0.45972630940000003,1.5042252152,-1.3721544294,0.1899854447,-0.0829379481,0.6951128322,0.0300321989,2.2321658156,-0.4856275633,-0.3012892372,2178.9833333333,-3.0,10.0,4498.3636363636,0.27840806030000004,0.2645525668
s126,1.1648195842,0.2881710941,1.2633592222,2.0,26.4736842105,0.36666666670000003,30.0,0.36666666670000003,-0.27730301360000004,-0.7556774783,5.3110584368,0.46237195880000004,2.6561289867999998,-0.7409447491000001,0.5693681507,-1.5437656162936277,-3.141986133499629,-8.211447871159159,-5.752249650491981,6.086257518,0.2957145654,1.9953479660000002,0.8333333333,0.1666666667,9.6666666667,0.125,3.0,-0.0036666667,-1.8333333333000001,13.4166666667,0.0446808511,1.0,-0.0014468085000000001,-3.280141844,0.202603685,0.2244897959,0.9318793890000001,7.8,6.9,2.5176533928,0.5269134101,2.1546872182,-0.641984616,-4.969759160776803,0.0010675033000000001,0.8888888889000001,-2.0154460407,0.5953152844,0.3298219498,4.6604910377,2.7827925635,0.2743943763,1.6382680067000002,-0.8893284577,0.11428571430000001,4.1867508355,162.0,25.7627506452,0.3968411315,9.0,1.0,0.0008567671000000001,1.0,0.0008681893,0.5555555556,0.5925925926,-0.8003921496,12.5,0.1052631579,1.7406161014000001,0.48062087410000004,1.8128081941,110.0,0.0454545455,-0.9298300347,350.3333333333,3.2640070613219985,0.3398753008,2.6287047466,57.0,33.0,-9.1503271909,0.7161748481,17.0,1.3076202504,0.4757646332,1.8646044903,0.3703080164,3.008846326,0.4741673522,1.3604119008,41.5,0.1182795699,-2.2014455047,104.0,0.0874275084,0.5036119711,0.6931471805599453,138.0,200.0,17.0,4.3478538339,0.34060689720000004,1.6918205308,-1.4305943714,5.9,5.3,379.6666666667,3.8844271943,0.43825905540000004,0.5774585753832409,298.6666666667,0.5111111111000001,4.419320164,0.3753397523,1.7994051288000001,0.015543213600000001,0.009523809500000001,23.3333333333,31.8931167973,0.0,2.6269324615,0.3318004518,1.6011987499,-0.3762760646,-0.7174881252,0.020894374,2.7640154333,0.4122619423,1.8523422423,-0.33278005310000003,0.5610545920000001,3059.0185185185,0.0,8.0,4209.5,0.2180500143,0.4546000309
s127,1.151647937,0.3381104003,1.8483008132,2.4,4.2222222222,0.1,18.0,0.33333333330000003,-0.4991884405,-0.8955267592,3.1313528586,0.3487973099,1.7608348876000002,-0.5982897036,0.6492166096,-2.9986131312425,-3.3544396128382465,-7.1389672929747015,-4.369025579836659,2.2729843603,0.26759892797500007,2.5354433257,0.6666666667000001,0.33333333330000003,18.1666666667,0.08133333333500001,3.0,-0.011,-4.0,10.7083333333,0.07578680936099996,1.0,-0.0091268293,-2.8302845528000002,-1.665334537e-16,0.0204081633,-4.1633363420000005e-17,7.0,6.1,2.3110787261,0.43795115630000003,1.954858201,-0.5642612116,-2.961618037830499,-0.0150334861,0.0833333333,-2.3251917677,-2.1364751906,-0.6605572732,2.6700940467,1.6924896769000002,0.0155357893,2.1353925192,-1.0228457019,0.5142857143,1.9740581405,116.0,0.0331595576,-0.6040336065,3.0,0.5,0.001632364758,0.7976806641,0.001893329,0.6388888889000001,0.2592592593,-2.4183194899,-96.5,0.8888888889000001,0.7494283791,0.4083612118,1.5126819443000001,-634.5,0.20462112472899996,-0.0651288833,448.6666666667,2.2490559981000002,0.3301721912,1.3983023277,20.0,63.0,0.032491177100000004,0.37165839510000004,7.0,1.8480350549,0.5671792288,1.6046756286,-0.016432267900000002,1.8193602532000002,0.41274387640000004,1.6314267541,-17.0,0.1014492754,-1.2061618371,131.0,0.06859565370000001,0.2105263158,0.0,85.0,134.0,21.0,1.905586903,0.3284025406,1.4642677011,-0.0476423513,6.0,5.5,434.5,1.8308240911,0.3375423440160001,0.7436275965438492,348.9166666667,0.5666666667,1.2836112641000001,0.31462090008900007,1.9876175728,0.0034935116,0.1833333333,63.8333333333,10.2388410062,0.0,1.7493935258,0.39295764920000004,1.5017626436,-2.0554258809,-0.0473648068,0.038222784100000004,0.5302804423,0.0167440874,2.176547171,-0.5840282976,-0.4466723073,1843.8133333333,14.0,8.0,2900.3333333333,0.14499286390000002,0.3356224922
s128,1.185237015809,0.18553652905100002,1.5143432628220006,2.1665000000000005,16.875,0.2,14.1666666667,0.2,0.3290004445,-1.5005548120999999,2.9915420115,0.397393133,1.4251405426,-0.9048151474,0.08432020550000001,-2.4463447420609037,-1.80810813678464,-6.761555281312905,-3.86866516488494,4.5619747084,0.2612751633,2.0395959995,0.1666666667,0.6666666667000001,5.0833333333,0.05,3.0,-0.006666666700000001,-0.75,10.875,0.043577700600000005,2.0,-0.0073253012,-2.2627118644,0.6402580971,0.2857142857,0.45279211960000004,7.3,7.2,3.0567060466,0.3315335105,1.9106646539,-0.6787300836,-3.2087618366155564,-0.0175516016,0.2222222222,-3.7738967645,-2.3414513571,0.33223158610000003,4.6556717651,2.8560468491,0.18540129700000002,1.7433900787,-1.2083775268,0.2857142857,3.5486526974,212.0,46.0626954627,0.8291899447000001,10.0,0.6460633516000001,0.0009903153,0.90440979,0.0019969699000000002,0.6111111111,0.2962962963,-0.8157436625000001,74.5,0.1538461538,1.1825244713,0.42021262260000003,1.8571500374,-177.0,0.2631578947,-0.827049609,344.1666666667,2.5122563478,0.3152791784,1.2799203534,28.0,27.0,2.67926429089,0.5370140674,13.0,2.3626768934,0.32341246760000003,2.1918567438,0.2746498758,2.9760874206,0.4015226705,1.1751357533,33.0,0.1182795699,-2.6209285396,163.0,0.057497588,-0.15087719300000002,0.0,70.0,127.0,16.0,3.1044386023,0.2873430694,1.3421732338,-0.8762323066000001,5.8,5.7,375.5,2.7179188025,0.3483733547,-0.09170864791325223,309.4166666667,0.5555555556,2.7475569909,0.3225710336,1.2956335943,0.0083557831,0.0738095238,44.1666666667,19.9111888112,0.0,2.361924324,0.3271889906,1.5825193051,-1.5928130578,-0.2078967629,0.1114487109,1.6196402760000002,0.29934875780000003,1.6944160169,-0.2298779267,-0.3373846185,1992.3074074074,6.0,6.0,4085.0,0.5120689884,0.404661714
s129,0.8097012282,0.0424275115,1.5605601326,1.55,27.5714285714,0.30000000000000004,37.7,0.33333333330000003,-0.0503980305,-1.1151055818,3.3608897297,0.3721393081,1.776298163,-0.5899054388,0.8037517123,-1.3155359256919663,-3.4053498261388073,-9.178662457416713,-7.391679836279275,4.7244473443,0.29591017740000003,1.3527306009,0.5,0.1666666667,11.625,-0.0958333333,1.0,0.00016666670000000001,-6.9583333333,6.9166666667,-0.0326832151,1.0,-0.0010260047,-1.0780141844,0.3131532952,0.1632653061,0.5796377532,6.3,4.9,1.8325629911,0.5063275532,1.5060742265,0.0599198759,-3.92318923638834,0.0150329374,0.3611111111,-0.8318965061,2.40223773,0.1910395678,4.9380558016,3.8647704338,0.2240085484,1.864321988,-1.0170844173,0.1714285714,3.9312389163,197.0,10.925098711,0.2565783653,8.0,0.5,0.0011231641439999995,0.9959472656,0.0011988790000000001,0.3611111111,0.48148148150000003,-1.1738949751,39.0,0.1875,1.5540108743,0.47342493360000004,1.6517187791999999,-162.0,0.2,-0.451120185,344.911666666669,2.746506292272,0.3303098704959999,1.385644750628,23.42,68.86,32.2421398658,0.4510691251,12.0,1.0882438391,0.6407250903,1.5145095242000002,-0.2628801199,3.0026473053,0.4121761291,1.2070697247,2.0,0.1178571429,-1.7503568463999999,100.0,-0.0193792504,-0.201754386,0.0,111.0,174.0,24.0,3.3463660631,0.28276718160000003,0.9640592533000001,-1.0527982204,5.8,4.0,329.00999999999794,3.0450314950800004,0.34426634037,0.43404369964837647,305.3333333333,0.5111111111000001,2.5813251126,0.34915134400000003,1.2969668445,0.0054526123000000004,0.0785714286,10.3333333333,21.407778865,0.77,1.9338723823000001,0.3322093708,1.8091871851999999,-0.693904358,-0.2809590164,-0.060958274900000005,1.5110074751,0.386578906,1.427910196,-0.49431274270000003,-0.5987601344,2180.1018518519,9.0,8.0,3577.8333333333,0.8072834293000001,0.26956558950000004
s130,1.3491852309,0.18898268140000002,1.2350095461000001,2.05,17.3333333333,0.1,14.2962962963,0.1,-0.5742921505,-0.48284113510000004,2.6396276617,0.29421205570000003,1.6072990279,-1.1094508762,0.0942825342,-3.0937567505322607,-2.330575947308649,-5.833820319687854,-3.966334059200928,4.4003274264,0.22434015040000002,1.3641698626,0.1666666667,0.5,14.625,0.28750000000000003,2.0,-0.0035,-5.7916666667,7.2083333333,0.0666080844,2.0,-0.009271529,-3.2409929701,0.0465434854,0.1836734694,0.9211073417000001,8.2,7.5,2.3778015992,0.3609325463,1.5174134626,0.0285212452,-4.1781330887234835,0.0104002911,0.4444444444,-3.179015154,1.0702483442,0.4847229195,4.3506890982,2.5974869555,0.2285874336,1.3327219986,-1.2083775268,0.2857142857,3.5486526974,168.0,10.925098711,0.2565783653,8.0,0.7743585587,0.0011398337,1.0,0.0016692568,0.6944444444,0.40740740740000003,-0.7542625506,-331.5,0.11764705880000001,2.0582519771,0.5219468506,1.547443421,62.5,0.0666666667,-0.1513248502,288.3333333333,3.4837746189,0.259601369,1.6738207052,7.5,40.5,-7.7671067793,0.4445768295,7.0,1.4342223536,0.4191005199,1.6563104661999999,-0.2944261147,3.0012797103,0.4148051071,1.4381096684,-7.0,0.1214285714,-3.2442046718,157.0,0.077140004,-0.09824561400000001,0.0,91.0,129.0,23.0,4.1043632818,0.2745073306,1.1899149346,-1.4225058824,5.6,5.5,251.6666666667,3.8340099743,0.2780482409,0.668464915498538,263.125,0.4777777778,2.1037752957,0.24994571570000002,1.1932405119,-8.49836e-05,0.11428571430000001,-53.5833333333,4.3461388631,0.0,2.9408511113999998,0.3017694769,1.3428952544000001,-1.1265997776,-0.0625561136,0.2062578344,2.2402130001,0.28026078120000003,1.5836651552,-0.0944434983,-0.3581386137,1965.7708333333,8.0,8.0,3108.4166666667,0.8464969422,0.5747602339
s131,1.3395593038,0.048212234,1.5644693819,2.05,26.6,0.1666666667,24.2380952381,0.30000000000000004,-0.293185006,-0.8031869248,2.9775869867,0.4341083914,1.4791530051000001,-1.0123784292,0.230635274,-3.334082985004813,-2.649643992498716,-6.671046946717631,-5.226356138669785,6.0450137201,0.2797925077,1.7557138376869992,0.0,0.33333333330000003,5.0,-0.05,2.0,-0.01,-1.8333333333000001,11.875,0.06394304196100002,2.0,-0.0063498738,-1.3113961312,0.0333474361,0.24489795920000001,0.7412209987,7.9,7.3,3.489291634,0.5209181477,2.2857892190999998,-0.6883555126,-2.6001858480131403,-0.0229095395,0.0833333333,0.4985806713,0.5862226436,0.1910395678,4.9380558016,4.7589155368,0.41460511440000003,2.2387149069030006,-1.0816155204,0.2857142857,3.2951286846,199.0,1.2928725743,0.0438060331,4.0,0.8737045288,0.0008780447,0.9306152344,0.0009876406000000001,0.5277777778,0.0740740741,-0.6953361985000001,70.5,0.125,2.2866034255,0.4599972983,2.1273202831,-148.0,0.0714285714,-0.1648290865,350.1333333333371,3.1138662602069997,0.33364026726599993,1.7527137224889997,23.63,80.86,6.8550300053,0.5521626271,8.0,1.5049904594,0.6754663347000001,1.6899785749,-0.1193236428,4.1353910814,0.4684705958,3.0502637983,6.0,0.0714285714,-1.6906885373,85.0,0.016891993600000002,0.0421052632,0.0,95.0,140.0,16.0,3.685300430756001,0.36999117270000004,1.9883050763,-0.2866006927,5.4,5.5,470.8333333333,4.149268483,0.3575598452,0.6368741476193336,363.125,0.4833333333,3.1312681925,0.339692588232,1.844154308597001,-0.0003289126,0.0238095238,-13.5833333333,-14.1005730381,0.68,1.5608234048,0.5489502042000001,1.7431787897,-0.405545217,-0.3987761428,-0.49441908500000004,0.6180389226,0.13051251360000002,1.8171106365,-0.1179313996,-0.4850252611,2163.2,23.0,6.0,3259.0,0.6995827156000001,0.4404997832
s132,1.6167479710000001,0.12483923620000001,1.8755535792,2.75,30.8181818182,0.2666666667,28.0588235294,0.4333333333,-1.1894323904,-1.6863883088,2.8802698501,0.4671081972,1.35941383,-2.2737352381,0.0761789384,-2.657134118300005,-3.3926891584633903,-6.883356812163316,-4.858677473844321,4.6390959605,0.3499415307,1.6468548637,0.6666666667000001,0.33333333330000003,13.375,0.0958333333,1.0,-0.0015,-3.125,15.8333333333,-0.0138912856,1.0,0.0001734254,-3.0770060397,-0.17589035900000002,0.08163265310000001,0.7158438849000001,7.5,5.9,1.5428696637,0.4485942538,1.5226736574,-0.4124434227,-2.103330114277013,-0.0207706931,0.0277777778,-1.4932631625,0.9971468258,-0.3719338943,3.8121088774,2.4381740933,0.1318669231,2.2429414705,-0.8893284577,0.11428571430000001,4.1867508355,146.0,10.925098711,0.2565783653,8.0,0.7360582352,0.0010226348,0.9,0.0017199572,0.6111111111,0.2222222222,-1.3835020966,13.5,0.2307692308,2.1591228663,0.45953850970000004,1.9061810727,-127.33,0.0,-0.0325729468,345.8333333333,2.466302133,0.4439633746,1.289902882,2.0,24.0,12.7583672362,0.5836845829,10.0,2.4381048109,0.5310311392,1.6919494936000001,-0.3375870776,3.9450011429,0.44526307140000004,1.8034526264,-24.0,0.0857142857,-1.3571574797000001,114.0,0.0463384034,-0.193627451,1.0986122886681098,108.0,143.0,17.0,3.1690212831,0.3168661877,1.7788762728,-0.8321812423,6.4,6.6,370.8333333333,5.2540933668,0.4065518622,0.8370580258007306,310.9166666667,0.5222222222,3.5436517473,0.3558048410110001,1.3567306869,0.0164210113,0.0357142857,0.1666666667,31.1665088698,1.0,3.2247114916,0.3922440065,2.0409825209,-0.9946769222,-0.2274794897,-0.7053466741000001,1.3631470415,0.4537058534,1.6039004368,-1.0695645119,0.0272957391,2023.6555555556,10.0,7.0,4427.0,0.6594912685000001,0.3787707053
s133,0.8223215619,0.2047469525,1.40529339,1.65,30.4347826087,0.2333333333,22.6818181818,0.2666666667,-0.0857928513,-1.2502709596,4.8123778249,0.3011835618,2.7461829627,-1.8212920377000001,0.3108099315,-1.2908160758097245,-1.7712872432219604,-6.892618716934852,-6.436670796568693,3.1423629867,0.2514332003,1.7495336826,0.1666666667,0.6666666667000001,9.75,0.025,1.0,-5.811323645e-17,-4.8333333333,8.875,0.0189655172,1.0,0.0007586207,-4.1736453202,-0.027235399900000002,0.1914893617,0.7768300849,11.0,9.1,2.5569186066,0.3481403268,2.443091586,-0.3216871492,-2.419820779098529,0.0092583796,0.4444444444,-1.0137825014,-0.9476350556,0.0,5.3201349372,2.5504711945,0.1487127064,2.874713844,-0.8075379761,0.0857142857,4.3503317988,220.0,59.8991114415,0.8568707964000001,6.0,0.6703905582,0.0012312030000000002,0.9988769531,0.0019948863,0.6388888889000001,0.5925925926,-1.1883513789,-49.0,0.2142857143,1.7918138887000001,0.39394664160000004,1.6924759968,-287.5,0.1,0.0337313835,418.8333333333,2.7096064406,0.31497849310000003,1.7304988952,33.0,115.0,29.4367900061,0.5507424218,7.0,2.0355886042,0.3921031427,2.0943272124,0.1210966051,2.7733735262,0.41942233770000004,2.1970801213,39.0,0.1107142857,-2.483473019,122.0,0.0379031462,0.0894736842,0.0,100.0,138.0,17.0,2.642803309,0.2337393272,1.6475257865000001,-0.7819610297,6.4,6.3,290.5,3.3595023013,0.3845412361,1.0110399138759074,269.8333333333,0.5277777778,3.3539954557,0.2958152264,2.4125155589,0.0061544,0.021428571400000002,44.3333333333,1.3507895118,1.0,2.3799460647,0.3030077356,1.8740185692,-1.0050198142,0.09853654740000001,-0.6926701887000001,0.8489605581,0.1743246164,2.0576284651,-1.0194043207,-0.3693620698,1682.3055555556,19.0,5.0,3796.6666666667,0.8433076625,0.3023031701
s134,0.5030089738,0.0071111256000000005,1.6588212296,1.6,39.5714285714,0.30000000000000004,30.1333333333,0.5,-0.6404202858,-0.7669974738,2.8138578808,0.3484018977,2.2030346664,-0.7569739177,0.27776712330000003,-0.7210235803864339,-2.3500681891588835,-6.88662921409046,-6.890517310161832,1.6059202940000001,0.25986963427000004,2.4108680761,0.0,0.5,11.3333333333,0.0083333333,1.0,-0.003,-2.6666666667000003,9.75,0.1327169275,0.0,0.00041658200000000003,0.538711644,0.1011471503,0.08163265310000001,0.5271829661,6.0,5.1,0.9669187402,0.4833298264,2.0794496576,-0.46850192360000004,-4.361001551164111,4.2905600000000005e-05,0.8888888889000001,-1.4258524765,-1.101074929,-0.5758812919,2.3976140302,1.3895237896000001,0.013104102000000001,1.7064063855,-0.8666427258389996,0.11428571430000001,2.140176784,161.0,59.8991114415,0.8568707964000001,6.0,0.673594141,0.0014913662000000001,0.6329486847,0.0014934458,0.5,0.6666666667000001,-0.8355809844000001,-193.5,0.25,1.5477381555,0.4081958674,2.1203240416,-334.5,0.1538461538,0.0419244571,318.5,1.9260510761,0.3389438762,1.4986267729,25.0,41.0,2.6274171243530002,0.3035844954,6.0,0.49651616660000003,0.3238955462,2.2326000878,0.3802537107,2.2999649443,0.4481752574,1.5800338221999999,-35.5,0.11510791370000001,-1.5392679748,138.0,0.088843789,0.11228070180000001,0.0,90.0,147.0,23.0,1.6832766364,0.28848202428100006,2.1703368426,-0.32313149690000004,5.8,5.5,330.3333333333,2.0430509043,0.26231268750000003,0.5329112142351566,279.25,0.5666666667,1.7598078178,0.2374020248,1.6026477409000002,0.0058502452000000005,0.1285714286,-40.8333333333,56.3917303792,0.0,1.9881732289,0.3052667674,2.5259197372,-0.6313705644000001,0.204176721,0.0528065142,0.5761226892,0.0456814086,1.7792590783,-0.0878949569,-0.257640931,2165.2893097643,12.0,6.0,3437.8333333333,0.1430183313,0.1346332116
s135,0.6629625646,0.013831025600000001,1.7066061391,1.3,8.3,0.0,6.04,0.1666666667,-0.4678269152,-0.9510646856,4.2641422708,0.3965301177,2.3706060042,-0.1749870398,0.4339126712,-1.8662597735339717,-2.8889283192547173,-9.050771539739333,-3.5466451965171752,2.5325625097,0.3162869854,1.9676211477,0.5,0.5,10.375,0.07083333330000001,0.0,0.0051666667,0.2916666667,7.875,-0.012487361,0.0,-0.0009929221,0.2290192113,0.08532619857699998,0.2857142857,0.21060345760000002,7.6,2.8,2.8954433184,0.43234577360000004,2.3955808459,-0.08786921410000001,-1.5404450408804822,-0.0135496295,0.0,-1.6602037420000002,-0.6695985042,-0.09204657470000001,3.1862650416,2.0101441967,0.1397201937,2.0479445893,-0.8742787237,0.22857142860000002,3.2356769612,107.0,10.925098711,0.2565783653,8.0,0.6998468399000001,0.0011921025,0.7828738213,0.0011809260000000001,0.33333333330000003,0.1111111111,-0.3146986368,-95.18,0.0,1.7085474542,0.45894182650000004,1.9937320698,-420.5,0.1428571429,-0.6050681787000001,357.83166666667006,2.547291929279,0.33341348026099993,1.604598075167,21.385,73.325,2.3738483491,0.6569096418,2.0,1.3372959059,0.5368532374,1.9880235582,0.1721108864,2.8478744531,0.2368666488,3.1561111503,-2.5,0.1444043321,-0.24958742620000002,129.0,0.07470942080000001,-0.017133642931,0.46284513094099305,73.0,136.0,19.7,1.7544946866000002,0.29305810460000004,1.9211282827,-0.1704601932,5.4,5.6,339.0,2.4747162018,0.4479088677,0.7179938545017696,358.9166666667,0.5276666666699998,1.2988218856,0.3364446603500001,2.016121525,-0.0005011177000000001,0.08585714285399997,30.084166666655,54.8285714286,1.0,2.2683786663,0.4091608215,1.7181144005,-0.6576986531,-0.0054209176,-0.1578007241,0.2605067485,0.0039615118,1.908958839,-0.1272240739,-0.20763630700000002,2198.2037037037,11.0,7.0,3121.8333333333,0.8962352025,0.2041692319
s136,1.2864233052,0.2636840429,1.8055314096,2.5,30.35,0.33333333330000003,14.9166666667,0.2,-1.1421734574,-2.4505069428,3.5172447011,0.4374566587,1.5014636184999999,-0.5509197681,0.8030907534,-1.0394310933141364,-2.4145790524839854,-8.4654227109001,-6.036455804270766,5.3012086749,0.2329568532,2.1883424603,0.8333333333,0.1666666667,8.2083333333,0.1125,3.0,-0.0031666667,-2.625,7.875,-0.0125484991,1.0,-0.00047457630000000004,-2.2228915663,-0.1429983275,0.0,0.5659115098,9.5,7.0,1.9488572562000002,0.439033806,1.9621089168,-0.3345364849,-2.870384574690298,-0.0142838808,0.1388888889,-1.6408129909,-0.8786599663,-0.3719338943,3.8121088774,2.1509387904,0.2282999927,2.166095241,-0.9575666758,0.1428571429,4.0502743994,208.0,10.925098711,0.2565783653,8.0,0.5,0.0014775918400000004,0.9817138672000001,0.0028358508000000003,0.47222222220000004,0.4444444444,-1.1720132177,69.0,0.2,2.1440268386,0.39374677690000004,1.6230581516,-112.285,0.0,-0.1080191422,222.6666666667,3.199095901214,0.3382872837,2.4753095565,-13.0,37.5,4.1928621467,0.38109156600000005,10.0,1.9683662241,0.5032830542,2.0424853917,0.0523327597,3.2970821793000002,0.4710852324,2.1288598676,16.5,0.0714285714,-1.2056461103,148.0,0.0937371924,0.1771929825,0.0,103.0,178.0,20.0,3.3397844385,0.2758057497,1.5276106706,-0.9196578605,6.4,5.2,222.0,4.3573402384,0.31329314880000003,1.3411415562786093,273.6666666667,0.5277777778,4.2911734235,0.3471335193,2.9796363313,0.0093376042,0.0047619048,40.3333333333,18.4031696314,0.0,3.3338450574,0.4088794646,2.0902028902,-1.2294370651,-0.4756562825,0.0263180763,1.8432141908,0.3541873909,1.5623989162,-0.1950697372,-0.3067472079,1909.3962962963,16.0,5.0,3353.25,0.520328338,0.6968329830000001
s138,1.2274445772,0.040005943200000005,1.5991744951,2.0,41.0,0.2943333333359998,26.9565217391,0.2333333333,-0.1770470733,-1.1807333997,3.5759032252000003,0.3361891023,1.9705429754,-0.7523992459000001,0.4462619863,-3.158372080945439,-3.4148865421361716,-7.59381781500693,-4.159582547127427,3.7573273808,0.26090161161900005,1.9972140658000002,0.5,0.33333333330000003,6.5,0.0083333333,1.0,0.002,-2.0833333333,13.0416666667,-0.0446969697,2.0,-0.0082020202,-4.1338383838,0.03815562937600005,0.3265306122,0.5547373589,7.8,8.1,1.9761498344000001,0.4272524647,1.9394181242,-0.5797793052,-1.5389101212726235,-0.0107382222,0.0,-1.725054957,-0.7416278678,-0.4664265226,3.067994093,1.7688042678,0.014822418200000001,2.1428860007,-0.7514882369,0.2,3.186218941,245.0,10.925098711,0.2565783653,8.0,0.6326984048000001,0.0012997372,0.8658203125,0.0019340559000000002,0.6666666667000001,0.2222222222,-1.4649079586,-233.0,0.0434782609,1.4474294814,0.4533964789,1.591205729,-282.0,0.1398515283289999,-0.39985409980000003,320.625000000003,2.8086125265420003,0.2993247383589999,1.4819283013220002,17.33,63.68,5.555448375394,0.5222429907,7.0,1.3743205685,0.4067045194,2.0035960249,0.6979333283,2.40277771,0.41629070430000004,1.9886336242,-42.0,0.075,-1.9336489786,113.0,0.0398302997,-0.0098039216,1.0986122886681098,79.0,160.0,22.0,4.2923461165,0.18701537610000002,2.0845462823,-0.4417469019,6.7,6.7,230.1666666667,2.6614126141,0.302878076,0.5713660064767647,271.3333333333,0.5222222222,2.9744920076,0.30999555474400003,3.0744900017,0.0109708199,0.038095238100000005,75.0,10.0455002514,1.0,2.6663766674,0.3034714617,1.7044762816999999,-1.0516199072,-0.8394598701,-1.0142841285,1.0786296787,0.0321660329,2.2992621429,0.1080480311,-0.4624555866,2357.2966666667,7.0,8.0,3587.6666666667,0.2273973775,0.5226862652
s139,0.9351214706000001,0.2352509283,1.6705172126,2.0,24.2608695652,0.2333333333,28.5,0.2,-1.0282114289,0.1146493244,2.7283374846,0.4355260487,1.2027288335,-0.7222186356,0.3571678082,-2.517627982196513,-3.3767971601065594,-7.126392623513757,-4.402942085728801,3.9885687032,0.28849646500000004,2.0287411714,0.5,0.1666666667,19.4583333333,-0.08750000000000001,0.0,0.0025,-0.9583333333,24.05,-0.1630829016,0.0,0.0012625216,-2.8082901554,0.3527919288,0.24489795920000001,0.5770135683000001,7.5,6.8,2.1621474578,0.3973726151,1.6700147789000002,-1.2198368782,-1.5408581789435662,-0.0059255651,0.0,-4.1286885831,-2.4074766929,0.4181320954,4.4838707464,2.1266076537,0.024462476400000002,2.4603154674,-1.0170844173,0.1714285714,3.9312389163,188.0,59.8991114415,0.8568707964000001,6.0,0.6027200699,0.0014261697000000002,0.7124673843,0.0014353592,0.75,0.037037037,-0.38594502900000005,-264.0,0.1333333333,1.5677400521,0.5025924703,1.8901902429000002,-230.0,0.0,-0.7709647545,303.6666666667,2.9672854237,0.3462579791,1.8806452498000001,-33.0,160.0,3.6181301832,0.4481008381,12.0,1.5448202416,0.5223427903,1.8510244902,-0.6045393892,2.2360722161,0.3741835523,1.7014739175,-5.0,0.11428571430000001,-0.6057314511,116.0,0.0108026857,-0.036842105300000004,0.0,88.0,130.0,20.0,3.8218924162,0.284455239,1.5709883918,-1.1874596291,5.7,6.4,345.3333333333,4.0242078752,0.3583937555,0.881451257051559,292.1666666667,0.5222222222,2.8458201874,0.3881646472,1.7379841644,0.0037149539000000003,0.0476190476,53.0,88.5360698734,0.0,2.6770114365,0.36182807770000003,1.7046351233,-0.8247127498,-0.22223676480000001,-0.9163183170000001,1.7382260677999999,0.33696219040000003,1.7980722002,-0.40087995120000003,-0.0385033674,2136.3125,5.0,7.0,3031.5,0.2212176385,0.3411084757
s140,0.8516272188,0.2011285214,1.4135535371999999,1.6,21.8518518519,0.1,24.0,0.1666666667,0.2561942694,-1.2723184812000001,3.4817466859,0.3683261639,1.6105306585,-1.4317880754,0.6943921233,-2.2547249106474982,-3.1918888195816764,-7.521141268413687,-5.05285636061147,3.6533704221,0.278616089,1.575551242,0.1666666667,0.5,7.9166666667,-0.0416666667,2.0,-0.0183333333,-1.6666666667,6.375,-0.029170879700000003,2.0,-0.0106309403,-2.8159757331,0.2701149425,0.4693877551,0.6048214831000001,6.0,5.0,1.7161580493000002,0.43516924900000004,2.302145027,-0.19616232990000002,-3.0883658348996526,-0.0179280643,0.1388888889,0.2657883284,1.458636183,0.0,5.3201349372,3.8134612286,0.0976741826,2.3354539718850007,-0.8075379761,0.0857142857,4.3503317988,166.0,7.6113128603,0.3752535483,7.0,0.7277178288,0.0014794007,1.0,0.0023555868,0.3888888889,0.48148148150000003,-1.0982311133,80.0,0.2380952381,1.3714208186999999,0.3830105995,2.0828355873,-601.0,0.1428571429,-0.3810288378,324.8333333333,3.0311487438,0.3242240101,1.4080919916,33.5,54.0,4.63996475,0.4440443933,6.0,1.190677447,0.6466895902,1.6958125577,-0.7425804545,2.7099031251,0.4103684012,2.2629808565,8.0,0.11428571430000001,-1.0050228516,136.0,0.0589092645,0.0385964912,0.0,91.0,153.0,23.0,3.4442753378,0.3520303484,1.7279198751,-0.345086694,6.4,6.1,334.8333333333,2.7640858662000003,0.33710746480000003,0.35621152710773774,246.0,0.5222222222,2.5168174606,0.3421599402,1.2380343579,0.0115867127,0.0714285714,25.6666666667,58.3048128342,0.0,2.4680287716000002,0.3082426243,1.9510356545,-1.2565736067,-0.8317862161,-0.6532795447,1.2113923373,0.3137909089,1.8224123553,-0.6313098773,-0.2236933198,1434.947979798,13.81,6.0,2556.25,0.1401508039,0.1936424316
s141,1.2697706318,0.3593382738,1.2644914492,2.15,30.9130434783,0.2333333333,18.7307692308,0.1333333333,-0.1768532714,-1.3527691087,2.6539741343000003,0.4792731844,1.3655659635,-0.3026324079,0.2577328767,-1.6613532460374092,-2.0421193626794607,-6.460752080811343,-6.521366438033559,2.9076553853,0.3013367148,1.5405127407,0.0,0.6666666667000001,15.0,0.1666666667,1.0,0.0023333333,-4.0833333333,10.875,0.067317475179,1.0,-0.010082742300000001,-2.9373522459,0.0646597716,0.375,0.40841686060000004,5.3,4.5,1.3810263662,0.4336038861,1.4393841876,-0.44107835780000004,-2.0277158587456876,0.0205415189,0.33333333330000003,-3.0381877506,-0.9278942721000001,-0.5616381195,3.4239749998,1.7304266319,0.1012659209,1.9390419277,-1.3646783862,0.4,3.2360509786,224.0,2.3916188301,0.3492235958,5.0,0.6601791382000001,0.0015843698,0.5621326447,0.0014798177,0.5,0.2962962963,-1.5234175305000002,-4.5,0.25,1.6700874295,0.5003048529,1.4273876897,-373.5,0.1,-0.098229461,308.6666666667,3.0330343255,0.3790405147,1.4230102808,-11.5,58.0,6.9929118509,0.6468484617,7.0,1.1237748776,0.46336116800000005,1.3477288170000001,-0.6116911298000001,2.3144676348,0.44376474650000003,1.3290343198,1.0,0.10394265230000001,-2.3561093622,76.0,0.0010893921,0.0543859649,0.0,85.0,129.0,18.0,2.2393510791,0.27912289760000003,1.4529211095,-0.8531677771,4.7,4.3,376.5,2.256030441,0.3830847636,0.19112826671769628,339.9166666667,0.5444444444000001,1.7815019546,0.36931162170000004,1.1915516025,0.011902863900000001,0.15476190480000002,44.1666666667,-8.1748270009,0.0,2.0572695919,0.3735536975,1.6898422319000002,-1.4122477507,-0.6712291876,-1.3558772619,1.0162087294,0.4687531696,1.6742681704,-0.3121101439,0.3895338701,2311.5416666667,13.0,7.0,2865.5833333333,0.8416111363000001,0.4135887241
s142,0.9386269700000001,0.0243366658,2.0194464931,2.25,23.0833333333,0.2,13.0,0.2666666667,0.06314778700000001,-0.2346617467,3.8623331074,0.36510313850000004,2.0957960466,0.2675091704,0.9062585616000001,-3.3182137958437985,-2.7133381300875494,-8.7285718463263,-5.408724408864276,3.7641241409,0.285385031,1.4959742526,0.33333333330000003,0.6666666667000001,4.7916666667,0.0458333333,2.0,-0.0101666667,-1.125,7.3333333333,0.035950582,2.0,-0.004645832594000003,-1.4745762712000001,-0.3134343747,0.0204081633,0.7277996259,6.6,5.7,1.9993769860000001,0.3337143202,1.9958173966000001,-0.9504870479,-1.182023037379546,-0.023734211300000002,0.0833333333,-0.5467901551000001,-0.11481613040000001,0.3298219498,4.6604910377,3.1936655049000002,0.2095035807,2.4166515619,-0.8893284577,0.11428571430000001,4.1867508355,109.0,10.925098711,0.2565783653,8.0,0.7695135117,0.0021706898000000002,0.8,0.0025718289000000003,0.4444444444,0.14814814810000002,-1.7596060001,110.0,0.7142857143,1.5201831248,0.3692335371,1.3099794597,-242.0,0.1111111111,-0.6124923910000001,281.8333333333,3.0946996845,0.3375691175,1.5516834147,33.0,34.5,3.1116210611560002,0.5690094626000001,9.0,1.7650904060000001,0.4362154581,1.9182189403,-0.20227174750000002,3.4944154725,0.4185147684,1.6591530945000001,-10.5,0.1357142857,-1.4515325563,126.0,0.0762286152,-0.1052631579,0.0,118.0,156.0,25.0,3.2206504573,0.3081575126,1.5264324194999999,-0.6066493002000001,6.0,5.6,275.0,4.3063599541,0.3898105637,0.34678239106108494,307.3333333333,0.5,2.2978638447,0.31618131286799983,2.3979554793,0.0018083409000000002,0.054761904800000004,78.3333333333,-7.6883363707,0.0,2.9482893558,0.33548777080000003,1.8625632377999999,-1.6450895518,-0.43399076552099997,-0.24006501778199996,1.477804404571001,0.27823769976800017,1.7105639543209994,-0.4375548085749999,-0.27818885979099994,1923.7097402597,3.0,9.0,2994.8333333333,0.6321433967,0.4058560122
s143,0.9694807833,0.0365867644,1.7391419030000002,1.85,27.6153846154,0.1333333333,11.48,0.1666666667,0.23186113800000002,-0.8254993212,3.1171718238,0.42611851580000004,1.5953514595,-0.5812216925,0.5891566781,-3.0803430463011106,-3.3514292216009345,-6.92636649828676,-4.605750184154514,2.8842120617,0.2530954896,1.7899192213,0.33333333330000003,0.1666666667,7.5833333333,-0.1166666667,1.0,0.0013333333,-0.25,4.7916666667,0.0125,0.0,0.0008333333,-0.5416666667,0.1145077843,0.0888888889,0.0488317702,7.6,5.6,1.1468516253,0.2469254525,2.1949655285,-0.6681517948,-1.54116368991347,-0.009465742000000001,0.0,-2.8943306048,-2.0892397413,-0.0526756179,3.0358188213,1.5044085849000002,0.0028434541,1.9709145102,-0.6483051312,0.3428571429,2.1059660714,146.0,10.925098711,0.2565783653,8.0,0.6085213661000001,0.0010396826,0.5,0.0016762062850000003,0.33333333330000003,0.0740740741,-1.0228807645,-210.5,0.3571428571,1.5605721103999999,0.5262389266,1.8506617459,-2.0,0.0,-0.215632871,354.213333333334,2.6315711794530006,0.32413835126499996,1.4380461135619997,20.53,46.435,-4.8164890554,0.3591007457,5.0,1.2685799152000001,0.5953890525000001,2.2981527302,-0.4253056236,2.348241299156,0.4216957042860002,1.7744740904179996,4.185,0.100196227315,-1.2141469907729994,110.0,0.029835437000000003,-0.11228070180000001,0.0,73.0,122.0,25.0,2.4392875059,0.330780809,1.379295768,-0.2014514614,6.4,5.4,336.64833333332894,2.507195691499,0.349115181186,0.4444991945927174,304.272500000002,0.5221111111149997,2.3606442037130013,0.3327725906710001,1.6334116740669995,0.007064675076000001,0.07604761904999999,19.693333333329004,33.95785848368901,1.0,1.3519922327,0.3717871019,1.671088518,-1.3154119645,-0.7929241323,0.0040086331,0.7867330204,0.1549555286,1.9229410975,-0.5082588224,-0.6963782215000001,1533.4111111111,28.0,7.0,3002.8333333333,0.7670331417,0.19647790950000002
s144,1.3691175737269998,0.2398171647,1.2189729516,2.65,42.1111111111,0.4,34.5789473684,0.36666666670000003,-0.6937987681000001,-1.1650440632,2.9986078022,0.3127779641,1.5491359433,-1.9826997868,0.8762517123,-2.201655612890427,-2.320832765698976,-10.263402023796141,-4.271509512394342,5.2455711906,0.2610439757,1.0285988584,0.33333333330000003,0.5,7.7916666667,0.2791666667,2.0,-0.0058333333,-3.0416666667,7.6666666667,0.18372597196100007,3.0,-0.012084788,-1.7487531172000002,-0.18561343300000002,0.3125,1.1205524824,8.2,9.2,2.4454080978,0.4072019284,1.749152642,-0.6580091996,-1.1664317301434262,-0.023782998700000002,0.1388888889,-1.0472271058,0.45694031690000003,-0.5638194763000001,3.4283377134,2.6454634689,0.0050972928,2.0552789079,-1.0170844173,0.1714285714,3.9312389163,155.0,7.6113128603,0.3752535483,7.0,0.9891357422,0.0012042834000000001,1.0,0.0015411662000000001,0.6666666667000001,0.18518518520000002,-1.3480071199,-71.0,0.058823529400000005,2.4173552145,0.4078240315,1.7158022071999999,54.0,0.0,0.021496865400000002,287.8333333333,2.591893688,0.23766644550000002,1.3659748072,22.0,129.0,5.049372354,0.3339921484,13.0,2.2820058805,0.4962025091,1.6482945809,-0.250489253,3.3287979334,0.396118122,1.4446420347,4.5,0.0714285714,-3.0141475776,213.0,0.0930543899,-0.1070175439,0.0,79.0,159.0,23.0,2.747198021,0.2639917518,0.9246242986000001,-1.574849601,6.1,7.3,189.8333333333,3.8265415197,0.2356219052,0.7977187614305474,215.6666666667,0.5444444444000001,2.6234026603,0.2331259387,1.2223612544,0.0051057171000000005,0.080952381,47.6666666667,46.7058485768,1.0,3.3198361050000003,0.3275439646,1.9365381932,-0.23649079250000002,0.1260885899,0.1821576701,1.9114739838,0.3008184404,1.3690056046999999,-0.3795651168,0.5652894396,1663.9740740741,17.0,6.0,3696.3333333333,0.1999718272,0.1496463545
s145,0.9291879744,0.0948442612,1.6007618277,1.75,30.192307692299998,0.1333333333,22.6666666667,0.4,0.13616198000000002,-1.6335363561,1.0254166973,0.3641726578610001,2.0102425319,-0.1969406361,0.2214229452,-3.047295972918725,-3.334107003969394,-5.763833447915436,-3.886443542303548,1.9254011859,0.18037967200000002,1.3267983506,0.33333333330000003,0.33333333330000003,6.2083333333,0.0125,2.0,-0.0041666667,-1.9583333333000001,21.2916666667,-0.1552380952,3.0,-0.0097428571,-2.5642857143,-0.4054906247,0.0204081633,0.6374337846,6.1,5.5,1.5344659716,0.493907346,1.8084011582000001,-0.5532820381,-1.1211127466511035,-0.0235781299,0.0555555556,-1.7350110970000001,0.5581924127,-0.1369984129,3.3422379144,2.0644574517,0.23982875680000001,1.3281985116000001,-0.9149312012,0.4285714286,2.189887142,118.0,7.6113128603,0.3752535483,7.0,0.7779518127,0.0010220871000000001,0.854989624,0.0014857978000000001,0.6666666667000001,0.2592592593,-0.7455894226,-123.0,0.5,0.9485062136,0.3177877754,1.4340348553,-44.0,0.2173913043,-0.7532159374,337.070000000005,2.402517149967001,0.305338939288,1.4198318359730007,18.515,65.555,1.2419181292,0.4278465461,10.0,1.7477066131,0.5624452608,2.1997607329,0.057102054400000005,2.3656592063,0.4514657904,1.7870704054000002,23.5,0.082437276,-1.4763331376,135.0,0.0184443957,-0.0736842105,0.0,72.0,108.0,24.0,1.3415553113,0.2483272823,1.015149156,-2.2200323058,4.4,5.0,388.6666666667,2.8342952061,0.3005383216,0.5033236746210629,261.0,0.55,1.9976134044,0.2409003398,1.5053717022000002,0.0057764998,0.11428571430000001,16.3333333333,53.2887971698,1.0,1.5804780254000002,0.3075471741,1.7303912595000002,-1.1281407463,-0.1958572111,-0.4755325215,0.7029449879,0.0187000155,2.1585045107,-0.4844116028,-0.5187395408000001,3116.4851851852,1.0,6.0,4876.0,0.7632798057,0.3830170567
s146,0.9266108796109996,0.16029347071900002,1.5525847998540003,1.7439999999999998,31.4782608696,0.2333333333,12.0,0.1,0.0995792809,-1.564378949,2.2514621577,0.3885190698,1.4269750419,-1.6693381963,0.0322089041,-3.0145032409942503,-3.4355123398130023,-7.007470987334485,-4.202222891580952,3.2611842221,0.2683594465849999,1.5969075537349997,0.1666666667,0.33333333330000003,11.0,2.2204460489999999e-16,1.0,-1.3877787810000002e-17,6.661338148e-16,11.0,3.1918911959999997e-16,0.0,9.540979118e-18,0.0,0.1084352078,0.27083333330000003,0.9895476773,8.2,4.1,1.6115828711,0.4653494374,1.7175110489,0.037749483800000004,-3.11434029566814,-0.017273037800000002,0.1388888889,-2.0800667057,-1.0099726876,-0.5616381195,3.4239749998,2.2814510039,0.258639167,1.8026218664,-0.9909828097000001,0.4,2.4886598257,155.0,2.3916188301,0.3492235958,5.0,0.7206207275000001,0.0009500228000000001,0.9162353516,0.000919691,0.5833333333,0.5185185185,-0.8861572256,-228.0,0.2666666667,1.2422746521,0.31701856300000003,2.0462070883,-391.5,0.1428571429,-0.1397080362,244.1666666667,2.931763938,0.290517429,1.7183123625,28.5,103.5,3.2172284602359995,0.7740262062000001,10.0,1.0451416248,0.550620317,2.0442698158,-0.37870153900000003,2.8094236856,0.42490547970000003,2.046375162,17.5,0.1010830325,-2.3472395316,136.0,0.0373068393,-0.0964912281,0.0,95.0,145.0,22.0,2.743974067,0.2969360575,1.0602703061,-2.1736444693,4.0,5.4,257.0,3.2259509318,0.3314551298,0.47248648035589064,267.9166666667,0.5277777778,2.7203068526000003,0.2748796643,1.8536422957,0.0074548662,0.05,-0.5,21.7763157895,0.0,3.1469139766,0.3399762984,3.1006946799,-0.5418828905,-0.0766479458,-0.46524161410000003,0.9256564255,0.066075753,2.0291207281,-1.0467877808,-0.6380870121000001,2590.024727753728,-4.0,6.0,4705.25,0.8617189196,0.3161240564
s147,1.2449335092,0.1836029246,1.5384331573,2.5,27.6818181818,0.2666666667,18.2941176471,0.4333333333,0.0779533394,-1.1709725648,2.0506024221,0.36798576860000004,1.4948413691,-0.3204071523,0.4313741438,-2.162421206191981,-3.0779605869245494,-7.2765842129054095,-5.704443393014631,2.6984949845,0.2458123185290001,2.4944762387,0.5,0.1666666667,7.5,0.0416666667,1.0,4.987329993000001e-18,-2.0,4.75,0.058823529400000005,2.0,-0.0086666667,-2.8186274510000002,-0.027005206900000002,0.20408163270000002,0.8570282520000001,9.6,10.6,1.2353238924,0.3298495416,1.6802767879,-0.1155774051,-1.538728302319861,-0.0122981079,0.0,-3.0832929232,0.1429842046,0.342201409,4.6357321192,1.7724366459,0.14663918380000002,1.4858401763,-0.8319276653000001,0.3142857143,2.6313324366,223.0,2.3916188301,0.3492235958,5.0,0.7655303955,0.0017253359,1.0,0.0022559602,0.5,0.2222222222,-0.8537684052000001,60.5,0.4545454545,0.8841429380000001,0.39058981720200003,2.0925383034,-71.0,0.33333333330000003,0.1689452877,332.7450000000101,2.5282974597260006,0.2972769749110001,1.4884699404950004,22.095,58.945,0.6334659839370006,0.35761345720000004,7.0,1.5226065326,0.3331653261,2.3408974979,0.1293970351,1.8459351756,0.2941282227,1.6213993762,30.0,0.0540540541,-1.5566590785,147.0,0.08412364230000001,-0.09473684210000001,0.0,82.0,132.0,25.0,1.655300194,0.2276568877,2.1790058212,-0.0656009377,6.8,6.0,298.5,2.5978364116,0.3126936503,0.4100875437058353,319.7916666667,0.5111111111000001,2.0496510185,0.3066265892430002,2.6995767645,0.0025012855,0.1571428571,36.4166666667,-28.8525574787,0.0,2.3823901433,0.3128587842,1.8026462875,-1.3634569831,0.1722675173,-0.1526838871,1.1565360449,0.3085867175,1.9147913268,-0.8095037011,-0.47197205940000003,2326.0066666667,6.0,7.0,2979.8333333333,0.8377721602,0.25030150160000003
s149,1.0168015771,0.0947253437,2.0008780837,2.35,51.0454545455,0.2666666667,33.8461538462,0.5666666667,-0.7274376954,-0.532200909,3.8376105288,0.43353384180000004,2.1844270891,0.0111325891,0.5185933219000001,-1.6755164315600997,-2.953322498943952,-7.571422301169585,-6.143824431367217,4.1486815644,0.2689023224,1.5739925013,0.5,0.33333333330000003,7.75,0.09166666670000001,2.0,-0.0046666667000000005,-4.0,4.4166666667,0.0668674699,2.0,-0.0033416377,-2.9745762712,0.41240485250000003,0.20408163270000002,0.6450999049,8.5,9.4,1.9383032025,0.3763942092,2.3764436786,-0.43259433740000003,-3.6799508093607463,0.0193668143,0.25,-1.6485826088,-1.3851999932,-0.3719338943,3.8121088774,2.8353961289000003,0.23608878400000002,1.9737560654,-1.070541321,0.2,3.8243251091,124.0,10.925098711,0.2565783653,8.0,0.6545940399,0.0018414176000000001,0.7896682739,0.0019780252,0.4166666667,0.37037037040000004,-0.8666345040000001,-180.5,0.2222222222,1.3089106889,0.43393063470000004,1.7132101791,-2.5,0.0909090909,-0.45970486400000005,342.826666666668,2.9909593755230004,0.3136981896839999,1.670317943771,27.595,83.315,-2.0702605419,0.5244258821000001,9.0,1.5960656448,0.6121483173000001,2.1554037642,0.0669910187,3.2221916886,0.4790505122,2.2620487668,-61.0,0.0722021661,-0.9610794812000001,132.0,0.0155649446,-0.1320949432,0.6931471805599453,109.0,176.0,20.0,4.589742435,0.3170726639,2.0747692243,-0.1773405962,6.3,5.8,392.0,3.4804733679,0.2975347024,0.6387027308618608,332.25,0.5222222222,4.6427641324,0.3139242044,2.3804153971,0.0147566872,0.0071428571,34.8333333333,6.7960838701,0.0,3.3983780383,0.33851381550000004,2.2143065068689993,-0.7209826291,0.181398724,-0.5309078421,2.1273670279,0.0512964468,2.9332270123,-1.416448595,-0.2711277124,2311.6518518519,-5.0,8.0,6297.375,0.182304558,0.7134658071000001
s150,1.7519713918000002,0.28254498980000003,1.1781564193,2.35,32.0434782609,0.2333333333,25.2272727273,0.2666666667,-0.8320454862000001,-0.7664016485,3.1705489546,0.3420422231,1.7020215637,-1.0290292269,0.9687585616000001,-0.6235827830117984,-3.398154072229602,-10.694128495181904,-8.050850944357165,3.5476695059,0.2675466479,1.2836211101,0.33333333330000003,0.33333333330000003,6.25,0.075,3.0,-0.005,-1.9166666667,8.9166666667,0.0799877476,1.0,-0.0034028997000000003,-2.2457627119,0.1142730175,0.20408163270000002,0.7005332631000001,7.6,4.7,2.1618443847,0.4973195422,2.0932367803,-0.819499093,-4.543809449288355,0.0053222211,0.5555555556,-2.7585695535,-1.7076921384000001,0.0,5.3201349372,2.721566073,0.29088188870000004,1.3299028033,-0.8308046694000001,0.1428571429,3.7967503866000003,181.0,1.2928725743,0.0438060331,4.0,0.6922992706000001,0.0016534163,0.9710327148000001,0.0018934617000000002,0.6388888889000001,0.5185185185,-0.702014789,73.0,0.1875,2.045129775,0.36505599800000005,1.5622007432,-18.0,0.0,-0.07202251180000001,353.0,2.9712979221999998,0.2881066351,1.4618653909,2.0,89.0,4.9280727364,0.5226291758,8.0,1.4802209522,0.4878534968,1.8009729802,-0.5614769699000001,2.6624305598999998,0.39501967790000003,2.25120664,-57.5,0.15,-1.1273862163,109.0,0.0634805933,0.1280701754,0.0,134.0,184.0,16.0,2.8541463638,0.2787313952,1.1964824997,-1.4034324026,5.6,5.8,268.1666666667,4.2632182011,0.3162424877,0.38556745888154415,264.0833333333,0.5277777778,3.6145171075,0.3253501742,1.4560557433999999,0.0118349401,0.021428571400000002,13.8333333333,-29.8858467333,1.0,2.4044658924,0.4073203474,1.9771916392,-0.5510655431,-0.6571720415,-0.0155656404,1.3644345749,0.4111480545,1.3935924736,-0.4943613638,-0.8974480997000001,2466.7958333333,17.0,5.0,3140.5833333333,0.7811204768000001,0.7175974701000001
s151,1.0091645661,0.2377169346,1.6450552113999999,2.15,37.15,0.33333333330000003,31.65,0.33333333330000003,-1.0626683233,-0.5632946338,3.4791504824,0.38207085630000004,1.4232047578,-0.7834744159,0.1568099315,-2.407137335392729,-3.3230004240300026,-6.509078224334259,-3.970738667031598,4.9961491145,0.27822036310000003,1.3053713206,0.5,0.1666666667,8.75,-0.0416666667,1.0,0.001,-2.75,3.375,0.125,3.0,-0.0064285714,-1.25,-0.0410337686,0.1276595745,0.37192096900000005,7.8,5.6,2.1740501418,0.373614424,2.0372410764,-0.2873338062,-1.543169838304712,-0.0077001555,0.0,-5.3228856894,-3.2358839491,-0.3719338943,3.8121088774,2.5713548118,0.0274010594,2.2321113262,-0.8075379761,0.0857142857,4.3503317988,233.0,25.7627506452,0.3968411315,9.0,0.7090772629000001,0.0011522431,0.8561279297000001,0.0023838680000000004,0.5,0.1111111111,-0.9031201121,129.5,0.1052631579,2.1554082634,0.3558220299,1.6379246860999999,-93.51,0.0,-0.40949871060000004,310.6666666667,2.8007371764,0.3290209686,1.1341747346,31.0,55.0,-5.4699029251,0.5100706073,8.0,1.6533725427000001,0.45275675540000004,1.6032865580000002,-1.2725599781999999,2.9231290546,0.4022264533,1.2820638086,26.0,0.0892857143,-2.9120348053000003,197.0,0.09636696730000001,-0.0438596491,0.0,81.0,139.0,25.0,4.4800777484,0.3011616277,1.0575103851,-1.5235121763000001,6.9,6.1,239.8333333333,3.2492974839,0.33465855040000003,0.2310848918733312,237.5833333333,0.5277777778,2.977172595,0.3393885326,1.0745106032,0.0175759087,0.0714285714,6.1666666667,14.9606347842,0.6,2.0989156168,0.3578650779,1.3845154982,-0.6047511328,-0.17806120520000002,-0.6303651879000001,1.1621672734,0.33062980610000003,1.6333103767,-0.8930277911000001,-0.1753542776,2133.829004329,14.0,5.0,2143.6666666667,0.36137365,0.26382240700000004
s152,1.1096717331,0.1631836803,1.9095395667,2.65,21.9230769231,0.1333333333,20.8333333333,0.2,-0.9249404717,-1.0581094755,4.0958789329,0.3055622065,2.1302282123,-1.6702001927999999,0.0785856164,-2.984765233981764,-2.191138681625114,-5.233975821058895,-4.544603015233702,4.1629754224,0.2281023049,1.8727688947,0.8333333333,0.0,5.0416666667,0.1541666667,3.0,-0.0038333333,-1.7916666667,7.0,0.135744323,3.0,-0.0082052145,-2.6684188394,-0.0375429455,0.0204081633,0.6996875746,9.1,7.9,3.136118054,0.4568486171,2.168095013,-0.7708762271,-3.6924578047809566,0.0165997314,0.2777777778,1.4009742332,5.769501101,0.1910395678,4.9380558016,3.0789194314,0.1393531962,2.1600004991,-0.5402436899,0.0285714286,4.8849203713,190.0,2.3916188301,0.3492235958,5.0,0.7439041138,0.0015209845000000001,0.9399658203000001,0.0016430720000000002,0.5833333333,0.40740740740000003,-0.8566373490000001,-156.5,0.1052631579,2.0632355257,0.4703387714,1.559177623,-264.0,0.0,-0.520716723,301.28166666666397,3.2525354566389986,0.31642721062600004,1.7598179581020006,11.105,85.175,-4.822420264,0.49196392400000005,13.0,2.1272176117,0.5142049313,1.9823812912,0.0292886992,2.9289790703,0.4609246568,2.3504560802,-1.0,0.1,-1.8182366626,183.0,0.098944445,-0.07719298250000001,0.0,83.0,140.0,16.0,4.2381003088,0.2758581263,1.7036902985,-1.1110308646,5.1,5.5,310.5,4.0619104251,0.22901538470000002,0.8168156214899841,258.25,0.5277777778,3.9208465710000002,0.3639332454,2.110797719,0.0079432648,0.009523809500000001,15.8333333333,109.8604003399,0.0,3.3172789209,0.3427977276,2.0997861518,-1.3368840445,-0.6064219707,0.1930122682,1.809467527,0.3270956077,1.5259619795,-0.09722919270000001,-0.5766197276,1776.4270833333,21.0,6.0,3423.75,0.15184338960000002,0.3712815761
s153,0.27253676260000004,0.011924437900000001,1.3705896414,1.25,47.2631578947,0.36666666670000003,31.6315789474,0.36666666670000003,-0.7939293606000001,-2.4125402478,2.6419589556,0.4237141709,1.27102164,-0.2264330681,0.1033321918,-2.5432615895325896,-3.3703261003215412,-6.014369882829615,-4.706510471389574,2.3650202487,0.25689391030000003,1.798524435,0.1666666667,0.6666666667000001,19.0416666667,0.07083333330000001,0.0,-0.0031666667,-0.2083333333,15.2916666667,-0.0956004877,0.0,0.0029668767,-0.5113798009,-0.1829876899,0.375,0.26993456800000004,8.5,4.7,1.4939015871999999,0.2948703609,1.8552948566,-0.7151388524000001,-1.5404450408804822,-0.012665822,0.0,-6.4812160887,-6.2645989695,-0.2494971531,0.8136156755,0.5817976117,0.084845496,1.5870109010000002,-1.3466816155,0.4857142857,2.7649964944,120.0,2.3916188301,0.3492235958,5.0,0.6812026501,0.0018431746000000001,0.6716920137,0.0016703821,0.5555555556,0.1111111111,-1.3235606007,-47.0,0.5263157895,1.3312523111,0.3424596608,1.5006009986,76.0,0.2,-0.3562010921,355.59333333333603,2.5748624309300014,0.336077760422,1.4063981339220002,22.1,54.2,1.3949417415690006,0.51466719,3.0,0.9096677768,0.3943681476,1.8853168599,-0.8753341119,2.595973909,0.4351161811,1.5956733431,16.0,0.1321428571,-1.8981706774,101.0,0.0418712964,0.14654282770000002,0.6931471805599453,112.0,161.0,18.0,2.4519005304,0.29332784240000004,1.2030337621,-1.1769110549,4.2,4.3,328.396666666667,2.7442431911510003,0.33625534848200006,0.4253964600944194,354.0,0.4944444444,3.5723429475,0.3550972578,1.4902884436,0.0095427049,0.0357142857,105.6666666667,-20.8060843133,1.0,2.1891920539,0.3559357702,1.4793675555,-1.3703664435,-0.6114925418,-0.205063878,1.1238147929,0.3456104721,1.4111724133,-0.1861644637,-0.1329255658,2203.9537037037,-1.0,8.0,6516.9166666667,0.7532222445000001,0.16143773320000002
s154,1.1294449805,0.0216658381,1.7380576202220004,2.45,33.619047619,0.30000000000000004,25.0454545455,0.2666666667,-1.2694300235,-2.2297765013,2.5343340539,0.3775802593,1.2276207199,0.019328808700000002,0.6248433219,-0.7939253649303997,-1.675434116275068,-8.561611227283096,-7.842082952892559,2.9187284916,0.29556866130000004,1.3986386481,1.0,0.0,5.5416666667,0.08750000000000001,2.0,-0.0008333333,-1.9583333333000001,12.8333333333,0.0780141844,1.0,0.0002600473,-2.6016548462999998,0.2627051139,0.2916666667,0.6459455154,9.2,8.1,1.9904419242,0.43716756693200004,2.0585337984,-0.6049306726,-5.1776304623132114,0.0039989084,0.6944444444,3.0047050185,0.665470295884,0.1932209246,4.933693088,3.0516284087,0.2089111,1.818805007,-1.327315884,0.3714285714,3.310775983,165.0,2.3916188301,0.3492235958,5.0,0.8119951725000001,0.00102459,0.9895507812000001,0.0013199885,0.7222222222,0.7407407407000001,-1.0434821209,-148.015,0.2,1.4778165422,0.5946905418,2.1798321749,-43.0,0.0714285714,-0.2801147344,347.1666666667,2.5463892599999998,0.30248493130000004,1.4234089175,50.0,50.0,2.3645142514359994,0.6144064573,16.0,1.7901455974,0.5041561709210001,2.1363509197,0.1494883997,3.0027329469,0.4244521514720001,1.8978622426340002,28.0,0.0785714286,-0.4348368789,207.0,0.0876758993,0.1877192982,0.0,84.0,149.0,21.0,2.5911157558999998,0.3203030813,1.7868564285000001,-0.924755769,7.1,6.7,265.8333333333,3.3680914986,0.3461176655,0.3347095340448747,258.5833333333,0.5277777778,2.7260477993,0.3193259284,2.0644248951,0.010846798900000001,0.0452380952,17.8333333333,39.6921905149,1.0,2.0912076609,0.3529879640190002,3.010358525,-0.6395694979000001,-0.3341693119,-0.3303240302,1.3907906986,0.2319740717,2.4740187026,0.081264747,0.0850703143,2146.5683333333,8.0,8.0,4165.1666666667,0.7411342221,0.5465018948
s155,0.7806516659,0.034686565100000004,1.5591433703000002,1.2,29.44,0.1666666667,27.1,0.33333333330000003,-0.3171898589,-1.3772183642,2.6973427318,0.4088264674,1.7004445343999999,-0.6375226254,0.4348989726,-3.136451866930529,-3.1833417596348754,-8.06380686799394,-3.9639589799745654,2.203820319,0.2464064937,1.8199571590999999,0.33333333330000003,0.33333333330000003,6.25,0.0166666667,0.0,0.0016666667,0.4166666667,10.5,0.0472689076,1.0,0.0036823529,-1.6155462185,0.038032468800000004,0.1632653061,0.8886701475000001,7.1,5.7,1.3680554361269999,0.41494103664999976,1.8167360005560014,-0.7362078012419999,-5.181239824137945,0.0042682479,0.6944444444,-2.2143935092059994,-1.266384000813001,-0.3773027527089997,2.7654184076950004,1.717611071759,0.135305564808,1.9022685141520004,-0.8157001671660002,0.11428571430000001,2.3758656898,100.0,-31.14061609,0.2733471749,0.0,0.6578575015,0.0011338843,0.5,0.0015047746849999998,0.6111111111,0.40740740740000003,-1.5080884714,-49.0,0.6875,0.7003572935,0.392604082569,1.8972032151,-47.0,0.21846704318100013,-0.4715582949,362.7016666666711,2.484773761227,0.30940783413399997,1.5720547897079993,23.06,68.155,-2.2602120230000002,0.7765839544,6.0,1.3191820108,0.42786650330000003,1.9060844762,-0.7560003876,2.5313008181,0.39649413980000003,1.485271853,3.0,0.1074074074,-1.1277178009,38.0,0.0069910956,0.09313725490000001,1.0986122886681098,74.0,99.0,21.0,2.937512709,0.2949356866,1.8081726514,0.3042792539,4.7,5.1,367.04666666666395,2.49459809577,0.3369107565240001,0.5545495944031112,330.8333333333,0.5111111111000001,2.4290000424000002,0.3060508743,1.7056436276,0.0024876627,0.0523809524,67.3333333333,35.6108206529,0.92,1.9864364447,0.3282485213,1.8924851906,-0.1267569753,0.24301805680000002,0.1873963388,0.4473614094,0.02379639,1.7873342624,-0.5030821797,-0.31021147260000004,2955.9383333333,8.0,6.0,3780.25,0.1987360592,0.41141552340000004
s156,0.7049666482,0.026201193,1.5374385659,1.55,31.814814814800002,0.1,24.878434827747988,0.5666666667,-0.7398131803,-1.0677176925,3.0231470085,0.3714227473,1.5168560124,-1.441638567,0.39463527400000004,-2.2196330283759487,-2.5377873605070658,-7.171311143122608,-5.464836710574102,2.6097628061,0.2628654516,0.9758125579,0.33333333330000003,0.5,15.6666666667,-0.0666666667,1.0,0.0006666667,-3.8333333333,9.1666666667,0.1356330014,1.0,0.0011038407,-5.0581182686,0.41812271430000003,0.28888888890000003,0.4790735473,7.3,6.6,1.8999037564,0.5253629181,2.0741781144,-0.7581625124,-3.0574049020876752,-0.0208749212,0.1666666667,-3.7577351113,0.376751891,0.3298219498,4.6604910377,3.0870501062,0.25091385580000003,1.2126434265000001,-1.327315884,0.3714285714,3.310775983,139.0,1.2928725743,0.0438060331,4.0,0.6525222778,0.0012222584,0.8285911441,0.0013580352000000001,0.47222222220000004,0.40740740740000003,-1.1543831848,-177.0,0.3636363636,1.4475493448,0.4697045909,1.3733237778,-18.0,0.23529411760000002,-0.48903109320000004,436.0,2.6816381064,0.36979673350000003,1.1488874209,71.5,47.0,27.2099573336,0.5230898820000001,7.0,1.4150475710000001,0.5329237445,1.5673661568,-0.35775309580000003,2.6702155806,0.41594206250000004,1.1413091017,20.0,0.1035714286,-1.9896972063,91.0,0.0463434964,0.1157894737,0.0,117.0,184.0,17.0,3.1361308327,0.3190157924,1.1155894314,-1.6864206505000001,6.0,5.3,225.1666666667,2.5539334822,0.2470871168,0.9512399010362934,316.1666666667,0.5277777778,3.3659116003,0.2204763287,1.747074270047,0.0064933223,0.021428571400000002,69.3333333333,29.8799247721,1.0,1.9617306568,0.34750272600000004,1.6459234131,-1.3419727954,0.2367621258,0.537324475,1.6941739766000001,0.3923128835,1.3321889101,-0.6967466527,-0.36646870940000004,2499.5273809524,4.0,8.0,5963.0833333333,0.2339155232,0.1704089583
s157,0.8332686056,0.24298871060000002,1.2981308794,1.3,32.7777777778,0.4,31.75,0.33333333330000003,-0.2643481003,-0.5899358471,4.2382084221,0.4407592651,3.4673232813,-0.7639742301,0.11586643840000001,-2.7830265691255813,-2.7330651041975873,-6.122237462118307,-5.019986737868098,4.7347866095,0.3470344737,2.0415012031,0.5,0.33333333330000003,8.6666666667,0.2166666667,2.0,-1.19262239e-17,-3.75,14.75,-0.0096385542,1.0,-0.00021155810000000002,-4.2542372881,0.1383393326,0.125,0.5502313999999999,8.1,8.2,1.5494575541,0.6170849756,2.3095234927,-0.1757112851,-1.466307405266727,-0.022745799400000002,0.0555555556,0.0345300931,0.42137814570000004,-0.7746479260000001,3.7708390853,3.0855767037,0.2760189752,1.9303311576,-0.7017421781000001,0.0571428571,4.5619233948,195.0,2.3916188301,0.3492235958,5.0,0.8962097168000001,0.0007150850000000001,0.9,0.0008750459000000001,0.5833333333,0.2222222222,-0.9912068195539994,-164.02,0.25159180585700003,1.456796883536,0.48071417882100015,1.9074644421709999,-179.385,0.127037038539,-0.3381730678970001,231.5,2.3764148722,0.354381906,1.3774873089000002,7.0,10.5,6.1192767185,0.7332938945,7.0,0.6822413738,0.6511789674,2.0513108948,-0.5725009715,2.7550710869,0.5512292375,2.3797579045,-15.5,0.1218637993,-1.0135584847,79.0,0.046068053500000004,-0.0049019608,1.0986122886681098,108.0,154.0,22.0,3.0498773029,0.3062671618,1.3408632754,-1.4260468956,4.0,3.9,315.2583333333269,3.513252784715001,0.36700503052499994,0.5714765216200061,300.0,0.5055555556,3.4489562093,0.3796165018,1.5332424803,0.010073062,0.0261904762,38.6666666667,45.5637606838,0.0,2.6244995539,0.5153440094,2.582790912,-1.4191244472,-1.1275429647,-0.9152475277000001,1.45222344,0.4361486987,1.4160206284,-0.2796270144,-0.4370273141,3485.7796296296,-2.0,8.0,5221.1666666667,0.5432107809,0.23458273270000002
s158,1.7881968052000001,0.2659084794,1.319447847,2.55,19.4444444444,0.1,23.8095238095,0.30000000000000004,-0.7421086325,-1.8483901574,2.773359847,0.3649206421,1.7717333385,-0.8208819277,0.9367166096,-0.6089508350728703,-1.8095817302206743,-9.540207867995324,-6.550742382155915,2.9797014184,0.259375524522,2.557276719,0.5,0.33333333330000003,7.625,0.1208333333,2.0,-0.0061666667,-1.9583333333000001,6.75,0.035640066500000005,2.0,-0.003758936,-1.9862842893,0.2281956474,0.2653061224,0.7414311485,9.4,7.5,1.8969608114,0.3624571458,1.6829306116,-0.4969413776,-3.5725936525310815,0.0177764047,0.25,-5.0543076698,-4.8953091936,-0.4399744225,3.1014920782,2.0683656681,0.22754176180000002,1.9632353589,-1.0816155204,0.2857142857,3.2951286846,173.0,10.925098711,0.2565783653,8.0,0.6842060089,0.0011608928,0.8374635696,0.001628827,0.6388888889000001,0.33333333330000003,-0.8646395751,-183.0,0.3076923077,1.5090492169,0.363623782,1.6127147555999999,-368.5,0.1428571429,-0.2558950172,252.0,3.1366433209,0.3168976139,1.317753011,9.0,116.0,2.1488891097,0.49310129490000004,10.0,1.7403013769,0.7496389450000001,2.144811079,-0.33576719990000004,3.4128972429,0.3618553819,1.7134169622000002,-35.5,0.09285714290000001,-2.2057968566,102.0,0.0385269499,0.1421052632,0.0,89.0,125.0,20.0,2.0675993031,0.3071002854,1.6036356412,-0.37270724250000004,4.9,5.3,233.6666666667,3.0855802864,0.4082918863,0.6279088755374017,227.6666666667,0.5166666667,2.9836436306,0.31837784360099997,2.3623447311,0.008052068,0.0452380952,25.3333333333,81.3009772647,1.0,2.4540149962,0.30287401010000004,1.9311307588000002,-0.9574564739,-0.5644894374,0.2835171447,1.1830478609,0.2778368802,1.5488431917,-0.45945656100000004,-0.7287681974,2432.4616666667,12.0,4.0,3126.9166666667,0.8321746589,0.4468144033
s160,0.9097470783,0.037903256600000004,1.5762465925,1.7000000000000002,21.0416666667,0.2,14.875,0.2,0.0239524544,-1.9767170405,2.5983389764,0.38549371730000004,1.3551390493,-1.0653631326,0.2162414384,-2.9607685006351003,-3.270146587930636,-6.328848535248318,-4.377019662505848,3.8199381577000002,0.2992286773,1.3229665769,0.5,0.5,13.875,-0.0625,1.0,-0.0008333333,-6.2916666667,12.75,0.08703308430000001,1.0,0.0023965848,-5.6991462113,0.42949607030000003,0.2653061224,0.9993835722000001,7.3,7.3,3.3972162974,0.4123345613,2.2913613706,-0.7159256902000001,-1.5396161971331028,-0.0096893286,0.0,-2.3515615262000003,0.5896688996,0.0,5.3201349372,3.1466249724,0.0253575296,2.7827199446,-0.834575315,0.3428571429,2.4785064390000002,178.63,46.0626954627,0.8291899447000001,10.0,0.7187281609,0.0015585639,0.9132507324,0.0017508746000000001,0.4166666667,0.037037037,-0.45552951500000005,-458.5,0.2222222222,1.6372689357999999,0.4216376012850001,2.8360360513,-86.0,0.0454545455,-0.2448356748,317.1666666667,2.3093373465,0.3422152852,1.4491766722000001,-6.0,151.5,-1.0448485114,0.492997051,4.0,1.347857342,0.5000852438,2.1192169892,-0.3946823303,3.6227745732,0.4391271759,2.013985462,13.0,0.07194244600000001,-1.1207305394,123.0,0.0235983689,0.1403508772,0.0,82.0,131.0,20.0,2.8231783469,0.3095686085,0.9114262190000001,-1.6137369413,3.7,4.3,447.0,3.6796340488,0.3128369583,0.8996254845647931,312.4166666667,0.5277777778,3.4733890413,0.34087113900000005,2.2904273589,0.008528867800000001,0.033333333300000004,4.5,19.9012987013,0.79,2.1923859321,0.349987472,1.5453004784000002,-0.9478432719000001,-0.27745528880000003,-0.0282412967,1.8857749817,0.2963822005,1.7417922097,-0.09074537910000001,0.1078044699,2587.2791666667,10.0,6.0,3405.8333333333,0.8537894875,0.476379105
s161,1.1376781917,0.1224364467,1.9884930125,2.5,25.08,0.1666666667,18.8,0.1666666667,-0.38789291740000004,-1.3148102317,3.2929672646,0.3462060832,1.7865217051000002,-0.7604122440000001,0.5795667808,-0.9714668248404688,-2.657610224336606,-8.450552350452428,-6.496564195604601,4.15420488,0.2695112146,1.7306701783,1.0,0.0,5.875,0.3208333333,3.0,-0.0165,-4.0416666667,8.0416666667,0.4014100269,3.0,-0.0153706356,-3.283572068,0.0226290063,0.2857142857,1.1993555376,8.0,7.7,2.5623739437,0.4745878455,2.0244927114,-0.4793145854,-3.9503511642266016,0.0148117119,0.33333333330000003,-1.6750877494,-0.1434495422,-0.42503709440000004,3.1507729495,2.4557670335,0.1926881546,1.7335685922000001,-0.8893284577,0.11428571430000001,4.1867508355,214.0,7.6113128603,0.3752535483,7.0,0.7877197266,0.0010209400000000001,1.0,0.0015991465,0.4166666667,0.37037037040000004,-0.7611720165,-126.0,0.3846153846,1.2094780552,0.44242977720000004,2.0486184873,-143.5,0.1333333333,-0.3947000584,358.0,2.7339489942,0.27633571490000003,1.4636040592000001,23.0,105.0,5.5292220488,0.46697944150000004,14.0,2.2524892022,0.49026438,2.1417170285,0.2185983252,2.3636267986,0.3613892178,2.1438970707,37.0,0.1,-0.683713847,154.0,0.0410267282,-0.07719298250000001,0.0,81.0,163.0,24.0,1.9508388044,0.24155845420000002,1.4300636522,-0.6289212281000001,6.2,5.7,231.3333333333,3.5310568878,0.3597371897,0.7109690350673697,268.4166666667,0.5222222222,2.4635353330000003,0.3348010352,1.5291689816,0.008917864400000001,0.069047619,12.1666666667,62.4709349704,0.58,1.8020166856,0.3085303142,2.0169583243,-0.31426163900000004,-0.4097063935,-0.37498478700000004,1.5418660024,0.28877346930000003,2.0687336107,-0.4037563529,-0.2225891023,1792.630952381,16.0,7.0,2559.6666666667,0.8711101844,0.36176889440000004
s162,1.5110762126,0.14281544070000002,1.7374486038999999,3.25,33.8888888889,0.4,20.0,0.33333333330000003,-0.14300850880000002,-0.7714939969,3.3403809119,0.3593556194,2.0052417433,0.19496835580000002,0.45234332190000004,-0.80543804839385,-2.4491338814205204,-7.892332346284353,-7.687251074388888,2.7944196076,0.2463969533,1.4538365815,0.5,0.33333333330000003,7.0416666667,0.111083333337,3.0,-0.008833333300000001,-4.4583333333,4.375,0.2901408451,3.0,-0.0091549296,-3.6408450704,-0.09706511770000001,0.0416666667,0.5729134821,10.8,6.726000000000003,1.1608935704,0.3720530332,1.9185963122,-0.0028283322000000003,-5.071682556775259,0.0049319256,0.6666666667000001,-2.6677547264,-0.4055187726,-0.5629734621,4.194188013,2.5051399992,0.10910287140000001,1.8121144321,-0.8308046694000001,0.1428571429,3.7967503866000003,123.0,59.8991114415,0.8568707964000001,6.0,0.6613804817000001,0.0016259791,0.8567466736,0.0022233846,0.6944444444,0.5555555556,-1.522350624,-93.0,0.3157894737,1.1088723609,0.3617895384,1.6818890599,-218.0,0.25,-0.6836954128,281.6666666667,2.5473731791,0.2923047283,1.5198776333000001,1.5,179.5,1.2149424080350004,0.5432199525,3.0,0.9306067644,0.4582444458,1.9041891506000002,-0.49754099700000004,2.4752573119,0.39593032370000003,1.5683720905,31.0,0.11510791370000001,-1.1072792041,121.0,0.0577943725,-0.1210526316,0.0,123.0,190.0,22.0,3.2632483699,0.26257354980000003,1.3268797198,-0.9781696255000001,5.8,5.2,276.3333333333,2.1745894965,0.3100984747,0.4509072755096571,247.0,0.5166666667,3.5447263481,0.2869483909,2.1973580233,0.007757720300000001,0.0166666667,12.3333333333,65.8825757576,0.0,2.8335601469,0.3005343365,1.5625818811999999,-1.495645123,-0.6092815696,-0.6321193079,1.7182415943,0.271124666,1.7110005689,-0.5394513452,-0.053810166400000005,1618.9638888889,17.0,8.0,2510.75,0.2810648546,0.21021673640000002
s163,0.9237830629,0.1736272385,1.5106991918000001,1.55,28.0869565217,0.2333333333,20.1818181818,0.2666666667,-0.6536471402,-1.7518940463,2.7498965979000003,0.3510664241,1.3476814138,-0.9890702314,0.7312517123000001,-0.5453000840052059,-2.2922110083728326,-9.28313904778641,-8.259114249688494,2.715092809,0.2445673503,1.8344723369,0.6666666667000001,0.0,7.5,1.526556659e-16,2.0,-2.6020852140000003e-18,-2.5,4.0,-2.0816681710000002e-17,0.0,-1.101549407e-16,4.996003611e-16,-0.033013487200000004,0.1020408163,0.7615916258000001,8.2,7.7,1.9373614585,0.46298997000000003,1.743599689,-1.2763879591,-6.616212792526253,0.0008844955000000001,0.8888888889000001,-2.3910984263,0.3974612664,-0.14226252420000002,3.3527661372,1.9078930297,0.0460361835,1.8509846322999999,-1.2890129854999999,0.3428571429,3.38738178,187.0,7.6113128603,0.3752535483,7.0,0.6195231438000001,0.0016746128,0.7696991444,0.0017931877000000001,0.5277777778,0.6296296296,-0.3099204614,-129.0,0.0666666667,2.2870262851,0.3899470369,1.713141661,100.0,0.0555555556,-0.8886382987,276.8333333333,2.2979114394,0.3078535725,1.3333797934,5.5,138.5,12.0793055776,0.5548022683,10.0,1.6916183516,0.5437816437,1.7721595055,-0.44693810980000004,2.0726442864,0.36646057130000004,1.6182295368,-18.0,0.1035714286,-1.0830805901,197.0,0.11750880970000001,0.0070175439,0.0,74.0,127.0,17.0,2.9555241903000002,0.2663657058,1.7906877757,-1.0621156006,6.3,5.5,305.62833333333606,2.955007857355,0.32640538276699993,0.49167921826253347,229.75,0.5444444444000001,2.2623188745,0.36475095150000003,1.367196137,0.0084224266,0.0857142857,-1.8333333333000001,44.9983972588,0.62,1.926759955,0.3458876351510001,2.3735939051,-0.10136437050000001,-0.1728716736,-0.5057241449000001,1.5621310882000001,0.0922148092,2.1815446233999998,-0.7040173596,-0.1909087216,2436.0222222222,1.0,11.0,3140.6666666667,0.1515648788,0.529170145
s165,1.1282074355,0.23783382600000003,1.4437412878,1.85,19.2307692308,0.1333333333,17.5,0.2,-0.4290789003,-0.2948652768,5.0763821666,0.3801542893,3.1522219304,-0.2347077175,0.07157191780000001,-3.0434271468735026,-3.449485103626815,-5.682994832646339,-4.797991687116855,5.0626199298,0.2988440135,2.0457261999,0.5,0.33333333330000003,10.2916666667,-0.0458333333,1.0,0.0015,-6.0416666667,9.2083333333,0.0281690141,0.0,-0.006084507,-1.5281690141,0.1608233,0.306122449,0.6283703578000001,8.1,6.5,1.6337704877,0.4485224651,2.6947059311,-0.2317685421,-1.5404450408804822,-0.0126520173,0.0,1.0410435386,1.4230554449000001,0.2069349665,4.9062650043,1.9296918467,0.0048683814,2.3732387181710006,-0.8075379761,0.0857142857,4.3503317988,206.0,59.8991114415,0.8568707964000001,6.0,0.807019043,0.0016292124,0.89765625,0.0019741832,0.5833333333,0.1111111111,-0.9612900256,-365.5,0.15,1.6582412803,0.4929801327,2.0298961832,-133.0,0.1538461538,-0.2714372532,262.1666666667,4.1718513408,0.3407801312,2.0911128784,14.0,50.0,33.638482138,0.8071910569,4.0,1.2968328668,0.4536634633,2.3417445061,0.20679375630000002,3.2543595925,0.43257099060000004,2.6490736833,61.0,0.1071428571,-1.922921778,155.0,0.0635596685,0.2992776058,0.6931471805599453,104.0,151.0,16.0,3.5198139676,0.3260724,1.8454217661999999,-0.3436153886,5.3,4.3,286.5,4.6682948177,0.3735481258,0.7596674346264161,249.0,0.5111111111000001,4.6435507759,0.3932236046,1.9571557058,0.0131428089,0.0071428571,18.6666666667,15.2483757062,1.0,2.7706954835,0.4839345836,2.2907365814,-0.9804172617,-0.2088082369,-0.08429120130000001,1.7301746669,0.275087022,1.931463741806,0.5645478531,0.0579073228,2652.9314814815,17.0,5.0,2705.25,0.4989153437,0.1914306723
s166,1.2071798325,0.0246673809,1.5723389561,1.85,45.7894736842,0.36666666670000003,29.5,0.33333333330000003,-0.6995463969,-0.5426162095,2.767476003,0.3815528951,2.4175166336,-0.27698028,0.4269083904,-2.045046732955417,-2.5605199693010428,-7.5231637578993205,-5.266681964651253,2.5687831861,0.2236418263,2.2568503006,0.1666666667,0.1666666667,21.3333333333,-0.1416666667,1.0,-0.0043333333000000005,-4.75,18.7083333333,-0.0169014085,1.0,-0.0082253521,-1.4154929577,-0.0391165917,0.10416666670000001,1.0276949512,10.2,7.5,1.6595847346,0.4890026471,1.5076766948,-1.3082894286,-3.2818926803264428,-0.0237981976,0.1388888889,-2.6637357439750002,-1.6219467759679993,-0.3894213089899998,2.907560227923999,1.896959002428,0.17876482844199995,1.7344384190240008,-0.8893284577,0.11428571430000001,4.1867508355,123.0,2.3916188301,0.3492235958,5.0,0.7414700508000001,0.0011411594,0.7474102497,0.0010511996,0.4166666667,0.2222222222,-1.5900241061,-173.0,0.6000000000000001,0.9876787026,0.3753134669,1.7379868410000001,-85.0,0.2941176471,0.053059098400000004,333.008333333333,2.6210741262100004,0.32117716181600003,1.5155328385820002,16.48,71.965,1.5962047314409997,0.2556831718,7.0,1.2105331336,0.4882261143,1.8760862164,-0.4217118244,2.2978297228,0.45697524780000004,1.4885677198,61.0,0.1043165468,-1.3341493227,67.0,0.023217836000000002,-0.2022703818,0.6931471805599453,77.0,130.0,19.0,2.5667466618,0.2818211067,1.3263857306,-0.8037114493,6.2,5.5,224.1666666667,2.9138135185,0.3835282857,0.3123985248311531,285.21750000000304,0.5262777777809995,2.5351987429410006,0.32551086607199997,1.6586606809520004,0.0070646449219999964,0.061761904762999975,30.41166666666101,36.72423139507302,1.0,2.0186619739,0.3688428077,1.7792478172,-1.2755740904000001,-0.0922136388,-0.2641181595,0.3592382108,0.0319670538,1.8233945241,-0.2775750349,-0.21411520550000002,2733.5966666667,3.0,8.0,3674.4166666667,0.48050703640000003,0.43463670990000003
s167,1.4546190745,0.2025384506,1.4325525881,2.5,28.0952380952,0.30000000000000004,19.5833333333,0.2,-0.15763223910000002,-0.7223616729,2.2482032916,0.4369991782,1.5237220843000001,-0.8175363746000001,0.6837517123,-0.46800289237522363,-2.388156518197357,-9.056746704394303,-8.568310711779263,4.0603755,0.2753049479,1.3057742397,1.0,0.0,16.0,-0.058333333300000005,1.0,-0.0013333333,-3.1666666667,16.75,-0.0858156028,0.0,-0.0026193853000000002,-0.3215130024,0.180217562,0.3265306122,1.0204384883,8.7,7.2,2.0567845282,0.41855543310000004,1.6488845659,-0.796184007,-3.6914423876239955,0.022564481,0.25,-3.5857380311,-2.3050301497,-0.5629734621,4.194188013,2.8662604304,0.0400033095,2.6493050951,-1.2890129854999999,0.3428571429,3.38738178,195.0,10.925098711,0.2565783653,8.0,0.7089891434000001,0.0012710931,0.6433603287,0.0011802058,0.6944444444,0.5555555556,-0.4871305802,23.0,0.2,1.5629733079,0.43618691260000003,1.5631870876,94.0,0.1818181818,0.0890734167,313.1666666667,3.0197517197,0.3538578072,1.4972830045,30.0,131.0,-2.5648381753000002,0.37771954490000004,10.0,1.8005025941000001,0.4688106582,1.9578226141,-0.18886059800000002,3.4959618461,0.4155016501,1.7033629777,-12.0,0.09642857140000001,-1.5236429513,107.0,0.0596059665,0.0330237358,0.6931471805599453,95.0,144.0,25.0,3.4426171455,0.2967156454,1.2187753281,-0.9552645766000001,5.8,5.5,385.6666666667,4.1289286724,0.3685055457,0.5942349057941383,298.0,0.5222222222,4.0931771017,0.36058257590000004,2.2570106384,0.0089916781,0.0119047619,23.0,86.7122204814,1.0,2.1458236848,0.3784966488,1.5262600385,-1.6979757318000002,-0.1210805095,0.2065573932,1.0064313225,0.039467562500000004,2.0589276406,-0.2682969155,-0.0111681183,2111.1060606061,2.0,11.0,2378.8333333333,0.8321747243000001,0.2070259288
s168,1.6066740042,0.44383208100000004,1.9871912509,3.65,1.0,0.0,0.9333333333,0.0,-0.1720388603,-1.1087013243,3.3205410058,0.31319865890000004,1.5432461015999999,-0.9555030312240007,0.6705993151,-3.169148395307329,-2.018629991076852,-7.92685229135188,-4.326174410417135,7.4819732301,0.2657545456,1.6287609898,0.8333333333,0.1666666667,7.25,0.0666666667,2.0,-0.0013333333,-1.3333333333000001,21.9166666667,0.2271428571,2.0,-0.0025142857,-3.0833333333,-0.0124748458,0.25,1.0463428282,7.5,7.7,2.7118232761,0.3591366547,2.267053172,-0.5836866108000001,-4.317701386277324,0.0098499551,0.5,0.8740001689,2.4074272454,0.0,5.3201349372,3.4177200027,0.217612871,2.0476215505,-0.9575666758,0.1428571429,4.0502743994,186.0,59.8991114415,0.8568707964000001,6.0,0.6925447464000001,0.0016239511,0.9984375,0.0022941762000000003,0.7222222222,0.33333333330000003,-1.175513402,-314.0,0.2941176471,2.0719015726,0.42263164950000004,1.3160907329,-209.5,0.0714285714,-0.3067695668,259.3333333333,4.3492114176,0.2849046347,1.8349007359,2.0,-7.5,-5.5606805381,0.3966477785,15.0,1.7591569701,0.5237184897,1.8977538188,-0.038054756200000005,4.4741629185,0.3936070098,1.9283575353,-13.5,0.11428571430000001,-1.506801361,130.0,0.0821625508,-0.0280701754,0.0,101.0,140.0,25.0,4.4457506785,0.2592071657,1.3063073459,-1.6940411789,7.6,7.1,312.8333333333,3.7859927442,0.310705589,0.2843838496899885,256.4166666667,0.5055555556,3.9566356839,0.2925425633,1.4720501332,0.0170057339,0.0285714286,13.1666666667,20.3863837312,0.0,3.1711223106,0.36816320410000003,1.6030860833,-2.0799367789,-0.6174828275,-0.7421251756,1.7746214743,0.2343246411,2.0285127035,-0.6720408156000001,0.1947943871,1549.9833333333,1.0,11.0,3285.0,0.6636948689000001,0.162081627
s169,0.8291543618200001,0.15207674550500003,1.4310319342470006,1.5175,19.2592592593,0.1,12.25,0.2,0.16760501960000002,-1.4361149489,3.3563736593,0.35897350840000003,1.5969926625,-1.4609694088,0.24848972600000002,-3.1838376468137564,-3.375719910324737,-5.934750545337783,-4.06385348400527,2.5901443226,0.26811593910000003,1.3035505551,0.1666666667,0.5,22.5,-0.125,0.0,0.0006666667,-0.5833333333,11.5238095238,0.13775510200000002,0.0,0.006387755100000001,-0.9030612245,-0.015142134500000001,0.0,0.1452762336,4.7,3.0,1.337362204466,0.42964062997000013,1.8148635741649997,-0.7615136303609998,-1.5395635951346736,-0.0123106108,0.0,-3.0601568262,-0.129981064,1.1469805559,3.0261738254,0.6858281652,0.2475870574,1.2024049896,-1.1195720593,0.22857142860000002,3.7262636324000002,107.0,46.0626954627,0.8291899447000001,10.0,1.0,0.0023519561,0.8,0.0022565536,0.25,0.0,-1.6350696922,174.5,0.8125,0.9507955152,0.2794287277,1.3908862479000001,-29.0,0.1875,-0.23332839130000002,327.84333333332995,2.4459095645420006,0.31260488232700007,1.588427722551,17.035,68.795,6.891043053,0.6653628956000001,4.0,0.5128336652000001,0.6209532937000001,2.0032696032,-0.22782569800000002,2.0948185132,0.41060538132299995,2.6597974031,-31.5,0.11428571430000001,-0.7404934272,74.0,0.0346723221,0.1421052632,0.0,88.0,126.0,19.0,2.3431887568,0.2474482415,1.2493490428,-1.6799747448,3.3,3.0,289.3333333333,1.9287690442,0.2974042763030003,0.8691208448404858,256.1666666667,0.55,2.3812797939,0.3278989551,1.3907798003,0.012020223600000001,0.080952381,39.0,9.9524901704,1.0,2.1519003605,0.4000472848,1.7896726365000002,-1.2599778619,0.4235030723,-0.5710994023,0.5188607701,0.273652218,1.3185465695,-0.37611899330000004,0.31338068,2493.4714285714,20.0,2.0,3324.0833333333,0.7389829061000001,0.894090915
s170,0.9067038853,0.22458751940000002,1.1852857117,1.85,32.3684210526,0.36666666670000003,18.9473684211,0.36666666670000003,-0.9546681899,-0.5359164742,2.6959834207,0.31569211410000003,1.5012651161,-1.0606068129,0.3785753425,-1.0092804040400996,-1.1957051352190302,-7.9608180773682164,-7.621148433101695,2.2887822343,0.2437630475,1.368715671,0.5,0.1666666667,15.9583333333,0.27083333330000003,2.0,-0.007158333340000002,-7.375,12.375,0.2050287356,3.0,-0.007867816100000001,-4.4088669951,0.1383089246,0.2857142857,0.4023593284,8.0,7.8,1.4625820562,0.34043954330000004,1.8219524383999999,-0.19389599770000002,-3.741598201872318,0.012817069,0.3888888889,-1.7804259177000001,-1.0913455612,-0.33672694870000003,2.9741526582,2.0472320229,0.0136558057,1.9545585957,-1.0385004382,0.2571428571,3.3813588491,142.0,0.0020298306,-0.5075187793,3.0,0.6391280413,0.0012768053,0.9441406250000001,0.0024660852,0.5,0.6666666667000001,-1.7260930213,-119.5,0.3157894737,1.5717048144999999,0.4431343511,1.3075003798,-58.5,0.3636363636,-0.16654135750000001,460.6666666667,2.2517623558,0.31328608690000004,1.3575274844,51.5,92.5,5.6338818685300005,0.47947623170000003,8.0,1.4142565903,0.45776656130000004,1.8157987009,-0.1782007008,3.02095196,0.3430578117,2.2327377097,16.0,0.1107142857,-0.8895495795,120.0,-0.0134877658,0.0140350877,0.0,97.0,150.0,17.0,2.4656449564000003,0.2829238743,1.1356882457,-1.6724420651,6.2,5.1,318.2766666666609,2.7661738728939995,0.3307697535109999,0.4620481623336037,290.01541666667106,0.5363333333279996,2.3571917025999998,0.2699944186,1.8132418824,0.00013683800000000002,0.1333333333,33.3333333333,32.3698113208,0.0,1.7537877459,0.3051436976,2.0223036135,-1.3030354032,0.0530998804,0.7334008361000001,1.0808479977,0.2250234865,1.6184075387,-0.5194774160000001,-0.5458654914000001,1563.119047619,20.0,6.0,2055.0833333333,0.3444379439,0.2784116774
s171,1.2111062432,0.2312645698,1.6215836417,2.15,30.1739130435,0.2333333333,26.9444444444,0.4,-0.3802477875,-1.0429675106,2.6409832412,0.3240247432,1.5884615033,-1.4035825554999999,0.9625017123,-1.4710467722225409,-1.5536152935655778,-12.057756094038904,-6.66461045343669,3.1774617632,0.2329454196,1.5316020935,0.33333333330000003,0.33333333330000003,18.125,0.07083333330000001,2.0,-0.0051666667,-6.2916666667,10.0416666667,0.1562195122,2.0,-0.0021512195,-4.1270325203,0.1469827586,0.3265306122,0.9912356322,8.1,7.9,2.9516818283,0.3536769816,2.5447672485,-0.5068931168,-5.265167544016588,0.0048845111,0.6944444444,-2.7725648174,-1.5529662242,0.1932209246,4.933693088,3.0949223876,0.2210637628,1.6545743034,-1.2083775268,0.2857142857,3.5486526974,183.0,7.6113128603,0.3752535483,7.0,0.8339462280000001,0.0011525399,0.9550781250000001,0.0016019720000000001,0.5833333333,0.4444444444,-0.8119672345000001,-73.5,0.2307692308,1.760249603,0.46382013920000004,2.0550344854,-89.9,0.0,-0.4148477182,332.508333333335,2.6381663270209996,0.31556003177799996,1.5159713568109998,26.22,66.19,13.8711277497,0.3929305182,7.0,1.8146108975000002,0.4244914897,2.0212320421,-0.6371481518000001,3.2057202558,0.37855749050000004,1.6136513689,-13.5,0.0785714286,-2.0057067601,166.0,0.0482157973,0.0035087719000000002,0.0,77.0,155.0,22.0,2.1336180662,0.27779093320000003,1.0528405682,-0.47594938070000004,5.6,6.3,396.5,2.7308986212,0.3162715034,0.23889578518358373,246.25,0.5111111111000001,2.7440918073000002,0.2551496089,1.4532519929,0.0022672532,0.1047619048,105.8333333333,-47.1691559981,0.0,2.501256219,0.3541256218,2.0279132308,-0.5441768945000001,-0.4972702175,-0.38187982140000004,1.5665935463,0.3368085139,1.5280656606,-0.1347705334,-0.19679337600000002,2696.8583333333,0.0,9.0,4366.3333333333,0.45721998010000003,0.42147836590000004
s172,1.6400583662,0.2670430578,1.4685300197,2.6,29.36,0.1666666667,15.9583333333,0.2,-0.7720925982,-0.9842177295000001,3.6561322448,0.315872617,1.8463228807,-1.0789873344,0.8012619863,-0.6130438846296067,-2.8716373880426667,-9.92699776443779,-6.867371588503066,4.4417745898,0.29120037530000004,1.1944856111,0.5,0.33333333330000003,15.0416666667,0.1125,1.0,-0.0025,-3.625,22.8695652174,-0.1090974212,1.0,-0.0014011461,-2.0321155683,0.021882981200000002,0.25,1.3273933906,8.1,7.4,2.3484772731,0.45021859010000004,1.6157147702999999,-0.5031119006,-3.2999311281686885,0.0205174349,0.2222222222,-2.7277351772,-1.5839572166,-0.42503709440000004,3.1507729495,3.1087377208,0.1638883974,1.7191934312,-0.7625664513,0.11428571430000001,3.9332268227,208.0,0.0331595576,-0.6040336065,3.0,0.8969482422,0.0017147149,1.0,0.0017376749000000001,0.33333333330000003,0.48148148150000003,-0.6884789245,-77.5,0.5,1.149613906,0.5135017551000001,1.6247492753000001,-427.5,0.0434782609,-0.4124249363,333.8333333333,3.1524039437,0.2886072897,1.3069303406000001,21.0,46.0,-2.0534723225000002,0.6067674468,8.0,2.0997663795,0.4565540501,1.686758491,-0.4830189332,3.3874331925,0.4033970858,1.9790809135,-9.5,0.0860215054,-2.0533486565,124.0,0.0775600302,-0.0732714138,0.6931471805599453,82.0,125.0,24.0,4.5472602054,0.2336319359,1.3271288734,-2.0126309397,6.6,5.9,320.0,3.5959076386,0.3144553893,0.06480372021918591,230.1666666667,0.5,4.0162762949,0.275381836,1.4618687385,0.0122638083,0.030952381,25.3333333333,21.8647186147,0.0,1.9914493007,0.3231870412,1.9825289774,-1.47975023,-0.8612548829000001,-0.0296801884,2.1862038983,0.36202149240000003,1.4740134847,0.5000357379,0.2742688357,1686.2698412698,14.0,9.0,2687.4166666667,0.1150205985,0.1428821971
s173,1.9588515791,0.2175422947,1.2713972505,3.1,42.35,0.33333333330000003,29.2777777778,0.4,-0.8651559423,-0.9966900921,3.6859884446,0.33547768310000003,1.6874377341,-1.3023969621,0.22967808220000002,-0.6627574960239009,-2.268084405502744,-7.003932864874375,-7.771995690585157,2.7048619892,0.2998487208,1.4775401367,1.0,0.0,13.375,-0.0041666667,1.0,-0.0015,-4.4583333333,13.125,0.1250151668,3.0,-0.0042006067,-5.5748230536,0.2313260514,0.1428571429,0.1962742911,8.1,8.6,2.5252813222,0.3527791742,1.8598625613,-0.0743375673,-4.132711784662223,0.0090285606,0.4444444444,0.9229443953,1.4087022941660008,0.3298219498,4.6604910377,3.1102925091999998,0.2427973532,1.3688391944,-0.9575666758,0.1428571429,4.0502743994,286.0,59.8991114415,0.8568707964000001,6.0,0.6947055817000001,0.0016899769,0.9779907227,0.0029563763000000002,0.6388888889000001,0.40740740740000003,-1.1786773485,-82.69,0.0,2.3331170677,0.4406339104,2.2228591005,-137.405,0.0,0.09424172530000001,233.3333333333,3.4475168484,0.3267473965,1.6535176159,-39.0,40.0,7.036164887605,0.4556050162,14.0,1.6345930814,0.4814559497,1.7938186767,-0.7602509998,3.6098300158,0.3859168283,1.4255714103,14.0,0.125,-2.7878833475,221.0,0.1204663841,-0.11052631580000001,0.0,79.0,174.0,20.0,3.2988414974999998,0.3047016919,1.3806840457,-0.6456759635,8.5,6.9,236.6666666667,3.8022819849,0.31128905300000004,0.41877942227422615,252.6666666667,0.5222222222,2.7644584772,0.3681662692,1.0977702873,0.0250083554,0.07619047620000001,0.33333333330000003,5.4006968641,1.0,2.5440986414999998,0.3036266421,1.6989756087,-0.5746803014,-0.3871907007,0.6351471531,1.695094981,0.30347696290000004,1.7078664072,-0.51938522,-1.4251762217000001,2668.455,7.0,7.0,2426.1666666667,0.7791509464,0.18821873860000002
s174,0.4851954404,0.0087316076,2.2325763534,1.4,8.04,0.1666666667,7.5600000000000005,0.1666666667,0.1520767906,-1.3442246171,3.0686017411,0.4465961553,1.8967386285,0.026524253,0.7960933219,-1.8025261264269279,-3.1077741151995744,-9.178515207835188,-6.4746008820744665,2.3043957802,0.29152500670000003,2.1014406602,0.33333333330000003,0.33333333330000003,20.7083333333,-0.0041666667,0.0,0.00016666670000000001,2.7916666667000003,15.75,0.10608747040000001,0.0,0.0004231678,-0.7304964539000001,-0.3661633106,0.042553191500000004,0.5182122646,6.9,6.6,1.3538460092390003,0.46627815247000015,1.998440139371,-0.846721159194,-3.778853764622678,0.0162215172,0.2777777778,-3.7077982045,-6.4282704495,-0.2985083945839999,2.7089309225650005,0.8999962535,0.0960958808,1.9996973251,-0.8903224109000001,0.1714285714,3.6777149035,124.0,46.0626954627,0.8291899447000001,10.0,0.7409353256,0.0023519828,0.9,0.0026606462,0.4444444444,0.33333333330000003,-0.9620877221,-43.0,0.3125,1.4777852083,0.5749251105000001,1.5601683633999999,-440.5,0.0952380952,0.09645143290000001,366.14166666667103,2.7081550243100003,0.35397108280800005,1.6264186365180004,26.025,60.68,-8.868160731,0.8265704578,5.0,0.7699473669,0.4571111922,2.2109619386,0.0071515475,3.0490182175,0.506081137,2.1392433575,-3.0,0.0896057348,-1.3595667200000001,125.0,0.0023142759,0.3457172343,0.6931471805599453,150.0,202.0,17.0,2.2939616166,0.31611296169199987,1.9608809839,-0.20756215520000001,4.4,4.0,345.745000000001,2.733520415723001,0.357809784622,0.5889951232322699,400.4166666667,0.5166666667,2.3089030868,0.36386958890000004,1.718214426,0.0011120674000000001,0.05,106.8333333333,35.986207276321004,0.0,1.9150963409,0.3876365054920001,1.9994618967000002,-1.2055823056000001,0.11330433690000001,-0.07062607700000001,0.9773202478,0.40057554100000003,2.0285384696,-0.1836781575,-0.1343660761,2821.675,1.0,6.0,6639.4166666667,0.1951936829,0.27975889530000003
s175,1.0793780996,0.0659077453,2.0914185027,2.6,45.1111111111,0.4,21.9285714286,0.5333333333,-0.2478993286,-1.1100344579,4.1338003202,0.3107430427,2.9892839408,-1.1402774113,0.7006181507,-0.569368456353847,-2.251056687517306,-9.038480009837423,-8.247191245360167,4.8319566474,0.2543689937,1.8856897189000001,1.0,0.0,7.0833333333,-0.0083333333,1.0,-0.001,-1.5833333333000001,7.9166666667,0.08428571430000001,1.0,-0.004,-3.0,-0.09229626490000001,0.3469387755,0.6115025467,9.3,8.8,2.3747315948,0.44116580590000004,1.8320532309000002,-0.9456269914000001,-5.073684652587122,0.0064187898000000005,0.6666666667000001,-1.1214576705,0.6125666476,0.1910395678,4.9380558016,2.8704853348,0.1942486565,1.853121581,-1.0170844173,0.1714285714,3.9312389163,219.0,1.2928725743,0.0438060331,4.0,0.5921513557,0.0013727423,0.8857249260000001,0.001797579,0.7222222222,0.2962962963,-1.3459781863,88.5,0.1764705882,2.2467208065,0.4466120583,1.7349321144,-89.85,0.0,0.2379917708,364.3333333333,3.3482962882000002,0.37797004030000003,1.2774393658,32.0,51.0,7.1559676652,0.36618994650000003,12.0,1.6768229309,0.4596104354,2.1098360829,-0.36791555470000004,2.8057950482000003,0.42371521830000003,2.3748799044,74.0,0.1,-2.6790086658,138.0,0.0575841598,0.0403508772,0.0,101.0,156.0,20.0,4.0373311569,0.2659257331,1.7261866811000002,-0.2516871593,7.1,7.1,396.8333333333,4.1043249643,0.3788228019,0.49085020592238415,265.25,0.5111111111000001,3.9720757069,0.3605032515,1.299507795,0.0189728506,0.0238095238,23.1666666667,33.690510878,1.0,3.0030095921,0.3046927358,2.0760003991,-0.1820968142,-0.2880222632,0.2990604618,2.6080920228,0.3417520249,1.796811401,-0.4586970235,-0.074627601,1990.7516666667,6.0,9.0,3175.0,0.839011821,0.1739281266
s176,1.2847501136,0.0482088752,1.5951410397,2.1,41.6666666667,0.4,25.5882352941,0.4333333333,-0.9246843254,-0.7869518252000001,2.980143518,0.32397577980000003,2.0544367258,-1.0547642917,0.9437517123,-1.6741865015010609,-1.6610151334407885,-12.139292887840636,-6.422926093417842,1.9271871983,0.2490901782,2.2780776188000003,0.33333333330000003,0.33333333330000003,3.7916666667000003,0.1208333333,2.0,-0.0028333333,-1.7083333333000001,15.0833333333,0.3488721805,2.0,0.0005112782000000001,-3.959273183,0.039910527700000004,0.17021276600000002,0.9663598695000001,7.2,6.9,2.1023938383,0.300492415,1.8422125763000001,-0.6745544187,-2.8102868710506437,-0.0175112934,0.1388888889,-1.6925089764,-1.9188010088,-0.5003468156,1.9782464534000002,1.7796749015,0.1231144314,1.4381760929,-1.1184816575,0.4571428571,2.4522320999,180.0,59.8991114415,0.8568707964000001,6.0,0.6930790901,0.0011558063,0.899609375,0.0026587656,0.6111111111,0.37037037040000004,-1.439256614,-74.5,0.6153846154,1.3846201686000001,0.3705507475,1.7295511471,313.0,0.0526315789,-0.4028260651,326.934999999998,2.617590471125001,0.2914115130259999,1.4332199445810005,21.18,55.18,1.4470504637189987,0.4474857132,13.0,1.7491843135,0.3896748323,1.7779947708,-0.6177601998000001,2.3630732728,0.2564069129,2.8690397224,-14.0,0.1178571429,-0.3870802319,102.0,0.0792650186,0.0020639835,0.6931471805599453,126.0,187.0,16.0,2.5776377137,0.29573044260000003,1.1174283078,-0.871196297,5.1,4.8,328.6666666667,3.0061379539,0.2898794314,0.1786640873996972,235.75,0.5111111111000001,3.0673311959,0.2724459494,1.4491212937,0.0063973524,0.0452380952,42.5,40.6696082432,1.0,1.8378925496,0.303730286,1.7970516705000001,-1.3451540991,-0.5364084554,-0.2702268581,1.4289440619,0.3245378917,1.3150545070000002,-0.08206704620000001,0.0538008674,1440.7976190476,8.0,7.0,5493.3333333333,0.9099873126,0.15003778710000001
s177,0.8984284495,0.3184888086,1.5193334394,1.7000000000000002,18.5652173913,0.2333333333,14.6818181818,0.2666666667,-1.1610854841,-0.9621377943,4.9661788096,0.3932382229,2.0302170651,-0.35662974940000003,0.9687619863,-1.0241944331332027,-2.8724847430380023,-12.342465270435728,-6.642985371932908,4.4711682448,0.2844784916,1.431150078,0.1666666667,0.6666666667000001,13.125,-0.0625,1.0,-0.0028333333,-4.7083333333,14.5833333333,-0.022965879300000002,2.0,-0.0053228346000000005,-2.1036745407,0.2563478384,0.4285714286,0.826738215,6.7,3.9,1.1802869164,0.4654251851,1.6100365303,-1.5188398669,-2.500944445668112,-0.0237619337,0.1388888889,-2.0152888889,-0.4911463299,-0.6629669095,2.6749133193,1.9842530527000002,0.2194898737,1.222815264,-1.0170844173,0.1714285714,3.9312389163,207.0,7.6113128603,0.3752535483,7.0,0.5963340521,0.0010715685000000001,0.636887455,0.0009250532000000001,0.47222222220000004,0.4444444444,-0.6846574601000001,-270.5,0.1538461538,1.8732540044000001,0.49017901540000003,1.9502647311999999,-479.0,0.0,-0.3456756602,328.0,3.1903416584,0.30663379960000003,1.4138696066,27.5,-3.0,2.875274533956999,0.7610790989,10.0,1.3334125554,0.5905882948,1.5021675348999999,-0.93033862,2.5080454765,0.4180898709,2.1344562408,82.5,0.09285714290000001,-1.4374794942,87.0,0.0313918781,-0.1280701754,0.0,116.0,148.0,17.0,3.2680380381,0.2850373596,1.4796201472,-0.8294731473,5.9,4.7,274.6666666667,3.505142481,0.3907914462,0.7073920288869299,278.9583333333,0.5222222222,2.8504898089,0.3085290046,1.1657566183,0.0039751314,0.0666666667,-19.5833333333,-26.0464290482,0.0,2.5991952889,0.40187057930000003,1.5117675350000002,-1.5808756970000002,-0.5126731870000001,-0.6526253387000001,1.9088570158,0.3867627785,1.6825123829000002,-0.1150819737,0.0748902874,2181.4166666667,25.0,5.0,3102.9166666667,0.8461546666,0.3782847025
s178,0.8762178489,0.0564181668,1.6249149090000001,1.55,8.5185185185,0.1,5.0,0.033333333300000004,-0.7417562196,-0.222936195,3.4644385491,0.3428706755,2.2957929267,-0.7361915685,0.9687517123,-1.2640601144051347,-2.377287208934462,-12.359503584433083,-12.342465270435728,2.6601786312,0.2489981805,1.8044910047,0.6666666667000001,0.33333333330000003,10.6666666667,0.033333333300000004,0.0,0.001,-0.0833333333,10.625,-0.0558239862,0.0,-0.000811044,-0.7407247627,0.2295918367,0.12244897960000001,0.0835248006,6.8,10.5,1.1969116587,0.4486468967,1.6409780148,-0.7212754440000001,-7.931524323018454,-0.0073475294,1.0,-6.7317939822,-5.8431031723,-0.9192392485,2.6999330956,1.8667796601000002,0.256466432,1.2288285154,-0.9928100529,0.22857142860000002,3.4727396196,126.0,25.7627506452,0.3968411315,9.0,0.6201343536,0.0014287001,0.6581768990000001,0.0013625974,0.4166666667,1.0,-1.9612911725000002,-46.5,0.1818181818,1.2861384382,0.32401775860000004,1.2588795617,-75.0,0.1979654891979999,-0.19156869910000002,316.06833333333105,2.468713082401,0.3027303076859998,1.4664241143500008,25.025,65.825,1.3451277792029996,0.40452124310000004,12.0,1.5927018708,0.4298944079,2.0068295559,-0.4295395225,2.2283882488,0.40543006800000003,1.9745420487,17.0,0.1413043478,-1.0960549153,103.0,0.007867633300000001,0.2425180599,0.6931471805599453,108.0,179.0,18.0,2.28087532,0.28151805220000004,1.7418239996,-0.43445075310000003,6.9,6.5,308.833333333332,2.6098947464770017,0.3055741542590001,0.4932972788406349,258.2916666667,0.5722222222000001,2.4648856597,0.3111498989,2.5543718700999998,0.0009720812,0.1095238095,37.75,62.377533504,1.0,1.9252671932,0.34931101747899995,2.7206577008,-0.6496615578,-0.4227529688,-0.40355446500000003,0.5669906016,0.0556896526,2.0069437485,-0.20388654120000002,-0.253030723,2169.4166666667,-2.0,2.0,3651.5714285714,0.8191182067,0.3053984067
s179,1.2406655233000001,0.2169351839,1.2006015987,2.0,24.3333333333,0.30000000000000004,13.7777777778,0.1,-0.32621082770000004,-0.6690592377,4.6409950443,0.3165569406,3.4419384862999998,-1.1004405179,0.0861489726,-2.2722950775715067,-3.365977350962073,-5.86643981373214,-3.838788654413126,3.9833115353,0.29475971840000004,1.3701349858,0.6666666667000001,0.0,7.6666666667,0.06395833333900001,1.0,-0.007666666700000001,-1.9166666667,13.0416666667,0.2724279402,0.0,-0.006053439900000001,-1.1051967179,0.1310675324,0.1836734694,0.8224533663,8.2,6.7,1.8049274506000001,0.48603473880000003,1.8478576241,-0.371743,-2.5194916078074012,-0.012794155100000001,0.0555555556,0.628198291,1.2851934227790005,0.0,5.3201349372,3.9753480402,0.17021119340000002,2.2666533105,-0.7122733402,0.1428571429,3.5596877282,174.0,0.0565860642,0.0011628241,4.0,0.7517391205,0.0012560644,0.9310546875000001,0.0029635782,0.6111111111,0.1111111111,-1.0220323634,-228.5,0.125,2.0375735864,0.3745404363,2.2687192222,-175.91,0.0,-0.5677933807000001,284.0,3.3035562292,0.3108149864,1.3905086598,-3.5,12.5,3.0212726427979995,0.6245385897,9.0,2.1780623304,0.4906697566,2.1734875972,-0.48701513750000003,3.9234217908,0.4400788765,2.1717537135000002,-17.0,0.0607142857,-1.6388969391,210.0,0.0903093978,-0.0070175439,0.0,75.0,130.0,24.0,3.5155405108,0.3880494277,1.2692260943,-0.9838908098,5.5,6.1,215.3333333333,4.3979791342,0.2995567873,1.2171233603382448,265.75,0.5166666667,2.8868381171,0.3753439736,1.4708581322,0.0101766467,0.0642857143,18.5,-22.437737743,1.0,2.5115189193000003,0.377298795,1.6069162748,-0.5378195066,-0.23041712620000002,0.0430997568,1.7774852371,0.3448104265,1.323905678,-0.7096852516000001,-0.35426510720000004,3027.1666666667,8.0,7.0,4603.6666666667,0.8434666487,0.18927919840000001
s180,1.4905626352,0.3096890377,1.279675468,2.3915,50.0,0.33333333330000003,22.5,0.4666666667,-0.00042422200000000003,-1.137315239,2.7114523023,0.27148038890000004,2.0641749361,-0.5528203935,0.8312517123000001,-0.7171977903432281,-3.1833417596348754,-9.793333544044236,-7.482448182551911,3.0050078111439995,0.27731681518299994,1.658952335171,0.6666666667000001,0.0,11.1666666667,0.0083333333,2.0,-0.0086666667,-4.25,11.9583333333,0.0138237229,1.0,-0.0030357378,-3.8820434114999998,0.0490956249,0.08163265310000001,0.628456848,8.2,7.3,1.495233607,0.41776900580000004,1.9070802424000002,-1.0591254488,-1.89912803901107,-0.0143596279,0.1944444444,0.7905795727,1.5012128066,-0.7548590441,3.810416849,2.5580458059,0.0555173621,2.7891802469,-0.9304295772000001,0.3142857143,2.8283362605,171.0,1.2928725743,0.0438060331,4.0,0.8466796875,0.0021004182000000002,0.8812500000000001,0.0021027242,0.7777777778,0.2222222222,-1.2391853314,307.0,0.125,1.7616838291999999,0.43396535610000003,2.049400165,-258.5,0.1052631579,-0.5710842289,419.0,1.9901989513,0.32571372530000003,1.2080252519,75.0,43.0,13.9610280256,0.5002766904,10.0,1.5803349409,0.4427402174,2.5289665853,-0.0714762084,2.2791675437,0.4527601935,2.1396116685,62.5,0.0758122744,-0.4591942484,167.0,0.0789956493,0.3756449948,0.6931471805599453,70.0,131.0,19.0,2.155335421,0.353396943,1.9027676948,-0.0332306611,7.3,5.4,415.6666666667,2.1726283739,0.3413392737,0.22410920715849114,278.5,0.5361666666729995,1.6784178533,0.3097862415,1.3150869380999999,0.0104455993,0.1595238095,16.3333333333,-17.845023071900002,0.0,1.664969106,0.4165707456,1.5847496693,-1.6523622154000002,-0.44016856600000004,-0.6167340257,1.3306265148,0.3444068453,1.8672320409,-0.12581933110000001,-0.2085130905,1311.5416666667,11.0,9.0,2827.4166666667,0.3047718309,0.16840395460000002
s181,0.6628539367,0.0736772262,1.6368610810000002,1.55,29.05,0.33333333330000003,7.8947368421,0.36666666670000003,-0.7753019320000001,-0.5313804666,2.1856143551000002,0.3530211844,1.6843274824,-0.5854128942,0.1201729452,-2.602880628422834,-2.9835803798010425,-6.7846237337790045,-4.160787237511054,2.4083438747,0.306108987,1.1484492476,0.1666666667,0.33333333330000003,11.0,-0.1833333333,0.0,0.006666666700000001,-0.33333333330000003,23.9583333333,-0.1401408451,0.0,-0.0011830986,1.1338028169,0.1455014175,0.1428571429,0.5003232812,5.9,6.6,0.5635042396000001,0.43716311427899973,1.9247210346,-1.0935349463,-2.1620853253876655,-0.0065173932,0.0833333333,-5.3268161329,-5.4313792956,-0.5500992784000001,2.4491780572,1.4075557812000001,0.0553184142,2.1712819067,-0.5995294214,0.1714285714,3.0961289244,159.0,7.6113128603,0.3752535483,7.0,0.8335252762,0.0015754073000000001,0.9984375,0.0017215798,0.5555555556,0.2592592593,-0.811774285,156.5,0.4375,1.2969805631,0.4435376529,1.8551505989,-331.5,0.0714285714,-0.2305086916,346.7833333333351,2.4809122504920005,0.317781098594,1.4943626680889996,30.61,60.755,-0.9864783225,0.7909224296,9.0,1.1312338924,0.5534962982,2.1213441367,0.0261490838,1.4059185207,0.4050634807640003,3.1613804827,1.58,0.0836653386,-0.4852567618,72.0,0.058072984200000004,0.11661506710000001,0.6931471805599453,118.0,149.0,18.0,2.978386135,0.367517184,1.3276507864,-1.0157746974,5.9,5.2,298.3333333333,2.0088598911,0.3449156675,0.6225576567088709,313.9166666667,0.5388888889,2.3165679101,0.3110295530530001,2.7489362615,0.006879525500000001,0.0523809524,47.5,46.1178674056,2.0,1.2998316679,0.3444148024,1.6008641316,-1.3974538236,-0.3732728101,0.0395007846,1.1165450922,0.2727355633,2.1400259278,0.0508640516,-0.5711605796,2550.5416666667,-2.0,10.0,3967.0833333333,0.5988381214,0.1513149966
s182,1.3364647652000001,0.0840049034,2.1401060885,3.0,40.0,0.4333333333,20.0,0.36666666670000003,-0.8528044283,-1.6398357661,2.5362747892,0.3806078197,1.2623494379,-0.9833654806000001,0.1737517123,-1.6412882510106512,-3.0356450065777985,-6.905864068448686,-6.434852855303693,3.0973540145,0.281055763,1.2946863412,0.8333333333,0.1666666667,9.5,0.2666666667,2.0,-0.014,-1.5833333333000001,11.875,0.0826927206,2.0,-0.0078711617,-2.8366974447,0.0176935724,0.20408163270000002,0.8641405047,8.2,6.4,2.239287706,0.4055676744,2.1221282911,-0.7489694254,-3.8319666440016684,0.0123653652,0.3611111111,-2.8871624493,-0.2786591382,0.1910395678,4.9380558016,3.2266265253,0.0114170411,2.9362316625,-1.1652624446,0.2571428571,3.6348828618,215.0,0.0331595576,-0.6040336065,3.0,0.6351511478,0.001834125,0.8596910477,0.0028326802000000002,0.5277777778,0.2222222222,-0.824113006,25.5,0.0,1.5064831659,0.4363666888,1.8209307687,-31.0,0.1538461538,0.0042302301,329.70666666667006,2.5108583197129994,0.31786675636,1.4556102846060002,24.895,61.54,5.1436069209,0.49258489510000003,18.0,1.7268980989,0.5438734613,1.5863288388,-0.2080133234,2.6620357004,0.3914044618,1.3766876077,-9.0,0.125,-1.4105903483,165.0,0.0022376666,0.036842105300000004,0.0,75.0,173.0,19.0,2.3333970317,0.3232085619,1.076759944,-0.8229282131000001,6.1,5.9,307.0,2.5439710096,0.35347490470000004,0.44973947016764637,273.8333333333,0.5166666667,2.7252598481,0.3602915111,1.3793466251,0.0153039605,0.05,4.6666666667,23.0780076628,1.0,1.6613072993,0.3640589195,1.7398173307,-0.8986985343,-0.23869983390000002,-0.0431729262,1.40995303,0.33112866,1.7622209362999999,-0.27474746440000003,-0.5395311344,1626.2685185185,-4.0,9.0,7090.6666666667,0.15617367610000002,0.1436652515
s183,1.4761098598,0.1044597526,1.5349832184999999,2.85,46.05,0.33333333330000003,27.0769230769,0.5666666667,-0.1365270472,-1.512652402,3.6205663008,0.3640502601,2.9383339647,-0.6589636574000001,0.4155565068,-2.1523068723247305,-3.1570633511801662,-7.726049669289689,-5.975560804712783,4.6481141164,0.35399575920000004,1.3463047694,1.0,0.0,15.5416666667,0.1708333333,3.0,-0.0078333333,-3.9583333333,10.6666666667,0.18880952380000002,2.0,-0.004852381,-3.8702380952,-0.0631216892,0.061224489800000004,0.9759233113,7.7,6.9,2.0327488708,0.5210040615,1.6295424275000001,-0.4892054622,-2.9850926634766535,-0.0141172417,0.1388888889,-2.955965876,-0.2678547904,0.1910395678,4.9380558016,3.9150238673,0.0219688952,3.6037914840000003,-0.8893284577,0.11428571430000001,4.1867508355,197.0,59.8991114415,0.8568707964000001,6.0,0.8021636963000001,0.001605677,0.9620117188,0.0019626968,0.5555555556,0.2222222222,-0.8674897497,283.5,0.0,1.8616883264,0.5199005701,2.0965559208,-195.0,0.0833333333,-0.5884189436,320.6666666667,2.3875053322,0.4081226913,1.0739585826,26.0,15.0,17.9365485288,0.5995615586,16.0,1.7701648921,0.5384929107,2.2166771045,-0.3048775308,3.32907338,0.5087869589,1.8342262095000001,28.0,0.1035714286,-2.3883522057,162.0,0.049613222500000005,-0.0035087719000000002,0.0,78.0,133.0,21.0,4.3929139338,0.3243765167,1.3709607865,-1.4481858793,7.2,6.5,311.5,5.2055929924,0.3785209057,0.5028099038285567,293.6666666667,0.5222222222,4.3301734195,0.4115451311,1.296368132,0.013918924035,0.019047619000000002,28.0,-6.5376540832,1.0,2.8456863562,0.4471499531,1.5274284985,-1.6333757884,-0.4324969534,-0.4553054503,1.7578740521,0.4109369606,1.6504005104,0.26248796,-0.4919311431,1791.6398148148,14.0,8.0,2692.0,0.1971193602,0.28337450410000004
s184,1.1401366066,0.0792626318,1.6450001055999999,2.5,26.6666666667,0.30000000000000004,23.5882352941,0.4333333333,-0.2696528936,-0.5058090174000001,4.0972128769,0.333652398,2.3236786116,-0.8015227296,0.11276712330000001,-2.134635729827688,-3.036554268074246,-6.512195332080638,-5.95076366072102,4.0278196047,0.2114995103,1.5184212362,0.6666666667000001,0.0,12.2916666667,-0.0791666667,2.0,-0.0191666667,-1.625,14.1666666667,0.0764478764,2.0,-0.0088648649,-2.5212355212,0.1851080822,0.2857142857,1.0199743367,6.9,6.1,1.6106981936,0.3388113277,2.2321726287,-0.0987379979,-4.441336031278303,0.0086184651,0.5277777778,-0.8001281828,0.1035431066,-0.5836083582,3.3887599497,3.1432662941,0.2570668877,1.3345531782,-0.8893284577,0.11428571430000001,4.1867508355,167.0,1.2928725743,0.0438060331,4.0,0.6905380249,0.0012583907,0.8812332153,0.0015112667,0.5,0.6296296296,-2.0177514675,-280.0,0.5454545455,1.7186097567,0.508931232,1.5108606943,-0.5,0.1428571429,0.0662863809,260.0,2.6180148826,0.2382921382,1.8366120451999999,19.0,168.0,-5.9223121894,0.5310458561,9.0,1.5471132253,0.4469487922,1.9640942718,-0.6543435349000001,2.2666432702,0.387847510479,3.0154764273,-67.0,0.0851851852,-1.1564208223,160.0,0.10414470370000001,0.050877193,0.0,100.0,180.0,16.0,3.9321334963,0.2705021342,1.8118413196,-0.2453257758,5.5,5.6,229.1666666667,4.4467868424,0.30787445210000003,0.8392281507751927,212.6666666667,0.5333333333,3.5853742352999998,0.3165493446,2.4947157088000003,0.0093713105,0.019047619000000002,-24.3333333333,51.3190596745,0.0,2.75698265,0.2960380761,1.9201466699,-0.5328584572,-1.1844780294,-0.101278928,1.7665461007,0.2589660206,2.1844712625,-0.1058683371,-0.2257082333,1953.5476190476,11.0,7.0,3838.75,0.8586847550000001,0.3382495708
s185,0.2472861844,0.013418856500000001,1.2911308969,1.4,1.0,0.0,1.0,0.0,0.3285567676,-1.7720505496,4.3401161826,0.4026521878,2.3919968341,0.0038731984,0.35026712330000004,-2.4091640061523036,-2.46241364248707,-6.485923964189285,-5.7706087627380604,2.891086696,0.2693150865,1.1649572213,0.5,0.33333333330000003,13.4583333333,0.0041666667,2.0,-0.0118333333,-3.125,22.7916666667,0.023181326947,1.0,-0.0002649141,-1.4595551062,-0.0088512999,0.1632653061,0.20828206030000002,7.579000000000001,6.192,1.8388759856,0.3853876335,2.1621289768,-0.5192833566,-7.120121119044481,0.0004011213,0.9166666667000001,-0.48363830550000003,0.6638855794,0.010669926500000001,2.1138011948,1.151107183,0.007348568000000001,1.6925208283000002,-0.7017421781000001,0.0571428571,4.5619233948,119.0,0.0037183318000000003,-0.4483867889,3.0,0.6685333729,0.0013471671,0.5741770387,0.0013868916000000001,0.8055555556,1.0,-1.0033760071470004,-136.665,0.27886403576,1.4426082487969996,0.4312220588529999,1.7459768420270003,-135.045,0.12598314685599996,-0.319877587462,204.5,3.2062739442,0.3176700415,1.5530165135,27.5,13.5,3.2180559186609985,0.4504887783,4.0,0.9131496051,0.5150405072,1.9235995739,-0.152185493,2.9065556994,0.4415261011,2.0201228575,-12.0,0.061151079100000005,-1.5406191707999999,81.0,0.030606511500000003,-0.0639834881,0.6931471805599453,96.0,139.0,19.0,1.8852770626000002,0.2757609381,1.2496081461,-1.1544690077,5.8,5.8,185.0,3.1129531398,0.3631312412,0.7158497597613523,297.25,0.5277777778,2.8076517104,0.1979777245,1.9863621762,0.0046446415,0.0619047619,-92.1666666667,-8.9209334176,0.0,3.1030527771,0.3618817183,2.0638822394,-1.4482084566,-0.6945530101,-0.1932985201,1.0379316581,0.0320664436,2.2003853041,-0.1551770876,-1.0297386392,2268.8606060606,-1.0,9.0,5352.1666666667,0.8393165457,0.40287232580000004
s186,0.7381667649,0.055494224200000004,1.7164460108,1.9,43.3333333333,0.5,26.1428571429,0.30000000000000004,-0.3645437562,-0.6939622212000001,3.4986349268,0.296091757,2.3492057579,-0.7340991964,0.0733424658,-1.5340745080266294,-1.6156989101388957,-5.8061599772580985,-9.401124434983503,2.6625920704,0.208528913,1.4080271821,0.8333333333,0.1666666667,6.375,-0.0041666667,2.0,-0.0085,-1.625,12.5,-0.09098497500000001,2.0,-0.005615057776000002,-3.1569282137,0.112183166,0.1276595745,0.9504000389,9.4,6.8,1.5791925011,0.2585631478,2.5654970554,-0.018028952600000002,-4.812972530200608,0.0050941169,0.6111111111,-0.11526611910000001,0.5306422374,-0.3051735072,2.1936242298,1.1336125113,0.0075739305,1.9443720511,-0.8409013323000001,0.3714285714,2.3379468797,180.0,25.7627506452,0.3968411315,9.0,0.6169890404,0.0011495662,0.8532150269000001,0.0011963453,0.75,0.6666666667000001,-1.0194783312,129.5,0.33333333330000003,1.4358494561000001,0.48178198520000004,1.7782895735,162.5,0.0952380952,0.2922578474,321.5,3.0031879882,0.3143792693,1.226897806,27.0,28.5,3.9926425377249997,0.49019538360000003,14.0,1.2633500732,0.38896741570000004,2.2012116287,-0.1629204995,1.6568897755,0.3445699559,1.9135742171,102.0,0.097826087,-1.1994177432,122.0,0.070712041,-0.250877193,0.0,105.0,146.0,22.0,2.7696242709,0.257070464,1.3324377494,-0.25722140790000003,5.1,4.6,305.0,1.5803128927999999,0.33010940688400003,0.7662782666801283,243.0,0.5055555556,2.6254839958,0.1765872212,2.0997974985,0.0076036705000000005,0.0857142857,29.6666666667,76.1772711997,1.0,1.9545756335000002,0.3386782282,1.6026587033,-1.1884159155,-0.6997735034,0.3681381895,1.8641034481,0.3253031496,1.4647445188,-0.8830790930000001,-0.4071245336,2720.1833333333,6.0,3.0,3674.5,0.8079110451,0.2113031205
s187,1.2743217702,0.24397944740000002,1.2685189631,2.15,21.347826087,0.2333333333,25.2380952381,0.30000000000000004,0.1869385039,-0.6304197545,2.6190649003,0.44243495120000004,1.6650394298,-1.2392274625,0.2077910959,-1.7902947889960312,-1.7615408897359397,-8.05887696961801,-5.268451659950141,2.610922829,0.20183170590000002,1.9248291548,0.6666666667000001,0.1666666667,5.5416666667,-0.0041666667,1.0,0.0115,0.625,14.625,0.2063380282,0.0,0.0097746479,-0.7042253521,-0.025291888000000002,0.1136363636,0.9521105749000001,8.2,5.2,1.1488168056,0.4446683918,2.0114595658,-1.2486418643000001,-4.361992347938312,0.0076956662,0.5277777778,-4.0018855183,-1.337113702,-0.5025857176,2.3541509355,1.3025606386,0.1499543958,1.3464356575,-0.6980313333,0.1714285714,3.2931327483,131.0,46.0626954627,0.8291899447000001,10.0,0.6438240051,0.0011541989,0.7064038992,0.0012643378,0.5833333333,0.5925925926,-1.4958343875,-295.5,0.11764705880000001,1.7113392563,0.40428392020000004,1.6647200219,-246.0,0.33333333330000003,-0.37465594080000003,334.13499999999794,2.602690723408001,0.3062951992359999,1.5377101372139999,22.18,65.795,-2.7406448445000002,0.42075720790000004,8.0,1.7013431162,0.5727319695,1.5027542468,-0.2233025828,1.9475722296,0.3727997713,2.0958009184,-98.5,0.1231884058,-1.3069511914,92.0,-0.0175913782,0.17368421050000002,0.0,96.0,141.0,19.0,2.6978120248,0.2761465768,1.4575739458,-0.4365249405,4.8,4.5,196.3333333333,2.3562890317000003,0.3447076583,0.6758586200298748,282.8333333333,0.5111111111000001,2.9118287944,0.32742004140000003,1.6504622638000002,0.0159771111,0.0285714286,23.0,11.8386176362,0.0,2.3375469717,0.3123962689,2.7990353641,-1.0004634445,-0.8907913104,-0.2518008145,1.1472297276,0.308556602,2.1875298425,-0.08397866150000001,-0.6512440017000001,2302.5166666667,10.0,6.0,4427.1666666667,0.1391221224,0.2164103357
s188,1.3792493586,0.2188498253,1.57194791,2.35,41.9473684211,0.36666666670000003,35.9285714286,0.5333333333,-0.6087185392000001,-1.8330269699000001,2.5470684805,0.4063796428,1.2368913276,-0.16433665290000002,0.0757011986,-1.2923113379621167,-1.847362686636656,-5.2305772073776176,-5.851087141994963,3.5466750892,0.2736116229,1.2470538254,0.33333333330000003,0.33333333330000003,19.75,0.0083333333,1.0,-0.0003333333,-4.75,17.75,0.0714732888,1.0,-0.0066043406,-5.1817612688,0.08637256037599998,0.39583333330000003,-0.299625,7.3,5.3,2.4512200484,0.4087404744,2.1088238222,-0.8955141457,-1.6319863433009694,-0.0156371882,0.0833333333,-0.8634395647,1.3196800587,0.0,5.3201349372,2.3191492166,0.15529740050000002,2.163347735,-1.1652624446,0.2571428571,3.6348828618,159.0,59.8991114415,0.8568707964000001,6.0,0.707958889,0.0013683876,0.7659580708,0.002168459,0.5,0.18518518520000002,-1.7634929219000002,-121.5,0.7894736842000001,0.3961631565,0.5453115219,1.8121085845,-215.0,0.14001324803600002,-0.013558780900000001,213.5,2.9147920164,0.3128109089,1.5495334013000002,-9.5,124.0,8.9849727137,0.2922559536,6.0,1.7491171851,0.5232704886,1.7780956264,-0.0951832829,2.2997662799,0.4944611991,1.5161460352,23.5,0.08633093530000001,-1.3396000658,185.0,0.0663242938,-0.0784313725,0.6931471805599453,78.0,164.0,19.0,2.9612284062,0.316687055,1.193961289,-0.9707254965000001,5.6,5.4,288.5,3.2284586779,0.3165577919,0.5395659532471562,252.75,0.5277777778,2.9184334012,0.3496495123,1.8688721204,0.0068554258,0.030952381,-54.8333333333,59.1510053851,0.0,2.6614696533,0.2695329133,1.8539593123,-1.2371391114999999,-0.0212558762,-0.2537472253,0.8830988402000001,0.2212413661,1.7886088835,-0.6738017139,-0.46513828290000003,1551.0111111111,30.0,6.0,2126.5,0.5102576716,0.21038350800000002
s189,1.1160024385,0.0490527185,1.9654951877000002,2.15,29.4090909091,0.2666666667,28.3333333333,0.30000000000000004,-0.4721371126,-1.3084388476,2.5920128448,0.4302170481,1.4494075647,0.0428378653,0.0885034247,-2.4548824680852874,-3.4187216139924916,-5.9140338014854645,-4.026601493012751,2.3168562669,0.27766071200000003,1.3220958346,0.33333333330000003,0.5,16.0833333333,-0.1083333333,1.0,0.0016666667,-5.5833333333,17.25,0.0213790714,1.0,0.001010395,-1.7411642412,0.020498206300000002,0.2978723404,1.0611057096,7.4,7.4,1.4274273597,0.4847834683,1.6723525407,-0.7194472946,-2.12815670792219,-0.0207068043,0.0555555556,-0.743678342,-0.9745397983,-0.8199956179000001,3.6801437014,2.0985066709,0.0162157091,2.8277128369,-1.3646783862,0.4,3.2360509786,219.0,7.6113128603,0.3752535483,7.0,0.6671132088,0.0016389391,0.9040594101,0.0021166582,0.5277777778,0.2222222222,-0.962108622,15.0,0.3125,1.6787620715,0.42874063770000004,1.6171061451000002,-62.5,0.0,-0.28599286020000003,388.3333333333,2.1261677914,0.2824472316,1.3584146873,-0.5,40.5,8.7368713706,0.3273362575,12.0,1.3731568507,0.6483941246,1.9780865846000002,0.2036274925,1.8420713543,0.4067793062,1.5694920965999999,-21.0,0.1260504202,-1.178824723,162.0,0.0782432983,-0.13415892670000001,0.6931471805599453,72.0,126.0,22.0,2.116830801,0.2810145523,1.3124795019,-1.1305324042,5.3,6.0,378.1666666667,2.1316341991,0.2695664565,0.49970649107379167,359.3333333333,0.5166666667,1.9989613085000002,0.1529845656,1.8889110222,0.0068387168,0.1666666667,58.3333333333,-2.8333994185,1.0,2.4476332865,0.29939411990000003,1.9711185618,-0.5590380559,-0.4363237175270001,-0.23058867158100005,1.304826559793,0.2859126835979998,1.6886483529649994,-0.2996045915269999,-0.3465164143920002,2160.1851851852,9.0,8.0,3798.4166666667,0.8131735827000001,0.3905391029
s190,0.9310385198000001,0.25777862760000003,1.6892728552,1.9,43.0555555556,0.4,20.6363636364,0.2666666667,-0.6233260504,-1.2129087341,4.2962724444,0.3305308182,1.9528504776000002,-1.2071084081,0.9687517123,-0.4212108558606599,-3.3551997615884304,-12.359503584433083,-10.332994360124573,6.1614863509,0.2311296767,1.8387131087,0.1666666667,0.5,14.4583333333,0.1625,1.0,-0.0221666667,0.2916666667,14.75,0.2247687132,3.0,-0.013656854500000001,-2.2504205214,-0.051936270300000004,0.2244897959,0.9893972898000001,8.2,7.5,2.7180383118,0.4542179677,2.2016160885,-0.5215936528,-5.234879916872577,0.0015551871,0.8055555556,-0.7646425576,-0.8733780972,-0.556638505,2.8875701281,2.0250161563,0.1978733638,2.1643687831,-0.9575666758,0.1428571429,4.0502743994,262.0,1.2928725743,0.0438060331,4.0,0.7597427368,0.0013282675000000001,0.9264404297000001,0.0019763447,0.6666666667000001,0.6666666667000001,-1.1136209504,-58.0,0.4705882353,1.0170997056,0.3800205575,1.3974826062,-209.5,0.4,-0.3912967828,249.5,3.2524847162,0.2251873815,1.476104333,-7.5,149.5,5.0715272357,0.2075183687,7.0,1.2563539651,0.5334192752,1.5052292906,-0.8929261907,3.9432407812,0.3831975604,1.7097494043,-2.0,0.0892857143,-1.5194572268000002,111.0,0.014225718600000001,-0.1517027864,0.6931471805599453,91.0,136.0,18.0,4.6085379971,0.2808173567,1.6331749297,-1.0050321542,5.2,5.8,218.8333333333,5.8723146518,0.2223630123,1.0699731603631506,194.9166666667,0.5222222222,4.6087396546,0.3048738313,2.3429076916,0.0084592985,0.0023809524,2.5,19.5969084147,0.0,2.9397771386000002,0.3535625572,1.9059386558,-1.5687090313,-0.111875212,-0.0134654118,1.668260395,0.32566944740000003,1.5714183655,-0.34387947490000004,-0.5564798327,2030.8703703704,13.0,9.0,4511.0,0.2295765239,0.18065125240000002
s191,0.7248094518,0.2366885297,1.3067225205,1.5,30.0416666667,0.2,16.5652173913,0.2333333333,0.3031147621,-0.10736951850000001,3.2861715755,0.3266443475,2.3444599258,-0.394293922,0.2701181507,-3.2077225025529734,-2.643340461342134,-6.6222035395343415,-4.386932904708392,2.0440002181,0.18209032290000002,1.8721965537,0.1666666667,0.3316666666700001,7.125,0.22083333330000002,3.0,-0.015166666700000001,-3.7083333333,10.7916666667,0.0059101655,1.0,-0.00356974,-1.7907801418,-0.0413876284,0.22916666670000002,0.6056493649,7.9,5.2,1.4855437425,0.448439905,2.1182716473,-0.3291521992,-1.5398103218239563,-0.0106747423,0.0,-1.7642196589,-1.0961618349,-0.421778931,2.5268003291,1.8494305303,0.14352759980000002,1.6349661043000001,-0.8308046694000001,0.1428571429,3.7967503866000003,116.0,7.6113128603,0.3752535483,7.0,0.8454177856,0.0011523462000000001,0.9572189331000001,0.0017846671,0.5555555556,0.0,-0.9142906522,31.0,0.2857142857,1.6023146623,0.352694726,1.6415307431000001,-208.0,0.2,-0.6923208938000001,352.80666666666497,2.4447301836060005,0.3229929233509998,1.505555642851,22.36,46.0,2.904879611651,0.6253387898,8.0,1.2928588288,0.6522064860000001,2.0310296734,0.22178906980000002,1.9151893506,0.4786952551,1.9193292415,-102.0,0.09712230220000001,-0.9336621282,108.0,0.0340753246,0.0298245614,0.0,66.0,125.0,20.0,1.9247835869,0.29882082590000003,1.5642935821,-0.3785184421,6.6,5.2,402.5,1.7720826129,0.1909100608,0.9117811204845189,305.06041666666806,0.5262777777779998,2.4702794309650007,0.31454384102100014,1.7826361823119998,0.006304632346999999,0.07892857142900002,25.730833333335013,35.62934529241801,2.0,1.5927549022,0.3483541748,1.7790365182999999,-0.8013292076,0.40057244210000004,-0.22697502560000002,1.3390441838,0.2504696902,2.0792533069,-0.3381283101,-0.43542092330000004,2317.4166666667,7.0,6.0,6529.1666666667,0.8085321414000001,0.3950310084
s192,1.343640319,0.0202323352,1.8297917363,2.373333333333001,53.3333333333,0.5,26.0869565217,0.2333333333,-0.4794114356,-1.6250868791,2.0981572262,0.400384289,1.244807314,-0.4254020604,0.8860933219,-1.1947574058456547,-1.2404165549977753,-10.471681023836478,-7.315091386318252,2.9236786386,0.281601547531,2.8082309766,0.8333333333,0.0,9.2916666667,0.0041666667,2.0,-0.0038333333,-2.625,8.6666666667,0.0899074853,1.0,-0.00227418,-2.5887300252000003,-0.2246196172,0.0408163265,0.6776045568,9.0,7.1,2.2441000467,0.39907010730000003,1.5510117182,-0.7171011605000001,-3.360938937906807,-0.0213054183,0.30555555560000003,-3.7005359071,-2.7679897063,-0.3990162682,2.5723256545,1.9234486609,0.1763930156,1.6919576359000001,-0.9575666758,0.1428571429,4.0502743994,194.0,25.7627506452,0.3968411315,9.0,0.7067736626000001,0.0011529396,0.9100631714,0.0015436990000000002,0.5555555556,0.5925925926,-1.3572908364,-251.0,0.4285714286,1.5422959287,0.48677092400000005,1.3360397960000001,-102.0,0.2,-0.0821481061,336.3950000000031,2.6627505111389986,0.32019849519,1.4473076953740003,26.565,57.225,8.755124898287002,0.4514231134,15.0,1.1720016944,0.4554115119,1.9589696902,-0.5387515889,3.2406462765,0.40745330490000004,1.8139133459,9.5,0.1007194245,-1.8496975643,177.0,0.0891833956,0.13684210530000002,0.0,84.0,148.0,19.0,3.6686045784,0.326558538,1.4545590864,-0.7662907957,7.0,6.3,342.1666666667,3.1389450155,0.3454478414,0.8613705789054775,294.1666666667,0.5222222222,2.7172270124,0.3550015485,1.2797454008,0.0127560213,0.0619047619,-12.3333333333,41.3713609467,0.0,2.8670364994,0.36074081490000004,1.5345087492,-1.2756223617,-0.0358967041,0.0756905987,2.1813649177,0.364690856,1.6689655076,-0.5634936229,-0.5396279509,1746.0972222222,0.0,12.0,3312.0,0.1756917372,0.7448121168
s193,1.5244098627,0.2368093716,2.0107858697,3.3333333333,32.8181818182,0.2666666667,32.45,0.33333333330000003,-0.7565295334000001,-0.1714790282,3.355643644,0.3534846648,1.9710037617,-1.3981607025,0.9687585616000001,-0.8468772868073382,-1.4846324081310558,-10.694128495181904,-7.686743830346876,3.4890163599,0.2956401803,1.6576016652,0.6666666667000001,0.0,8.125,0.0375,2.0,-0.0121666667,-3.625,10.5416666667,0.172271896,3.0,-0.008033733000000001,-4.6379800853,0.49235089540000004,0.2857142857,0.6036472461,8.4,7.2,2.6380039749,0.36384904030000004,2.7583992119,-0.8091464795000001,-7.225022027343516,0.0005736049,0.9166666667000001,-1.5923530497,0.6513087109,0.0,5.3201349372,3.5847887701,0.0035263655000000002,2.4626318780440006,-0.8075379761,0.0857142857,4.3503317988,171.0,0.0331595576,-0.6040336065,3.0,0.7813293457,0.0016867328,0.9934326172000001,0.0017143939000000001,0.6944444444,0.6666666667000001,-0.38607289040000003,385.0,0.0555555556,1.6736256272999999,0.4333054049,2.3713602061,-627.5,0.0625,-0.8255806210000001,372.8333333333,2.8899614372,0.3443344356,1.8845893194,47.5,91.0,18.7547385264,0.6104448646,15.0,1.9203170307000001,0.5135961057,2.0077877645,-0.3654097644,3.2045958282,0.4412107967,2.2479710515,-19.5,0.11428571430000001,-1.9171044368999999,172.0,0.1098588373,-0.1382868937,0.6931471805599453,100.0,145.0,25.0,3.7270960246,0.2617482424,2.5400938549000003,-0.8397995252,5.8,6.3,352.3333333333,3.4867830397,0.3658902666,0.7392953586604665,337.75,0.5222222222,3.7347495347,0.35610573970000003,1.580760842,0.0163151306,0.0357142857,-45.5,-1.3730407524000001,0.0,2.6043579802,0.4175475455,1.9152745647,-0.9833386894,-0.7210539584,-0.18303382910000002,1.8839119959000001,0.09390990860000001,1.9425350419319996,-0.4731895078,-0.650250816,2938.1916666667,4.0,8.0,3345.75,0.14943798260000002,0.3797930893
s194,1.4900115231,0.2707365544,1.4918524093,2.8,23.32,0.1666666667,16.1578947368,0.36666666670000003,-1.063583612,-0.4241612629,2.812733872,0.3308543995,1.5821421535,-0.6147736787,0.9687517123,-0.855037782085326,-2.976466992563266,-12.345265749724453,-7.408116182763591,2.8034111223,0.2930632467,1.5735118403000001,1.0,0.0,12.625,0.27083333330000003,3.0,-0.0165,-2.6479166666669998,15.625,0.1766832918,1.0,-0.0029991687,-7.036159601,0.10902766080000001,0.1458333333,1.0974128494,9.5,5.8,2.177775222,0.29792392100000004,2.1467836568,-0.2881384704,-1.1970166280508432,-0.0154946232,0.0833333333,-3.2667956958,-2.2361842997,0.3298219498,4.6604910377,3.1986244435,0.0092969739,3.0308643248,-1.327315884,0.3714285714,3.310775983,154.0,59.8991114415,0.8568707964000001,6.0,0.7466804028,0.001644775,0.8271181107000001,0.0026799949,0.5833333333,0.5185185185,-0.9696996602,-253.0,0.1428571429,1.8892075477999999,0.3581378505,2.1365639161,-150.37,0.0,-0.1507959549,326.55166666667105,2.7633381023549997,0.307699453297,1.4701804102579998,17.665,69.84,0.9199097780000001,0.4066357446,13.0,1.4402479652,0.3443571153,2.4054147525,-0.0678496998,2.8184658585999998,0.38571031780000004,1.6280582704,37.0,0.0642857143,-1.5025853373,201.0,0.1071817419,0.1,0.0,77.0,158.0,16.0,2.7936597751,0.2677809183,1.5402288697,-0.8915554644,7.2,7.2,311.1666666667,2.6044388796,0.32477596880000004,0.21600742691759764,262.0833333333,0.5166666667,3.1581020169,0.3558529163,1.2977957603,0.011500433710999998,0.0571428571,-3.1666666667,9.9377076412,0.0,2.9586404848,0.3161032448,2.1587973401,-1.0182642655,-0.6725491326,0.3651820965,2.170718524,0.3152548629,1.4460156555,-0.0610009197,-0.0564848435,1304.8703703704,10.0,9.0,5264.8333333333,0.8190662639,0.2236496678
s195,0.739869984,0.3201440398,1.3713566897,1.6,40.9523809524,0.30000000000000004,30.4545454545,0.2666666667,-0.8127081384,-0.7085469523,3.5803923634,0.4094157305,1.3506072634000001,-0.9213159096,0.1849417808,-1.790761679785546,-2.412159192228969,-6.328440958804091,-6.7440493392598295,4.6222506784,0.2119320247,1.7837706016000001,0.6666666667000001,0.33333333330000003,9.0833333333,-0.1083333333,2.0,0.0003333333,-4.0,9.4166666667,-0.035225648400000004,1.0,0.0006632632,-3.0677966102,-0.1406221541,0.0,0.3999233092,8.4,6.6,2.40077347,0.6326131533,2.1162336906,-1.2307384423,-4.185807373250428,0.0106962924,0.4166666667,2.7499539469,5.2793824507,0.0,5.3201349372,3.8681609346,0.0323544606,2.541291695326,-1.0170844173,0.1714285714,3.9312389163,241.0,-31.6061405541,0.3994728374,2.0,0.7948562622,0.0010895343,1.0,0.0020932632000000002,0.4166666667,0.5185185185,-0.4299887419,-138.96,0.0,2.0206583947,0.5450831756,2.7271488167999998,-577.0,0.0,-0.4094298954,245.6666666667,4.5449900397,0.3588563898,1.7096979592000001,17.0,30.0,14.239211782,0.6499068902,17.0,2.095463023,0.5397743957,1.5744787483,-0.9614186144,3.2882391954,0.4672306248,1.4501068368,28.0,0.10752688170000001,-1.7588153673,136.0,0.050431096,0.1684210526,0.0,102.0,146.0,23.0,2.9164540632,0.2761168651,1.0533102745,-0.7627382419000001,6.2,6.0,321.6666666667,4.4998707695,0.4894899117,0.3759639081855745,330.5833333333,0.4944444444,2.6366434862,0.3233468701,1.194020224,0.0030360775,0.07619047620000001,83.5,56.8776185824,0.0,2.9017442938,0.3663392031,2.0799356961,-0.8759153439,-0.5307251919,-0.5908917904000001,1.1679497429,0.3563028294,1.5840011706000001,-0.37581982010000003,-0.3144624207,2214.22,0.0,8.0,5250.1666666667,0.1691147262,0.1607028259
s196,0.28327805170000003,0.1081008323,2.3657637751,1.05,25.2173913043,0.2333333333,16.6666666667,0.30000000000000004,0.2193750511,-0.7680508552,2.9386855560000003,0.3824442644,1.9003297368,0.8311810919,0.1874606164,-2.979158059824444,-3.0776260073197856,-6.294723362894576,-4.73964363521354,2.2080908494,0.1686865713,2.1758360593,0.1666666667,0.33333333330000003,11.875,0.0958333333,0.0,-0.0018333333,-0.7916666667000001,1.0,-2.3852447790000003e-17,0.0,-1.9190378450000003e-17,1.3877787809999998e-16,0.1315284462,0.25,0.6754450710000001,6.1,4.8,1.138880805184999,0.41506028525399996,1.9404638329920008,-0.8563487267070004,-2.4770935981213764,-0.0224311316,0.0277777778,-4.6228186971,-5.3355645054,-1.157909896,1.3110153453,0.7985970426000001,0.1816990763,2.2568565899,-1.1195720593,0.22857142860000002,3.7262636324000002,114.0,46.0626954627,0.8291899447000001,10.0,0.8033453941,0.0013641418,0.7555055618000001,0.0016146833,0.47222222220000004,0.18518518520000002,-0.9336208749,-148.0,0.125,1.4554648295,0.42634110750000004,2.0218570348,-493.0,0.1764705882,-0.3154286953,341.8333333333,1.0023228475,0.32423834499900006,1.6832718229,7.5,-83.0,-0.25462298594200056,0.6142160526,2.0,1.1008736311,0.6352562919,1.9882734022,0.4275299127,2.0061252563,0.27690871100000003,2.5004510327,40.0,0.0935251799,-0.6669693759,29.0,0.0106432542,-0.0051599587,0.6931471805599453,92.0,122.0,21.0,2.5256056037,0.3495051498,2.1348863044,-0.14581531050000002,5.9,5.8,326.496666666664,2.244471421154999,0.33690981792499997,0.5888185501687607,239.6666666667,0.5611111111,1.9018984142000002,0.38364956980000003,1.8252492688,0.006687217400000001,0.1261904762,-63.6666666667,119.4703196347,2.0,2.5441648004,0.4133454864,1.7122775607,-0.6964886441,0.0592776328,-0.5558764271000001,0.6451231477,0.0664843868,2.024565408,-0.5115166989000001,0.0842000821,2003.5833333333,12.0,6.0,2764.4166666667,0.8524108546,0.3675555504
s197,1.3105871693,0.2756366564,1.5526614303000001,2.6,21.8260869565,0.2333333333,20.7391304348,0.2333333333,-0.7489505475,-0.5928639857,3.1523436589,0.33361751440000004,2.1591607673,-0.8418308144000001,0.8037517123,-0.6590485592970841,-3.142224002831667,-9.427408665099973,-8.013710964510594,2.7582014194,0.24277202960000002,2.5975839788,1.0,0.0,9.2916666667,0.0041666667,0.0,-0.0031666667,-0.9583333333,8.3333333333,0.1476224345,2.0,-0.011523674000000001,-0.8769559033000001,0.2601711531,0.2857142857,0.1459499203,9.5,6.0,1.4179808735,0.45136541300000005,1.8962153246,-0.08669777000000001,-6.4449637193013025,0.0015364201,0.8611111111,-0.020499111100000002,0.1172332641,-0.2618582637,2.8244152882,1.9819623198,0.17171607390000002,2.0805393798,-0.8005189753,0.22857142860000002,3.0881574643,163.0,1.2928725743,0.0438060331,4.0,0.9870849609000001,0.0013687879,0.9980468750000001,0.002025484,0.5833333333,0.6666666667000001,-1.2785413638,-138.5,0.1428571429,1.4668432266,0.5705541257,1.8967714198,-104.0,0.2380952381,-0.1397616204,364.018333333336,2.4356459611470016,0.320393660551,1.54913302395,23.265,65.4,1.114234330371,0.3387067707,10.0,1.3693093336,0.5595129965,1.7354394566,-0.47495223410000004,3.4854269904,0.47666146540000004,1.8221283628,22.0,0.1304347826,-0.5321168743,160.0,0.0584450537,-0.0175438596,0.0,98.0,171.0,22.0,1.3917691224,0.3115850116,1.5087549203,-0.3814019683,5.6,5.9,424.5,1.828555893,0.40245501110000004,0.5533769559179887,402.25,0.5111111111000001,1.5809658888,0.321868552984,2.4707823574,0.0044977291,0.1095238095,68.5,-56.3872408293,2.0,2.2021021972,0.4032623976,1.8701295449000002,-0.4728573688,-0.434132631207,-0.15583290241499997,1.3209151248630007,0.26406064029799997,1.8077435214890005,-0.33284664392199986,-0.3677085905629999,2147.8738095238,30.0,4.0,3588.9166666667,0.436194615,0.6181068190000001
s198,1.4909207443,0.1622944599,1.6199686649300005,2.8,22.0,0.1333333333,11.3461538462,0.1333333333,-0.0405236032,-0.0304572657,3.6855329875000002,0.37031602500000005,2.3996559571000002,-1.2969047589,0.1662962329,-2.5151046283031837,-2.567871431263864,-5.802346604819421,-3.6076865650757344,2.8405385611,0.2620351929,1.5909932046000002,0.1666666667,0.5,10.0,0.0083333333,2.0,-0.0086666667,-2.8333333333,11.2083333333,0.1046099291,2.0,-0.0077872340000000005,-2.5372340426,0.2809227098,0.10416666670000001,0.4264218481,7.5,7.5,1.8425320432,0.4568019759,1.828953635,-0.0637357564,-2.73210595657913,-0.023763930500000002,0.0833333333,-3.9686048438,-3.8878772195,-0.7858538927000001,2.9206872858,1.6244110432999999,0.0145850075,2.390858594,-0.7219629751000001,0.2857142857,2.5758235941,222.0,7.6113128603,0.3752535483,7.0,0.7973876953,0.0010951102000000001,0.9426940918000001,0.0013664415,0.5,0.2222222222,-1.2361144568,-55.5,0.2,1.7095962768000001,0.4634632057,2.0349252544,-178.0,0.1875,-0.1592902347,231.8333333333,2.2007385263,0.39270543210000003,1.6374136758,-10.0,43.5,-0.2173602091,0.5669396789,9.0,1.3220350805,0.5643706967000001,2.1980056803,-0.459636409,2.0432798115,0.46177234910000003,1.7266036732,-44.0,0.1046511628,-2.2131803228,223.0,0.1579487374,0.318627451,1.0986122886681098,72.0,160.0,18.0,2.4191691823,0.3381312172,1.3254201372,-0.9682368283,6.0,5.3,205.5,3.1376502524,0.2314939111,1.0269274536321051,213.3333333333,0.5222222222,4.5665135712,0.3277163494,2.4667861835,0.0186759214,0.0071428571,26.6666666667,-9.7876860241,1.0,2.5025480761,0.32395796790000003,1.8599099358000002,-0.7080186617,-0.660499008,-0.29868237000000003,1.6291182223,0.34132850740000004,2.0313155069,0.358111799,-0.2225498524,2745.25,-1.0,7.0,6340.0,0.1338460237,0.1661284167
s199,1.2262675064949997,0.11508768350000001,2.0032597955,2.8,43.2105263158,0.36666666670000003,25.125,0.4666666667,-0.2128234166,-0.5850567394,4.0264680321,0.3560965822,1.9611564129,-1.4570744782,0.0815582192,-2.411423873028197,-3.4598355362492166,-7.15272579791702,-4.708328201974918,6.5592301771,0.2466586502,1.7154477986,0.5,0.0,10.5416666667,0.10416666670000001,3.0,-0.0041666667,-1.2916666667,15.7916666667,-0.1421779141,0.0,-0.0016897458000000001,-1.2193251534,-0.2359092996,0.1836734694,0.8037547376,8.7,7.0,2.3861950941,0.4162993448,1.5943701480999999,-1.1859008357,-1.5394022879364222,-0.0078190735,0.0,-0.6719937345,1.3661748337000001,-0.7548590441,3.810416849,2.317872403,0.2116060523,1.6524858243,-0.9575666758,0.1428571429,4.0502743994,105.0,7.6113128603,0.3752535483,7.0,0.6727058411,0.0023119934,0.834375,0.0031148993,0.6111111111,0.0740740741,-1.5973262844,-175.0,0.0526315789,1.9595322195,0.41744134400000005,1.5707856481,-31.0,0.2105263158,-0.2528222496,221.6666666667,2.176897774,0.2773922473,1.2979755278,1.5,160.5,15.8803947755,0.22180668420000002,9.0,1.6468128145080008,0.46824505166100006,1.9151404612390008,-0.347687259797,2.4564390413,0.45037522690000004,1.2158152174,16.5,0.1,-2.8483114708,189.0,0.0783620334,0.2035087719,0.0,71.0,144.0,22.0,3.7740716148,0.34744280050000004,1.4386780455000001,-0.6538980673,6.5,6.1,202.0,3.969675799,0.2852636116,0.6700220128282914,184.0833333333,0.5388888889,1.9913158684,0.2744208058,1.5166673555,0.0028772548,0.0642857143,-33.5,44.80352441192999,0.0,3.063883031,0.3808666019,1.5322312957,-2.1547128406000002,-0.43661519800000004,-0.5217773223000001,1.4820837808,0.3876697799,1.4192580323000001,-0.5728177255,-0.7065996481,1542.8717460317,33.0,4.0,2343.75,0.2238803672,0.16454222000000002
s200,1.0910387017,0.0938862156,1.8861708231,2.2,50.0,0.4,22.7272727273,0.2666666667,-0.2600264752,-0.9499751981000001,2.9459744769,0.2951033017,2.3511391072,0.3410907647,0.2187517123,-3.1830939070229323,-2.6117287028528176,-7.001550267269113,-4.110703226532741,1.7040299295999999,0.25223521946300004,1.9901147025,1.0,0.0,6.4583333333,0.0958333333,2.0,-0.0218333333,-2.375,12.5833333333,-0.0017857143,1.0,-0.002777825288000004,-1.0238095238,-0.1406404743,0.1428571429,0.9764600777,6.9,6.7,1.2797921961,0.2859276719,1.9576575009,-0.8588617615,-2.3267743032126553,-0.020466471700000002,0.1388888889,-1.7219281398000001,-1.4376791147999999,-0.5952459227,2.4363432919,1.434704884,0.013287815500000001,2.1383933527,-0.9437793146000001,0.2,3.5708010963,145.0,25.7627506452,0.3968411315,9.0,0.7779387474,0.0012471691,0.8535766602,0.0015191271000000001,0.6111111111,0.48148148150000003,-1.1677432415,-281.0,0.1875,1.9791161958,0.3116728821,1.6184213364,167.5,0.0714285714,-0.0152955072,336.8883333333381,2.56870135995,0.30587869283700003,1.399578710944001,20.605,49.325,5.1919482058,0.7088896826000001,12.0,1.4080805517,0.3979530934,1.8176723736,-0.6516298486000001,2.2028139631,0.3965666725,1.5670040718,-9.5,0.1355311355,-0.5823107338,95.0,0.0290344167,0.07719298250000001,0.0,78.0,118.0,16.0,1.9916986195000002,0.2899628858,1.7290301338,-0.9688182537000001,5.7,5.4,320.3333333333,1.8531303502,0.2870527482,0.18628925489252013,292.7833333333391,0.5256666666669997,2.449064584933,0.3127732105290002,1.6424837665269998,0.008643453655999998,0.07595238094899999,31.869166666666004,23.275796331961,1.0,2.370806843,0.31795577280000004,1.9340043086,-1.6942534344,-0.2179640723,0.1482247817,1.4710811222,0.30361755630000004,1.6768425443,0.0125386093,-0.4005162384,2150.1240740741,14.0,5.0,2966.3333333333,0.792157081,0.16233006560000002
s201,0.9862819826,0.0101995071,2.0066063698,2.15,14.380952381,0.30000000000000004,13.36,0.1666666667,-0.0744480344,-0.94394809,2.8387336034,0.4094128851,1.7909687266,-0.2962083553,0.36510445210000003,-2.0120005587626086,-1.8236319045396774,-7.4074434879790765,-5.05241713975126,5.7461173952,0.2541395558,2.6009179165000003,0.5,0.1666666667,13.7083333333,-0.1625,2.0,-0.0038333333,-3.0416666667,12.0416666667,-0.1514705882,2.0,-0.0005,-2.1274509804,-0.0703001823,0.1632653061,0.7664979472819999,8.6,6.9,1.7989834836,0.4869868068,2.0845268152,-0.4575825647,-4.393401815423714,0.0081672867,0.5,-3.1596310582,-2.7952376129000003,-0.5836083582,3.3887599497,2.5785744612,0.2958653509,1.5065218503,-0.9536203075,0.3714285714,2.5633848301,205.0,25.7627506452,0.3968411315,9.0,0.6305249214,0.00046066060000000004,0.9364181519,0.0007165678,0.6111111111,0.5555555556,-0.7963805997000001,32.0,0.0526315789,1.7609147318,0.1522341324,2.3663459589,147.0,0.2,-0.1257734094,410.0,2.6964111341,0.33134943342600004,2.6017821284,25.0,127.0,-23.4727525348,0.38440106160000004,11.0,2.1784330299,0.6419689109000001,2.1478905417,-0.2927056088,3.0679176157,0.47936772400000005,1.6803231875,-13.0,0.0857142857,-1.9046925162,132.0,0.046211672200000005,-0.06315789470000001,0.0,79.0,155.0,25.0,4.3599469455,0.29071799130000003,1.664792494,-1.4590150539,6.2,5.7,350.6666666667,3.6640695567,0.3925652941,0.6885148038514202,332.4583333333,0.5166666667,3.9862513916,0.41038548420000004,1.396641102,0.0088658389,0.033333333300000004,11.4166666667,7.6113636364,1.0,2.5378691604,0.24308251390000002,2.5759469812,-0.7937028531,-0.3150475216,-0.3695289731,1.7065583339,0.35139097900000005,1.7805865082999999,-0.4287980773,-0.31778327240000004,2200.250952381,11.0,7.0,2626.0,0.8129595456,0.7035841413
s202,1.6621843506,0.3652655515,1.7110758371,3.95,46.0,0.33333333330000003,21.8421052632,0.36666666670000003,-0.9634671748,-0.8010005636,4.1705698583,0.2797198214,2.1208417345,-0.8873705201000001,0.8037517123,-0.21928755348866857,-1.1654822926407662,-9.555835189943258,-8.02845460021441,2.5072235543,0.19499363420000002,1.8377195014,1.0,0.0,11.2916666667,0.09858333333500001,3.0,-0.0085,-2.9583333333,15.2083333333,0.0131623213,2.0,-0.0127224558,-3.8452481077,0.10800828653099995,0.375,0.1722636697,8.6,7.795000000000001,1.4487337869,0.35113411720000004,2.4387128347,-0.5980130576,-5.384112121155206,-0.012006285600000001,0.9722222222,3.4866786227,4.8421709089,0.0,5.3201349372,3.5349188242,0.0325384474,2.5130822098980006,-0.9575666758,0.1428571429,4.0502743994,210.0,7.6113128603,0.3752535483,7.0,0.6747085452,0.0010939572,0.9350692749,0.0020052219,0.8888888889000001,0.7407407407000001,-0.5353792294,-120.55,0.0,1.5995451268,0.3762205467,2.2373135477,-192.5,0.058823529400000005,-0.2707900304,237.1666666667,3.2223662043,0.19604018080000002,2.2701091395,-7.5,182.5,-14.843013697,0.44256114160000004,14.0,1.645443769,0.44570662510000003,1.9855754615,-0.6846463803,2.2851079997,0.4145635077,2.0180654231,6.79,0.10035842290000001,-2.6055336914,188.0,0.1150925196,0.2228070175,0.0,90.0,180.0,20.0,2.765015063,0.2555808101,1.8133766667,0.0686425643,5.4,6.4,220.1666666667,4.65015794,0.23731367860000002,1.237702703532175,187.4166666667,0.5333333333,3.4066447571,0.2629532288,2.1675480213,0.0071709171,0.0166666667,7.1666666667,66.3763425393,0.0,3.1792726563,0.2933081641,2.1809357382,-1.045509669,0.09465359350000001,-0.2045626842,1.7912816359,0.2547331847,1.8427284591,-0.0852115011,-0.0624006702,1482.0462962963,11.0,8.0,2978.75,0.8717357902,0.5002437582
s203,0.9266213659089998,0.170532797725,1.5398353602709995,1.7254999999999998,15.0,0.1666666667,10.1851851852,0.1,-0.4563340758,-0.16865458690000001,3.7914885741,0.35767592330000003,2.4315946063,-1.9683055281000001,0.49125171230000003,-1.0095247293623346,-2.8408088974762435,-8.037093821097834,-7.2315454737279525,3.3119749838,0.3387987646,1.7629427275,0.6666666667000001,0.1666666667,11.375,0.0291666667,1.0,0.0021666667,-1.4583333333000001,9.3333333333,0.0330529857,0.0,0.0017123633,-0.5550883095,0.083888719,0.3469387755,0.5462855396,8.2,7.9,1.7738722061,0.6282178715,1.7276753792,-0.4778938414,-4.426210749792763,0.0050058281,0.5277777778,-2.060880699298999,-1.1216148097189997,-0.49024861978999984,3.081941380762001,2.050547538031,0.18374803812000004,1.8189958674290008,-0.6529863250000001,0.2,2.9892151171,108.0,2.3916188301,0.3492235958,5.0,0.7182440758,0.0008907595,0.6771244049,0.0011079621000000001,0.6111111111,0.6296296296,-1.0980789039,-83.0,0.5454545455,1.174852209,0.4812993226,1.7292111832,-81.0,0.25,-0.47146687060000003,407.5,2.4905552177,0.2606875544,1.6534491407,8.0,106.5,2.4982969308,0.6102971402,9.0,1.5722407367,0.6211396958000001,1.5938279042999999,-0.0873242627,2.6663903571,0.5048070557000001,1.5284368319000001,8.5,0.0935251799,-1.2462226387,90.0,0.0154882995,0.3455882353,1.0986122886681098,78.0,128.0,19.0,2.6155633349,0.2606125776,1.6393814391000001,-1.3680888519,3.7,5.1,335.1666666667,2.220500209,0.3790172673,0.5683423733160295,312.3333333333,0.5166666667,2.9996544636999998,0.36232340360000004,1.8214444396,0.0083288159,0.038095238100000005,47.6666666667,12.6857641921,1.0,2.3868419065,0.45537098200000004,1.6545564461,-1.291559225,-0.4144212313,-0.7684332789,1.1582688688,0.39942072700000003,1.4886027861,-0.5719700985,-0.0858596115,3450.3333333333,-2.0,2.0,4290.1818181818,0.0767382238,0.3482613713
s204,1.0276779613,0.0262813218,1.5990793792,1.7000000000000002,32.0952380952,0.30000000000000004,19.5,0.2666666667,-0.3210978286,-1.3310477192,3.8851133554,0.3818613576,1.893271783,-0.4859949163,0.0316215753,-3.087543444236748,-3.391874537736748,-7.056612997606091,-4.131036154858614,3.4137445395,0.2598165672,1.5484446736000002,0.5,0.33333333330000003,11.4583333333,0.10416666670000001,1.0,0.0058333333,-6.0416666667,6.2083333333,0.24512195120000002,3.0,-0.013199187000000001,-3.5487804878,0.12854623210000002,0.2244897959,1.0554398512,9.7,7.0,1.4925606812,0.4543499646,1.7503820953,-0.4885465767,-3.583644250707362,0.0193623163,0.30555555560000003,-1.2784369752,-0.6752854518,-0.5493119221,2.8729169622,2.0172599033,0.1736189672,1.5900664496,-1.070541321,0.2,3.8243251091,164.0,1.2928725743,0.0438060331,4.0,0.7050742388,0.0009235151,0.758763504,0.0013235623,0.30555555560000003,0.40740740740000003,-0.6980764627,130.0,0.0833333333,1.7408109026,0.4296344795,2.200595066,-142.0,0.125,-0.5375714961,417.8333333333,2.4315398551,0.3149600755,1.1976969929,71.0,141.5,2.8834997062000003,0.47587023710000004,5.0,1.0579172915,0.4859366329,1.9181794415,-0.7447077772,3.0993376442,0.4254480459,1.9266102542999999,83.0,0.0892857143,-1.7747538095,139.0,0.0489361608,0.0175438596,0.0,94.0,149.0,22.0,2.7524040431,0.24474857090000002,1.5850541145,-0.3831410743,6.6,7.7,309.906666666665,2.935947003724001,0.32973723321600007,0.5383868809653203,273.9583333333,0.5222222222,1.9515863053,0.3376143339,1.3847041477,-0.0002152862,0.11904761900000001,26.661666666663997,66.9289131921,1.0,2.0809948683,0.313977471,1.8258394500000001,-1.3674023032,-0.12792114740000002,-0.4829320778,0.9292516262,0.06775443710000001,2.0252587712,-0.7493196042,-0.1602788632,1971.5574074074,10.0,8.0,4520.5,0.7926635127,0.2537623755
s205,1.4003939852,0.2640713456,1.1349673478,2.05,24.68,0.1666666667,21.6,0.33333333330000003,-0.6204361558,-0.5825218093,3.0717516616,0.3153911368,1.5209426297,-1.4391751929,0.033744863,-3.197655656190087,-3.1250650572570735,-6.753384489529915,-3.5091165077738418,5.1728367738,0.2024192069,2.2091488822,0.1666666667,0.5,3.6666666667000003,0.075,3.0,-0.004,-1.3333333333000001,7.4166666667,0.3242857143,3.0,-0.0058857143,-2.3285714286,0.1675492693,0.1428571429,0.8690508111,7.3,6.8,1.2117940206,0.43917942,1.2819498867,-1.5268523402,-2.654354658000971,-0.023774117100000002,0.1111111111,-0.6614880145,-0.3259601747,-0.3884511935,3.7790742791,2.8153797210000002,0.2365580571,1.5882318068,-1.4734436219,0.4857142857,3.0185205071,194.0,59.8991114415,0.8568707964000001,6.0,0.6823934555000001,0.0012969871000000001,0.6636909485,0.0017264613,0.5277777778,0.18518518520000002,-1.8345803616,40.5,0.33333333330000003,1.6247839868,0.4302006755,1.4196304761,12.5,0.2222222222,0.0379632388,318.8333333333,2.9681699645,0.31109638700000003,1.04985251,32.0,17.0,-6.5524959081,0.35129156110000004,7.0,1.3153075758,0.5258168236,1.4706337176,-0.9357764068000001,2.4709021351000002,0.3980436846,1.2993453838,-17.5,0.1218637993,-1.9251880878,142.0,0.0465134945,-0.0773993808,0.6931471805599453,82.0,145.0,24.0,4.0032168835,0.25666778760000003,1.2497943204,-0.9411773990000001,6.6,5.4,263.6666666667,3.9958079589,0.3975629197,0.3324120043082124,293.9166666667,0.5166666667,3.4374525892,0.28425929040000003,1.452537357,0.0087886758,0.0476190476,62.1666666667,48.5274377805,0.0,2.4176252713,0.271010071,2.0262310029,-1.5207456835,-0.5770978612000001,0.0158737251,1.3679007884,0.3192355522,1.5829030394,-0.6395400353,-0.31499417080000003,1430.537037037,-8.0,9.0,3891.4190097402593,0.5879434263000001,0.1994950356
s206,1.6273839594,0.2521521865,1.1716912657,2.45,55.1176470588,0.4333333333,18.3333333333,0.30000000000000004,-0.5169298946,-1.0765258704,2.2705524634,0.2928686218,1.7285866214999999,-0.3868423526,0.459119863,-2.609026501319814,-3.1478502038172667,-9.143237952935635,-5.297204086474327,1.9175251602,0.18006405590000002,2.0196368526,0.33333333330000003,0.5,21.8333333333,0.0083333333,2.0,-0.0093333333,-4.25,14.0833333333,0.0492176387,1.0,0.0008307255,-3.6507823613,0.1784028427,0.2244897959,0.6349983168000001,7.8,7.2,2.8273418197,0.2984755863,1.9226434736,-0.0547880163,-4.072768978131311,0.0111452902,0.3888888889,-0.7777749683,-0.4009091417,-0.18638412140000002,2.594311476,2.0098076235,0.2058580412,1.6551455305,-0.6842764301,0.3428571429,2.1779086693,219.0,1.2928725743,0.0438060331,4.0,0.6650846243,0.0014623336000000001,0.7815998077,0.0021576264,0.75,0.4444444444,-1.8010753297000002,16.0,0.6111111111,0.9835930375,0.35873385010000003,1.6123531481,33.0,0.2727272727,-0.3584334028,350.565000000004,2.5473927422130016,0.301539793478,1.4878193204000005,17.34,67.42,1.3673075923050004,0.5975134884000001,15.0,1.5216084883,0.32317664620000003,2.1611883834,-0.2574832453,1.7491806722,0.38261890121600006,2.3659447464,-24.5,0.0869565217,-1.6646954348,66.0,0.0146197571,-0.0052631579,0.0,134.0,162.0,16.0,2.2895813942,0.2855207044,1.3631490240000002,-0.9955278058,6.5,6.5,339.8333333333,1.5307273989999999,0.31254157729300003,0.7301891879700237,294.1666666667,0.5388888889,2.197064767,0.2577254933,1.427918309,0.0090216614,0.1,11.0,60.1299293367,0.0,2.617742476,0.3025031214,1.5487471913,-1.2633191055,-0.1302608364,-0.3543411837,1.3275349459,0.20568761600000002,1.7837223113,-0.6651912117000001,-0.4787766604,2095.5916666667,16.0,7.0,1941.3333333333,0.8757042006,0.22924897330000002
s207,1.1342753283,0.0354182045,2.0345882076,2.3,36.6,0.1666666667,24.8181818182,0.2666666667,-0.1482546088,-1.8630107799000002,3.1282785053,0.38802384910000004,1.5310442097,-0.9793489104,0.5352671233,-2.2697068953665456,-1.8792441833149247,-8.311367939896858,-5.865415008883069,4.3810272046,0.2465955987,1.4858500364,0.33333333330000003,0.5,5.4166666667,0.05,2.0,-0.0093333333,-1.5833333333000001,10.5,0.0935579196,1.0,-0.0049078014,-2.8144208038,0.3623957303,0.25,0.6406616134,7.1,7.0,2.6862988066,0.4245843796,1.8270886518,-0.9599534602,-5.6791031402027645,0.0036757784000000003,0.7222222222,-1.5301937502,1.3306000282000001,0.1910395678,4.9380558016,2.3380579667,0.2570097554,1.6121046326,-0.7625664513,0.11428571430000001,3.9332268227,204.0,7.6113128603,0.3752535483,7.0,0.7067550659,0.0014992249,0.9782592773000001,0.0015825564,0.6388888889000001,0.6666666667000001,-1.2121510169,-608.0,0.3636363636,1.6325591881000001,0.3158493276,1.7884699777000002,-92.615,0.0,-0.1410645224,404.3333333333,3.0840667285,0.28222552360000003,1.6356539871,11.5,79.0,10.2598203042,0.5949084623,11.0,2.2099002155,0.42096371920000003,1.7544279816000001,-0.4839655579,3.2424108635,0.3930727902,1.444359883,35.0,0.09642857140000001,-1.7994409839,151.0,0.0960985655,-0.20526315790000002,0.0,82.0,153.0,23.0,3.3932745478,0.2659284025,1.1326745871,-1.5034588722,5.9,5.4,276.6666666667,3.4494074732,0.37856647790000003,0.5038095020255873,240.4166666667,0.5333333333,3.4250932492,0.314901036,1.7552066387,0.0038403523,0.0476190476,61.5,55.7038112616,0.0,3.2694897037,0.3275203326,1.8430113761,-1.1297254713,-0.6293765427,0.24271366390000002,2.163098444,0.3364654365,1.649261842,-0.1613003787,-0.5094580448,2268.5104166667,7.0,7.0,3098.0,0.7773894067,0.42209259190000004
s208,0.7674825793000001,0.0150265628,1.6612642537,1.6,5.3333333333,0.1,2.0344827586,0.033333333300000004,-0.5001881112000001,-1.4019288908,3.7990808649,0.3257423641,2.2318648379,-1.0759105728,0.3794691781,-1.9900016090202002,-3.2474259331625794,-6.267849077791003,-4.148345056718657,4.4692564451,0.24816157390000002,1.4011023586,0.8333333333,0.1666666667,14.8333333333,0.125,2.0,-0.0123333333,-3.4166666667,16.5416666667,0.1953255426,3.0,-0.007742070100000001,-7.1099749583,0.0522569784,0.1836734694,0.9756264374,8.4,6.0,2.2312634454999998,0.3975860905,1.8867615729,-1.2779881336,-1.0511387608840834,-0.0235519013,0.0277777778,-3.372651428,-2.6845301055,-0.41771051140000004,3.1361197836,1.9997737766,0.0649224347,2.1912553159,-1.327315884,0.3714285714,3.310775983,229.0,25.7627506452,0.3968411315,9.0,0.8221405029000001,0.0017463672,0.8984375,0.0018388266,0.5833333333,0.18518518520000002,-1.2980885018000001,14.0,0.125,1.8282913778,0.33617577060000003,1.8621449646000001,-148.0,0.1428571429,0.0069986312,237.3333333333,2.6081991758000003,0.2974449847,1.6547578258,23.0,26.5,-4.1030802594,0.3409272547,9.0,1.9743863314,0.48850943010000003,1.6897712486,-0.7797460458000001,2.5859698964,0.4078898271,2.1914967483,7.44,0.08214285710000001,-1.7142933302999999,149.0,0.0396052558,0.0719298246,0.0,94.0,142.0,19.0,3.3109098227000002,0.2511939479,1.3189204089,-0.7407197520000001,5.8,5.8,196.8333333333,3.0236967122,0.3724014009,0.6607381615203227,249.25,0.5166666667,3.1527907596,0.3171767589,1.3417980761,0.0100865195,0.054761904800000004,64.1666666667,28.7235142119,0.0,3.1396814217,0.33775822040000003,2.5003952308,-1.7358101278,-0.10386626530000001,-0.5433805536,1.670218722,0.3321888429,1.6474818941,-0.8257565935000001,0.4624735984,1829.2851851852,17.0,6.0,3088.6666666667,0.8416297162,0.2722473214
s209,1.0092024214,0.38409021520000003,1.7470334414000002,2.15,24.1071428571,0.0666666667,26.1904761905,0.30000000000000004,-0.5951539904,-1.3384333435,3.1899570322,0.4331687862,1.6794576087,-0.831698106,0.0329041096,-3.4630545695887043,-3.170065275192269,-6.717173635914972,-5.076306758528278,2.9028170071,0.2958611577,1.3302349473000001,0.6666666667000001,0.1666666667,9.375,-0.054166666700000005,0.0,-0.010833333300000001,0.875,18.5416666667,0.1862660944,1.0,0.0010257511000000001,-1.2886266094,0.26191002680000003,0.306122449,0.7729662662,8.5,6.9,2.1006241577,0.514030556,2.0522606841,-0.27548537,-1.5404450408804822,-0.013621804500000001,0.0,-0.0457981386,1.0223941632,0.0,5.3201349372,3.966573992,0.13078764040000002,3.4981298472,-1.6180254893,0.6000000000000001,2.7293567724,180.0,46.0626954627,0.8291899447000001,10.0,0.6625818253,0.0010240845000000001,0.6372271538000001,0.0011930527,0.5833333333,0.0,-0.772410318,-31.0,0.5833333333,1.0163576603,0.2922582549,2.104941992,-131.0,0.11764705880000001,-0.6800498102,349.26666666666597,2.809460707121001,0.3305561522440001,1.5612662906649992,21.29,63.045,-7.1750043132,0.5565548358,9.0,1.654040731,0.5126764397,2.2273973803000002,-0.0485755929,2.5214560476,0.42844858750000003,1.9506886454,-11.0,0.1214285714,-0.4957134583,140.0,0.0771767752,-0.0719298246,0.0,85.0,152.0,24.0,2.3873344908,0.3480238607,1.6735241618,-0.263807754,6.1,5.7,253.8333333333,3.009726854,0.4433101846,0.6426336980400702,319.0,0.5166666667,2.5330784971,0.3639650524,1.1805124081,0.008990128600000001,0.0952380952,24.3333333333,30.8124306326,1.0,2.1807825987,0.3426909962,1.738255762,-1.6289776521000001,-0.3658218896,-0.1118562823,1.6319220559,0.3714960465,1.3574167924,-1.0844995299,0.07606408320000001,1866.2454545455,9.0,9.0,3957.9166666667,0.27837645180000004,0.2163295319
s210,1.4609237789,0.049415882300000005,1.628248179,3.0,15.0,0.0666666667,10.6923076923,0.1333333333,-0.4631676052,-0.655285694,2.9481099616,0.345847075,1.6941577552,-0.7644949055,0.1865410959,-2.9468442665522776,-3.3079129122243582,-6.298309269285281,-4.287649064159896,3.2485938713999998,0.2573993879,1.8935297914,0.5,0.1666666667,15.5833333333,-0.058333333300000005,1.0,-0.004,-1.8333333333000001,13.875,-0.1081092012,1.0,-0.006075632,-4.1612740142,0.031231926000000004,0.306122449,0.0827806013,7.4,6.2,1.7001419156000002,0.40729310430000004,1.8354760780000001,-0.961915446,-2.639884429367976,-0.0237160285,0.0555555556,-2.5348365923,-0.49671246500000005,0.1932209246,4.933693088,2.763898128,0.21473488710000002,1.625975182,-0.8893284577,0.11428571430000001,4.1867508355,136.0,25.7627506452,0.3968411315,9.0,0.6978212357,0.001295878,0.9964843750000001,0.0013183793,0.6388888889000001,0.037037037,-1.2327119333,292.0,0.2941176471,1.5288069771,0.4527355517,1.6942750334999999,133.5,0.05,-0.0802816216,252.1666666667,2.8271889731,0.3049178709,1.4075523505,34.0,34.0,11.2488101905,0.6003165960000001,9.0,1.9028987129,0.4419409038,2.0260999298,-0.4173200373,3.6175577434,0.4695058928,2.036325515,57.0,0.1178571429,-1.1119107299,165.0,0.0730221497,-0.036842105300000004,0.0,86.0,137.0,17.0,3.2886794305000002,0.2074062358,1.6782760492,0.1091641069,6.8,4.4,246.8333333333,4.425430805,0.2903875638,0.6908074502244216,268.8333333333,0.55,2.4027685483,0.2350701685,1.7606558117,0.013342981700000001,0.0666666667,12.6666666667,8.391164338,0.0,2.754521136,0.35935500800000003,1.9732640604,-0.9780164982,-0.3967871605,-0.024004713,1.3396851478,0.3559110737,1.3880226463,-0.7328546424,-1.0015351885,2599.630952381,6.0,5.0,3176.0833333333,0.2001532982,0.6726721022000001
s211,0.9837299964,0.085913395,2.4636767182,2.5,35.9523809524,0.30000000000000004,20.2380952381,0.30000000000000004,-0.6260186065000001,-1.1957270901000001,3.5500748883,0.4424894003,2.0533299225,-0.4984032835,0.6562517123,-0.8116607912713066,-1.8792441833149247,-8.495464479036935,-7.664855125659558,3.5893002176,0.323281994,1.3995276251,0.5,0.33333333330000003,1.875,0.0208333333,2.0,-0.0035,-1.125,4.5833333333,-0.06346279020000001,2.0,-0.0132115426,-1.2755478412,0.3527696793,0.1875,0.6397594752,6.9,6.6,1.8435794369,0.6263468138,2.1638554574,-0.5691433794,-5.0577420589776825,0.0057646516,0.6666666667000001,0.0177395732,1.9933709559000001,0.1932209246,4.933693088,2.6889726721000002,0.0364392203,3.7499839965,-0.8075379761,0.0857142857,4.3503317988,182.0,7.6113128603,0.3752535483,7.0,0.8814544678,0.0008193759,1.0,0.0010988563,0.47222222220000004,0.40740740740000003,-0.9948496774000001,-435.0,0.33333333330000003,1.0791226799,0.6660383875,1.9199022761000002,-33.5,0.1875,-0.6965179848,356.988333333332,2.9334906541250003,0.3310889580249998,1.5872461399220008,28.645,81.34,-8.3584808501,0.7945396831,15.0,1.5345145666,0.7128028818000001,2.0748661019,-0.6690537427000001,2.8277755475,0.45170136050000004,1.623046032,-6.5,0.1285714286,-1.3248147263,134.0,0.0472764045,-0.2596491228,0.0,80.0,146.0,23.0,2.69312919,0.27719174490000004,2.1428966889,-0.27709390770000003,6.2,5.5,479.0,3.3411608851,0.40094501320000003,0.2795571496790752,309.14958333333,0.5207222222219997,3.2531672213319998,0.350891965806,1.7143540102569998,0.010318354998999999,0.04821428571400003,21.166666666663996,19.724971640288,1.0,1.639538688,0.3081219342,1.9298093820000002,-0.7327290972,-0.9874365060000001,-0.28173083990000003,1.4360314931,0.41369885160000003,2.0184554317,0.0882256661,-0.2663832223,3361.119047619,0.0,7.0,4993.5,0.5646028482000001,0.175073737
s212,1.1149086873929996,0.1792645506959999,1.565913625496,1.9620000000000002,36.7222222222,0.4,38.75,0.4666666667,0.2672766762,-0.879762742,2.9093690653,0.4102199314,1.7731393127000001,-0.3776867719,0.5686035959,-2.4190419537841787,-3.073971529258407,-8.23820404318479,-6.059407298735276,3.1268864241,0.29616596440000004,1.6604001525,0.6666666667000001,0.0,22.2916666667,-0.1458333333,2.0,0.0025,-1.0416666667,23.6666666667,-0.0400823759,1.0,0.0004430956,-1.3452200303000001,0.40046897540000004,0.061224489800000004,0.1471178039,8.4,5.0,1.2703768163,0.3709456926,1.9458517348000002,-0.7311313473000001,-1.0518314675913674,-0.0236844817,0.0277777778,-5.6350084193,-3.2380636232,-0.0755292756,3.2192996399,1.6017193466,0.0389404235,1.9516185952,-0.8893244428,0.2857142857,2.9105465294,216.0,-31.6061405541,0.3994728374,2.0,0.6271502495,0.0014620693,0.7122373581,0.0016188009,0.6111111111,0.37037037040000004,-1.167430904,90.5,0.7333333333000001,1.4583749030000002,0.36218650280000003,1.4993201731,74.0,0.0434782609,-0.2139033266,315.0,3.1359802913,0.2758163726,2.2735507631,8.0,167.0,8.3603249057,0.28511673200000004,13.0,1.3282799774,0.5632204682,1.9757985853000002,-0.5281822209,2.1907265016,0.22791429270000002,2.08384593814,38.0,0.0714285714,-0.14882161,188.0,0.0645004004,-0.0403508772,0.0,76.0,147.0,22.0,2.658152715,0.2946953653,2.0424398875,0.0061291288000000005,6.9,6.6,246.5,3.9210922825,0.1849273209,0.706499379335597,329.5833333333,0.5166666667,2.5461607073,0.23910356160000001,2.8208227237,-0.0006876152,0.0119047619,-41.1666666667,106.4671454985,0.0,2.6926478038,0.378332033,2.1498050506,-0.7331819323000001,0.5696992948,0.0314637113,1.770111674,0.3617535182,1.9382839827,-0.6673996107,-0.5910270283,1738.7727272727,4.0,10.0,4222.4166666667,0.8357688665,0.14707988360000002
s213,1.5397340099,0.2651573605,1.2740381615,2.25,16.2,0.1666666667,19.5789473684,0.36666666670000003,-0.38817991230000004,-1.8811209842,5.0432973074,0.28692287250000004,3.1215331823,-0.4818275267,0.2174863014,-3.337547525895714,-3.2489026310064864,-5.173521290955012,-5.124153160014349,5.1494816947,0.27536267200000003,1.7603954549,0.1666666667,0.6666666667000001,11.2083333333,-0.0625,1.0,0.0035,-2.625,10.125,-0.013015647200000001,1.0,-0.0005433855,-2.6058727901000003,0.0523529498,0.1836734694,0.8530094654,6.8,7.2,2.1653480932,0.3484507832,1.6810975109,-0.26076409710000004,-1.5394848873088824,-0.0122943676,0.0,-0.0610303481,2.0533350429,0.0,5.3201349372,3.393230078,0.210309867,2.2282094404,-0.8893284577,0.11428571430000001,4.1867508355,227.0,2.3916188301,0.3492235958,5.0,0.6219864249,0.0013124226000000001,0.7419027805,0.0018720082000000002,0.47222222220000004,0.0,-1.1571392607,-56.0,0.0769230769,1.659749442,0.4410605006,1.7046500954,-21.0,0.2307692308,-0.0421850212,340.626666666662,2.952593888857,0.3166986574100001,1.487839748233,16.77,67.235,-22.0616014476,0.6035398926000001,6.0,1.4158439598,0.49448355110000003,1.5970503966,-0.9933613463000001,3.0094814639,0.38854315780000004,1.5295258562,-7.0,0.11428571430000001,-0.5848818655,154.0,0.0241109085,0.4138286894,0.6931471805599453,107.0,155.0,18.0,4.8569887407,0.2858413365,2.0554623676,-0.7766728726000001,6.5,5.9,327.0,3.6291186315,0.3129097564,0.33140483492964873,322.4166666667,0.5111111111000001,3.6143974411,0.3391048685,1.1609684713,0.019359758300000002,0.0476190476,28.8333333333,-3.736453202,1.0,1.8556166968,0.3708916343,1.5572424558,-1.6346316465,-0.8505234444,0.0687880454,0.8415210067000001,0.08695818570000001,1.8611981966000002,0.076791909,0.033283488800000004,1792.4818181818,8.0,8.0,2764.8333333333,0.5660925674,0.1800726208
s214,1.712797772,0.3061263824,1.2291466296,2.4,45.0588235294,0.4333333333,21.3333333333,0.5,-0.6859929363,-1.2767105278,4.1212670576,0.3531435136,2.0463255373,-0.706905136,0.1342482877,-1.8393358156124489,-3.249564545802508,-6.342693547155416,-5.91790692065239,4.2561863296,0.2831214899,1.1309402762,0.6666666667000001,0.33333333330000003,6.2916666667,-0.0041666667,2.0,-0.0051666667,-1.7916666667,16.0416666667,0.0761178862,1.0,0.0012886179,-4.1329268293,-0.1973253275,0.0,0.6182678311,8.4,4.6,2.272372415,0.43439162530000003,1.4967713244,-0.5443822705,-3.2935195601327347,-0.015024326400000001,0.1944444444,-1.9826411173,-1.4144207625,-0.3719338943,3.8121088774,2.9280716281,0.25026532630000003,2.4627090541,-0.7717910818,0.1714285714,3.4406522452,111.0,59.8991114415,0.8568707964000001,6.0,0.8114501953000001,0.001670653,0.9273849487,0.0016361003,0.5277777778,0.48148148150000003,-1.8158913506,-22.0,0.25,1.799029242,0.4198320144,1.7361779472,-375.0,0.04,-0.3151947599,292.3333333333,4.0403760681,0.3802822024,1.5950813741,29.0,61.0,1.7280447974,0.6956120869,14.0,1.9604563041,0.4698126701,1.8488888446,-0.0127865423,2.7824458879,0.4272979753,1.5384057848000001,-41.5,0.09285714290000001,-1.8052264991,135.0,0.0202718866,0.07719298250000001,0.0,68.0,137.0,24.0,4.0883677636,0.2923783774,1.6321429193,-0.9003850787000001,6.5,6.0,301.0,3.860559592,0.30731066490000003,0.4586200076131528,251.5833333333,0.5277777778,2.867649093,0.3238178094,1.667643449,0.0113389226,0.038095238100000005,11.8333333333,30.3575795384,0.0,2.3245761493,0.33382377760000004,2.269817488,-2.1081449132,-0.12463073670000001,0.6777807517000001,1.0965889121,0.0846688209,2.3270093652,-0.7430400667,-1.3453996670000001,1963.3636363636,2.0,9.0,4185.4166666667,0.754242374,0.2096184921
s215,0.4722369004,0.02634667,1.4659262841,1.2,32.2727272727,0.2666666667,36.3888888889,0.4,-0.4677325993,-0.8988847293000001,2.906582372,0.42447214980000003,1.5036794656999999,0.0883948051,0.0326061644,-2.536272044880007,-3.281589526668472,-6.905581087876189,-4.884629321359077,3.7825122288,0.25289877040000003,1.7045293990000001,0.1666666667,0.6666666667000001,8.3333333333,0.05,1.0,-0.0016666667,-2.5833333333,9.6666666667,0.06,1.0,-0.004,-3.4,-0.4467059211,0.0204081633,-0.0864844627,6.2,5.0,1.8124123511999999,0.4180947262,1.2577839161,-1.3320156843,-1.5404450408804822,-0.0101514546,0.0,-1.4696478263000001,0.5138624434,-0.5502881581,3.4012750769,2.593144816,0.2935487433,1.4008888674,-1.327315884,0.3714285714,3.310775983,118.0,46.0626954627,0.8291899447000001,10.0,0.6868027210000001,0.0008127233,0.7543029785,0.0011259012,0.25,0.037037037,-1.7530140699,-273.5,0.7272727273,1.541643072,0.4751466241,1.3875454207,-67.0,0.1904761905,-0.631639048,386.0,2.9821704288,0.3532603918,1.5431318026,19.5,153.5,4.5303922036,0.4270450939,9.0,1.1875215168,0.38066883,1.4782573947,-0.4799824948,2.834050423,0.4336142163,1.3848091068000001,-10.5,0.10752688170000001,-1.9331354351,67.0,0.0404311141,0.21362229100000002,0.6931471805599453,91.0,145.0,21.0,2.976494495,0.3351202864,1.3236024033,-1.2883618227,6.1,4.8,294.5,3.3999222162000002,0.30599783610000003,0.5842773078612377,325.4166666667,0.5166666667,3.1251441063,0.31879255230000003,1.8917333133,0.0065975463,0.0285714286,74.8333333333,36.2039493074,0.0,2.8153631686000002,0.46369940190000003,2.2869527305,-1.577134387,-0.8987977421000001,-0.8647622183,1.0226624624,0.20337797640000002,1.787371505,-0.7285223939000001,-0.2729129018,2248.395,7.0,6.0,4153.0,0.7032419595,0.1579536959
s216,0.838593514,0.328498805,1.8301350356000001,1.9,26.75,0.33333333330000003,21.0,0.2666666667,-0.10995716700000001,-0.5195791129,3.1415595908,0.33389297160000003,2.7330217401,-0.0557074228,0.0382260274,-3.4543489267918175,-3.430924264578465,-7.065548758920974,-4.596546978101216,3.7915795943,0.2718709206,2.3698931878,0.1666666667,0.5,11.0833333333,-0.058333333300000005,2.0,-0.0206666667,-4.3333333333,15.625,-0.0327042629,2.0,-0.0076589698,-2.8128330373,-0.20855150690000002,0.1458333333,0.6439070682,9.2,6.4,2.1041317679000002,0.48434768440000003,2.3124154968,-0.8725102105,-1.5397508375620867,-0.0103038832,0.0,-4.2267432086,-1.8287825889,-0.1448413667,3.3579238221,1.6633533592,0.27385069,1.5882892915,-0.4564488425,0.0571428571,4.0713367236,123.0,25.7627506452,0.3968411315,9.0,0.6128288269000001,0.0010091155,0.9802734375000001,0.0013951362,0.6666666667000001,0.037037037,-0.6899494734,321.0,0.4705882353,0.6565424491,0.4927828812,2.0279758728,93.0,0.23529411760000002,-0.4380715925,398.5,2.6673123647,0.3545561461,1.4277642999,8.5,46.5,-14.7074204514,0.7850874534000001,10.0,1.6913883966,0.5961604176,1.7475181188,-0.464653945,2.6313159718,0.4541435996,1.964643268,-8.5,0.0857142857,-1.5002879506,44.0,0.009538601,-0.4607843137,1.0986122886681098,111.0,139.0,25.0,2.246169876,0.3344090623,1.2814814658,-1.3422757716,6.1,4.8,457.3333333333,2.5965915575,0.3173018373,0.5618747923482615,384.2083333333,0.5055555556,3.159184915,0.35106521100000004,1.5652778403,0.0089428718,0.0452380952,-35.0833333333,16.9683738013,2.0,2.0053492708,0.3504764433,1.8997254011,-1.1155241941,-0.0108686789,-0.27454394460000003,0.2976476567,0.0216860648,1.8365903559,-0.2784545903,-0.5131890171,2933.8296296296,5.0,7.0,4667.0,0.8423075923000001,0.16638733790000002
s217,0.8238323922,0.2095935689,1.0789021073,1.55,6.7142857143,0.0666666667,4.1428571429,0.0666666667,-0.7386340760000001,-0.8504513294,3.453635674,0.3571374215,1.7085302649,-1.0796314013,0.09335102740000001,-2.357381271111039,-3.2489026310064864,-5.19729343228177,-5.154175811302264,2.5906772975,0.24487667810000002,1.8361595571,0.1666666667,0.1666666667,14.6666666667,-0.15,0.0,-0.0023333333,-1.4166666667,6.8333333333,-0.11016949150000001,0.0,-0.0009707984000000001,0.1445783133,-0.1398811668,0.1836734694,0.1618530966,6.8,5.1,1.8422658328,0.47865284020000004,1.4052112836,-0.9704275203,-0.6561395986143616,-0.0094092762,0.1944444444,0.613827306,3.802738105,-0.36975253750000003,3.8077461637,2.2486819811,0.037521520600000004,1.9449725452000002,-0.8893284577,0.11428571430000001,4.1867508355,133.0,5.0293911755,0.13082301370000002,5.0,0.74608078,0.0021026352,0.8316768646,0.0022646216000000003,0.558611111112,0.2962962963,-2.3046423402,17.0,0.1764705882,1.6724734619000001,0.3569348704,0.7170630787000001,-74.0,0.154076991155,-0.8560210772,250.8333333333,4.5955310827,0.3564844699,1.3788639638,-9.0,23.0,4.342915176739,0.32328562380000003,2.0,1.9196986662,0.4789788226,1.7142719720000001,-0.6330137271,2.6169096461,0.3580052188,1.6889846913,87.0,0.1115241636,-0.5882478192,123.53,0.05138742976199997,0.013791021678999997,0.3079970905046771,95.27,144.73,19.77,4.1291191816,0.31139355350000003,1.5736584578000001,-1.0158715485,5.2,6.0,268.8333333333,3.655387114,0.35525984450000003,0.851475314420337,295.5833333333,0.4944444444,3.3028568217,0.3091115059060002,3.2646516915,0.0039425530000000006,0.0285714286,98.5,6.5556836297,0.0,3.0400166316,0.4059689562,2.3973324437,-1.1172606645,-0.3124921489,0.21070989340000001,1.6132793305000002,0.3450328717,1.1500225955,-0.3211847163,-0.5388884225,1954.2314814815,16.0,5.0,3930.6666666667,0.2798973581,0.3964931379
s218,0.9160607288950005,0.18484474432899997,1.6461523028469998,1.7910000000000001,61.0,0.29966666666999997,30.3571428571,0.5333333333,-0.4741551386,-0.8413988977,3.7149228596,0.4574461651,2.3521105925,0.010494479400000001,0.2659520548,-1.9888560796150163,-3.2837797087426086,-7.332926126080305,-4.428356938781334,4.60486487,0.1843537837,2.3625108455,0.1666666667,0.5,9.9583333333,0.0291666667,2.0,-0.013166666700000001,-2.0416666667,13.125,0.0525423729,2.0,-0.0033175414,-1.7530120482,0.1546970836,0.3260869565,0.9238391407000001,7.4,5.8,0.7125058283,0.2139241598,2.0945334135,-0.2652743926,-2.984268217673724,-0.0166777712,0.1111111111,-2.1052651847279997,-0.8409532603809997,-0.21270509433599993,3.5158219084249986,2.165565904767001,0.19070824753199997,2.0456030303780004,-0.9575666758,0.1428571429,4.0502743994,187.0,0.1021260399,0.0561696729,4.0,0.7965556145,0.0008272122,0.7000974655000001,0.0007464227000000001,0.4444444444,0.2222222222,-0.8093675162,-81.0,0.2666666667,1.2406555769,0.3851751252,2.0712101297,91.0,0.125,-0.0600578296,337.5799999999999,3.015431536414999,0.32197662123500004,1.7625293858189994,21.82,76.22,-1.1681598764749999,0.7491619978,9.0,1.1325708698,0.8156288195,1.9073647034,-0.6405579829,3.0589510984,0.34464665720000004,3.0454565979,19.5,0.1,-0.9025683343,112.0,0.0495215514,-0.007223942200000001,0.6931471805599453,90.0,147.0,18.0,3.2637496770040015,0.29358904649399997,1.7790464756140008,-0.8237142118830002,4.8,4.7,279.8333333333,4.8394311725,0.2694734802,1.3453535828524172,277.1666666667,0.5111111111000001,3.0567071522,0.3519861986,1.7867354431,0.007596566000000001,0.0523809524,20.3333333333,17.1708359391,0.0,1.9046024664,0.333959037,1.8966036741,-0.8802317814,-1.2686100891,-0.1771219467,1.1173506752,0.1792099922,2.1688756451,0.2816892132,-0.0208304767,2186.8125,23.0,6.0,2995.8333333333,0.8508906282,0.3931058543
s219,1.6567479287,0.2594570288,1.4023308094,2.4,20.192307692299998,0.1333333333,27.5,0.33333333330000003,0.1519705351,-0.5387645319000001,3.1305473066,0.3273197464,1.7629993197,-1.5607662038,0.1374520548,-1.9913303133484974,-2.9990769025951067,-5.938116784586095,-3.777491898309724,3.2208718109,0.2602597589,1.5345684265,1.0,0.0,5.8333333333,0.2916666667,3.0,-0.0083333333,-0.8333333333,8.2083333333,0.3274193548,2.0,-0.0106728111,-1.3824884793,-0.17252995940000002,0.0,0.8897546675,8.7,7.7,2.1479901817,0.37074617260000003,2.1133766696,-0.06845716560000001,-3.39557843654326,-0.018310649300000002,0.1944444444,-1.7564354491,-0.6809411154,0.0,5.3201349372,2.9601499538000002,0.13151734510000002,2.268298265,-1.070541321,0.2,3.8243251091,118.0,2.3916188301,0.3492235958,5.0,0.5717409134,0.0015325678000000001,0.9128585815,0.0016438829,0.6944444444,0.18518518520000002,-0.8977274986,-231.0,0.2142857143,1.808779909,0.4123638705,1.9970840876,-439.5,0.0,-0.4741816795,353.5,2.3732219973,0.30274978750000003,1.2823259731,-4.5,12.5,-2.3446441868,0.5168936179,17.0,1.875436703,0.3834134564,2.3750682928,-0.0183618012,2.3038956972999998,0.424140793,2.0069077318,35.0,0.0794223827,-1.3093328192,143.0,0.07186329670000001,-0.0908152735,0.6931471805599453,83.0,145.0,17.0,3.2705587631,0.2743483967,1.0186518456,-0.15158646920000002,6.3,6.1,415.6666666667,2.179033408,0.3331708887,0.08667636436249901,271.3333333333,0.5276111111169997,1.5326088924999999,0.3409477335,1.098369955,0.0095106236,0.08864285713499997,36.3333333333,1.2205666471,1.0,2.5481241546,0.3241318855,2.0790686036,-0.3097982885,0.1666830077,-0.1005403234,1.2860379414,0.32591198600000004,1.3777333041,-0.5341664847,-0.6824083452,1972.2407407407,-3.0,9.0,5371.3333333333,0.1401869658,0.3605328075
s220,0.7205417772,0.1151706644,1.3845509863,1.35,24.0,0.30000000000000004,14.5652173913,0.2333333333,-0.08648687050000001,-1.4922112948000001,3.3729619018,0.4477050108,1.9116686512,0.0012152706,0.6956181507,-2.135939416641278,-3.3549299655187372,-9.1502853241009,-4.267660887301683,3.2975755771,0.3308313633,1.6086885551,0.0,0.3550000000010002,9.5416666667,0.0291666667,1.0,-0.0015,-2.875,15.0416666667,0.0735714286,2.0,0.0054571429,-4.5642857143,-0.0199143212,0.08163265310000001,0.5108072078,8.8,9.2,1.8475622538,0.45287564420000004,1.4786321759,-1.000706177,-1.5404450408804822,-0.0099438646,0.0,-4.5005576134,-4.9731150192,-0.9927888592,3.3345572188,2.7740749957,0.2826517107,1.4564121970000001,-0.8075379761,0.0857142857,4.3503317988,162.0,10.925098711,0.2565783653,8.0,0.8747362137,0.0012866050000000001,0.9548828125000001,0.0012882146,0.47222222220000004,0.18518518520000002,-0.74850601,-299.0,0.2,1.2177735851,0.18098753820000002,2.6560068616,102.0,0.15,-0.1718492227,544.0,3.0006926429,0.3560653342,1.5103533694,32.0,40.0,8.414303298,0.5216269094,7.0,1.5161461163999999,0.5206689301,1.9072504879,-0.6732590439,3.5416955942,0.38264954090000003,2.1358053221,-8.0,0.09642857140000001,-1.1224190489,70.0,0.045934112400000005,-0.1456140351,0.0,88.0,122.0,21.0,4.1599386912,0.2889529823,1.6211220015999999,-1.5004077528000002,4.5,4.4,247.0,4.7305397188,0.2789909051,1.1304833713850801,299.375,0.5222222222,3.0517267539,0.3478965604,1.8214357867,0.0039970222,0.0261904762,-4.0833333333,1.4832234432,0.0,2.2393686861,0.4158048183,1.6993165323000001,-1.7995347161000002,-0.6665345565,-1.4250622082,2.05756435,0.368833723,1.653922873,-0.1226731991,0.3340063182,2672.1574074074,4.0,8.0,4383.9166666667,0.8108728075,0.4894019794
s221,1.094556632,0.1783658952,1.4334174912,1.9500000000000002,35.5555555556,0.4,31.1111111111,0.4,-0.1513306423,-0.8747661618,3.4766137177,0.29516660510000003,2.1161803218,-1.8269193565,0.2358321918,-1.9396676877234464,-3.1253184257413724,-6.763503691035071,-6.806289176717652,5.0095762944,0.3289335807,2.0277370178,0.8333333333,0.1666666667,15.1666666667,0.0666666667,2.0,-0.01,-3.75,16.3333333333,0.1718309859,2.0,-0.0024788732,-2.2816901408,0.1861637642,0.3265306122,0.8253100120000001,9.6,9.5,3.1785151591,0.47653694160000004,2.3265476983,-0.4640657892,-5.451284437117174,0.0036482858,0.75,-4.0954529068,-1.2581353572,0.0,5.3201349372,4.9476392739,0.1313076352,3.2110218857,-1.070541321,0.2,3.8243251091,151.0,59.8991114415,0.8568707964000001,6.0,0.7308265686000001,0.0015809202,0.9,0.0019542754000000002,0.75,0.6296296296,-0.6780682887,60.0,0.05,2.3802638402,0.446491566,1.9247087026,-149.28,0.0,-0.0882444908,266.1666666667,3.6286514393,0.2537271185,2.3540669492,-17.5,105.5,-4.0948712539,0.4559782384,15.0,1.8954612358,0.5050771860000001,1.7612854614,-0.6309574247,4.2364958533,0.43606616400000003,2.6056749887,-4.0,0.1178571429,-1.7921217498000002,116.0,0.0296015739,-0.0438596491,0.0,75.0,117.0,18.0,4.0652987994,0.2839820186,1.4322363479,-0.4524101592,5.9,5.0,223.6666666667,4.3223583114,0.2185995014,1.0682833232513629,256.0,0.5222222222,5.2319379275,0.25235596180000003,1.9239694202839999,0.0102856305,0.0285714286,22.0,57.7579831933,0.0,3.7452400283,0.2753748147,2.4663858912,-0.5164519054,0.1904831944,-0.0652428983,2.5586479197000003,0.2888932034,1.9053582612,-0.1989723659,0.43631027450000004,1869.6435185185,6.0,7.0,3832.4545454545,0.8303195955,0.169816071
s222,1.5767001550000002,0.38121886390000004,1.8690906205000002,3.15,51.7777777778,0.4,40.3888888889,0.4,-0.9569378740000001,-1.3009474296,2.9800760904,0.37336682120000003,1.2068018549,-1.6571334691000001,0.8937517123000001,-0.9716387386668175,-2.0084534021181155,-10.291600091113475,-6.357847432421443,5.2866797893,0.24488627340000002,1.4641065386,1.0,0.0,9.0,0.2166666667,3.0,-0.0126666667,-2.75,12.2916666667,0.22891566270000002,3.0,-0.0108568511,-3.0084745763,0.1018056282,0.24489795920000001,1.0681790732,8.3,8.1,2.0721852036,0.5059155544,1.9129342179000002,-0.7883449906000001,-5.448190242572302,0.0032481343000000003,0.75,-0.1837616423,5.6662458939,0.0,5.3201349372,3.7318848747,0.16486051300000001,1.890616784,-1.327315884,0.3714285714,3.310775983,277.0,25.7627506452,0.3968411315,9.0,0.5,0.0014584679610000005,1.0,0.0019204505000000001,0.6388888889000001,0.5925925926,-0.6465903049,-216.0,0.0714285714,1.9165198507999999,0.3922477395,1.8345472824,-40.0,0.0,-0.5775627019,362.5,3.0808077704,0.3122553953,1.4988411116,4.5,130.0,-3.2083099811,0.3347694933,17.0,1.8145623222,0.5433711307,2.2038304977,-0.7394540711,3.4433393975,0.45233836110000003,1.4472162946,-29.0,0.1,-2.183817831,154.0,0.07124994450000001,0.0754385965,0.0,108.0,209.0,25.0,4.1952017337,0.2480117268,1.1277664829,-1.3902430460000001,7.6,5.6,271.0,3.9038123791,0.4361777108,0.5357006591504588,254.5833333333,0.5111111111000001,3.4676124201,0.341604422,1.3163368901,0.017635157000000002,0.0404761905,11.5,-24.765795426,0.0,2.6776992775,0.36128081230000003,1.8058587103,-1.0173684856,-0.6731818695,-0.7336768439,2.0727027714,0.33945958,1.8275435482,0.2072464886,-0.033001331700000004,1516.8560606061,7.0,9.0,2470.0,0.1885790917,0.1801495558
s223,0.6440341577,0.2636795795,1.0198175577,1.4,40.4210526316,0.36666666670000003,39.9285714286,0.5333333333,-0.3428669331,-1.2142985572,3.8961815333,0.40542962390000004,2.4845454052,-1.768603436,0.49533133560000003,-1.1716691800008623,-2.66391862130615,-7.481167907111639,-5.129272236101916,5.0190816264,0.3552901143,1.1390232526,0.6666666667000001,0.1666666667,3.5,0.0416666667,2.0,-0.0096666667,0.1666666667,13.2916666667,0.1569073456,0.0,-0.0070375626,-0.9707846411000001,0.05113526067100001,0.3265306122,0.42671809260000004,8.6,5.3,2.7669243225,0.4726312112,1.3173487618,-0.6191409026,-2.7492478990026425,-0.0185417468,0.1388888889,-0.7870085554,-6.5468608906,-0.32032324445900007,0.7395050750000001,2.4764155178,0.33464991920000003,0.8490914380000001,-0.5402436899,0.0285714286,4.8849203713,206.0,59.8991114415,0.8568707964000001,6.0,0.6007091522,0.0011111411,0.9984375,0.0016663034,0.6111111111,0.33333333330000003,-1.3870871118,-176.0,0.5,1.4059889602,0.47331475650000004,1.6179893620999999,-292.0,0.1428571429,-0.3148064721,296.1666666667,3.6117463008,0.4154231156,1.3672306222000001,21.0,34.0,29.4135983478,0.3324182862,8.0,1.5586146396,0.44123778610000003,1.5007349913999999,-0.69325471,3.5460696529,0.5173935648,1.1282642912,29.0,0.0905172414,-2.9397061424,100.0,0.07029083900000001,-0.0350877193,0.0,94.0,125.0,21.0,4.3828728443,0.3401670289,1.4601801896,-2.2246979848,4.8,5.2,383.5,5.1099195988,0.3638430918,0.6429012361940408,298.25,0.5055555556,5.067922464,0.3575570112,2.3200343212,0.0109657243,0.0023809524,-17.8333333333,65.1545327755,1.0,1.8525786622,0.37268435510000003,1.7353348332,-1.045571687,-0.8630021491000001,-0.4312298161,1.9905740274000001,0.3863799097,1.3079785989000001,-0.44739831752900017,0.3758846194,2925.3645833333,4.0,7.0,4356.9166666667,0.8562787947,0.46790303380000003
s224,1.0032675398,0.0790382536,1.6735551548,1.65,25.15,0.33333333330000003,21.3913043478,0.2333333333,-1.1273184531,-0.9701512014,2.9203012901000003,0.3495323891,1.5061289255,-0.8563707847,0.9687585616000001,-0.66306982677008,-1.417929941497062,-10.694128495181904,-9.177877054063023,3.7290030384,0.2279397548,1.5408162372,1.0,0.0,14.9166666667,0.09700000000499999,3.0,-0.006285000001000002,-6.8333333333,3.625,0.1290596562,1.0,-0.0086734075,-1.3609706775000001,-0.09249151650000001,0.12244897960000001,0.4849370959,8.4,7.4,1.957198377,0.3497484216,1.9023652906000001,-0.8079460310000001,-4.788544937440749,-0.0194688017,0.9722222222,-3.2729058376,-2.9946738789,-0.4887041709,1.8388629403999999,1.7534380679,0.17569122880000002,1.2910584206,-1.1195720593,0.22857142860000002,3.7262636324000002,195.0,46.0626954627,0.8291899447000001,10.0,0.7910178185000001,0.0016164228,1.0,0.0028524425,0.5833333333,0.8518518519,-0.5777110881,-165.0,0.1875,1.5428969054000001,0.3743252995,1.9704536369,-141.5,0.0909090909,-0.1895559065,312.89833333333297,2.517009183711001,0.29413731405399995,1.33521407596,24.15,49.745,16.1486023385,0.41140675120000003,12.0,2.0020504435,0.5187305862,1.9880045407,-0.43752616240000003,2.5810291954,0.3850162914780001,1.7437091295119995,-42.5,0.082437276,-0.9922010601000001,132.0,0.0358353342,-0.0280701754,0.0,116.0,185.0,25.0,2.1327033728,0.24190579450000002,1.1816164932,-0.6199113038,6.6,6.6,288.6666666667,2.5066548383000002,0.3318495125,0.25169593513124544,250.1666666667,0.55,1.8836853914,0.3071441975,1.1098051496,0.005292902,0.14047619050000001,60.6666666667,87.5750046703,0.83,1.8887376268,0.3300893358,1.5741382565,-0.46923786170000004,-0.13310872,0.2699166135,1.5235070609,0.30227441790000004,1.5528200738,0.016626639000000002,-0.2802246692,2169.85,14.0,6.0,5048.8333333333,0.8690343142,0.5430460545
s225,1.3974007377,0.2387196785,1.5544565821,2.95,15.0,0.2,11.4583333333,0.2,-0.3326717897,-0.655848379,5.2007446442,0.3022027033,3.2216936854,-0.8122619148,0.4898433219,-2.8956390308543973,-2.96700504415779,-7.5483500481751165,-4.95217005618963,4.2263722097,0.2768428781,2.4159673915,1.0,0.0,11.0416666667,-0.0625,1.0,-0.0008333333,-1.0416666667,12.8333333333,0.0238778055,1.0,-0.0018894431,-4.0556940981,0.1436248649,0.1020408163,1.0159954671,9.3,7.5,1.912014037,0.3719881533,2.3646665526,-1.0002219535,-4.067122001431753,0.011724815100000001,0.4166666667,-1.6535453409,-0.24466722330000001,-0.3719338943,3.8121088774,2.6227114516,0.2024017787,2.1368058881,-0.7017421781000001,0.0571428571,4.5619233948,179.0,2.3916188301,0.3492235958,5.0,0.8070728302,0.0021437819000000003,1.0,0.0030486456,0.75,0.4444444444,-0.397457752,-410.0,0.0909090909,1.556452339,0.44704209040000004,2.1917235795,-353.5,0.0666666667,-0.6725992437,311.14833333333297,3.2087548723860007,0.31041934189500003,1.6809104014479996,12.94,92.25,3.012801503164001,0.6490458743,18.0,1.1778976464,0.4931329821,1.9252256525,-0.7374984542,2.9927968158000002,0.37464111250000004,2.6349755911,14.0,0.08214285710000001,-2.4192685854000002,138.0,0.0836355439,-0.09473684210000001,0.0,141.0,201.0,24.0,4.1292621612,0.2536844576,1.2176791166,-1.9834110238,7.5,8.2,513.8333333333,3.4208353094,0.3480145563,0.6103028523684362,234.875,0.4944444444,4.0980326915,0.2922589948,1.5187880147000001,0.0038424344,0.0261904762,-65.0833333333,-23.7621013318,0.0,2.8208086742000003,0.3086991479,2.5586606873,-0.934289268,-0.5659945986,-0.1760499488,2.0164355873,0.30749158590000003,2.2562600373,-0.4344334817,-0.6159082131,4261.6666666667,-2.0,3.0,5217.5416666667,0.8620988287,0.2814449421
s226,1.1181662879,0.0394272846,2.0900512034,2.2,38.5714285714,0.30000000000000004,30.4761904762,0.30000000000000004,-0.47185687590000003,-0.9079967631,3.6532200242,0.33230421060000004,1.8023292706,-2.2489697783,0.3062414384,-1.819820763284892,-3.130203442487112,-7.2867878743702486,-4.469332795471625,6.6081991406,0.2409290758,1.3092862647,0.33333333330000003,0.0,12.625,-0.0458333333,2.0,-0.0101666667,-2.375,15.6666666667,0.1663632327,0.0,-0.0043978686,-0.2138099467,-0.113315206,0.1632653061,1.0097552813,9.0,7.5,2.1593631657,0.354610325,1.9064522583999999,-0.5498393147,-1.218778369798186,-0.012731926000000001,0.1666666667,-0.7484299889,0.8373051806,-0.5629734621,4.194188013,3.2961207553,0.1439125699,2.0566967845,-0.9928100529,0.22857142860000002,3.4727396196,194.0,10.925098711,0.2565783653,8.0,0.7755329132000001,0.0016303798,0.7846649170000001,0.001846009,0.6666666667000001,0.33333333330000003,-0.7712719124,-78.5,0.33333333330000003,1.2720577770000001,0.6102318857,1.8664930416,-207.0,0.0,-0.3718566891,201.5,2.9663993394,0.2462850614,1.8070278952,-25.0,151.0,-5.6483563577,0.5292736422000001,3.0,1.7258638664000001,0.3672327957,1.8995090171000002,-0.5020635466,2.7347088215,0.4027603685,1.737650006,2.0,0.1107142857,-1.3687836422,157.0,0.1002289413,0.1473684211,0.0,81.0,145.0,16.0,4.4461190891,0.26275489,1.4162396845,-1.3369617629000001,6.0,6.0,245.1666666667,3.1962975713,0.3422671465,0.32672985132586874,200.1666666667,0.5333333333,3.2034831173000002,0.27949173110000003,1.6036534385999999,0.0032539985000000003,0.021428571400000002,59.0,104.07351876,0.0,3.0721411262,0.3552563239,1.8330236133,-1.9415714699,-1.2848996664,-0.3775505137899999,1.9788786381,0.3272102328,1.5082890724,-0.1260474616,0.354551612,1901.253030303,5.0,9.0,3397.75,0.35868262360000003,0.1460237583
s227,1.1440142089,0.33348856530000004,1.7120581158000001,3.6,38.3181818182,0.2666666667,18.5714285714,0.30000000000000004,-0.28877748540000003,-0.8890304929,2.4792607091,0.39069859830000003,1.1653909924,-0.4260448287,0.8256181507,-0.9853642766639781,-1.9391828131591056,-10.048443962830119,-8.647632797115003,3.0628711644,0.2475116199,1.2091900500000001,1.0,0.0,18.4166666667,0.09720833333500002,3.0,-0.0183333333,-3.0,23.75,-0.040398293,1.0,-0.0054679943,-3.5975411502,0.0254946708,0.2244897959,0.6609605016,7.9,6.3,2.5422177276999998,0.43313423770000004,1.8425209104,0.2093162794,-7.914979158855794,-0.0048118755,0.9722222222,-1.9301430874,-0.0777874956,-0.5629734621,4.194188013,3.0727229979,0.1927063074,1.4479325790000002,-1.327315884,0.3714285714,3.310775983,180.0,1.2928725743,0.0438060331,4.0,0.9576660156000001,0.001450272,0.9719482422000001,0.0015691382000000002,0.6388888889000001,0.8148148148000001,-0.9096591231000001,26.5,0.25,1.5703504817,0.3662958659,1.536162548,64.5,0.1111111111,-0.5444466198,316.0,2.6198443167,0.272126327,1.3828418834,64.0,41.5,8.6842389325,0.4908183508,18.0,1.9285347467,0.5289785703000001,1.7788395309,-0.2931402428,2.9269380095,0.426030583,1.4817312677,17.5,0.09285714290000001,-1.9023062879000001,122.0,0.048199632000000006,0.22982456140000002,0.0,94.0,156.0,21.0,2.6557361847000003,0.2912067514,1.111216547,-0.8385614915,6.7,6.0,341.6666666667,2.9236387334,0.335687138,0.10994200151554544,260.75,0.5722222222000001,1.8884266167,0.328193243,1.1099192555,0.012247258300000001,0.15238095240000002,4.5,28.1416666667,0.67,2.265877411,0.2822124774,1.2732798126,-0.2761638926,-0.1390988762,-1.0074084345,1.6545869740999999,0.3241962182,1.2766780481,-0.8328241275,-0.10528320020000001,1804.6104978355,14.0,7.0,2072.4166666667,0.8259281668,0.5182817452
s228,1.0869141497,0.11097720720000001,1.9107424378000002,2.3,38.65,0.33333333330000003,20.7142857143,0.30000000000000004,-0.1385074533,-1.5343584887000001,2.5339702006,0.3655335469,1.4724430314,-1.1973545142,0.7594049658,-1.5103599328922404,-2.3589833206722544,-8.312533417463236,-5.677294654902703,3.2586624528,0.25156373530000004,1.5065287979000002,0.8333333333,0.1666666667,10.25,0.2583333333,3.0,-0.009000000000000001,-1.6666666667,9.0833333333,0.3141051567,2.0,-0.0012295248000000001,-2.2648129424,-0.0862781653,0.12244897960000001,0.8103757513000001,8.0,7.2,1.8417738886000001,0.44914004280000003,1.5849417018,-0.882790037,-4.685108577436088,0.0063324156,0.5833333333,-1.1106458058,2.0583956483,-0.3719338943,3.8121088774,2.3594049266,0.1109505538,1.7042995039000002,-1.4375347416,0.4571428571,3.0903382679,217.0,7.6113128603,0.3752535483,7.0,0.6816086769,0.0010317555,0.7780120850000001,0.0017704798,0.7222222222,0.5925925926,-2.0266218519,-173.0,0.3157894737,1.624653327,0.364243133,1.3484397734,86.5,0.2222222222,-0.6579716274,420.3333333333,2.5374959892,0.3351135584,1.2408134588,26.0,44.0,-9.8297921872,0.455163537,13.0,2.3689371636,0.5085042849,1.9385573468000001,-0.7046890892000001,2.7164585917,0.4700905495,1.2273417563,11.5,0.0785714286,-1.5796461421,169.0,0.043470630100000004,-0.1228070175,0.0,97.0,184.0,21.0,2.4202663434,0.3278088287,1.1077883257,-0.9807950808,6.0,5.1,333.3333333333,2.9940733176,0.3743596502,0.05173677939353629,280.5833333333,0.5055555556,2.6680580738,0.3430773804,1.249913394,0.0138685137,0.0714285714,34.1666666667,32.1228397696,1.0,1.7961390498,0.3821761618,1.6212172992,-2.0758303542,-0.6029256629,-0.19347929260000002,0.9051796896000001,0.0232986342,2.1087837944,-0.1440235159,-0.6775245794,1847.36,9.0,8.0,2270.25,0.8569180750000001,0.1895440625
s229,0.7350022447,0.0682040118,1.1609351436,1.15,24.9583333333,0.2,9.72,0.1666666667,0.47391775620000004,-0.8462742931,2.5442437381,0.35413260900000004,1.7788597276,-1.1326778626,0.30277739730000003,-2.3104929901556455,-3.183940989713809,-7.215509863145621,-3.950697723663784,1.9865342486,0.2809284179,1.2546224957,0.33333333330000003,0.33333333330000003,5.6666666667,-0.0166666667,2.0,-0.0046666667000000005,-2.0833333333,5.5416666667,0.0081792319,1.0,-0.00017557410000000002,-0.9651493599000001,0.061520890800000005,0.24489795920000001,0.48190729990000003,7.374999999999999,6.244999999999999,1.8137358356000002,0.5851074437,1.6610137127,-0.5690703112000001,-2.775634328192812,-0.0228722194,0.0833333333,-5.9359245482,-2.33498336595,-1.6943799748,1.1672167164,1.1897344463,0.0794642473,1.451130195,-1.327315884,0.3714285714,3.310775983,114.0,46.0626954627,0.8291899447000001,10.0,0.8921310425000001,0.0015413437000000002,0.9295211792,0.0013959683000000001,0.4166666667,0.2592592593,-0.9763538037,162.0,0.3846153846,1.5873663939,0.3475691335,1.8022196568000002,-86.91,0.0,0.017327204500000002,342.808333333337,2.5629541544570005,0.31906181944000006,1.365003642961,26.27,51.665,-0.8267364158539999,0.4268131161,8.0,1.331810958351,0.47886709165200003,1.9187657883659994,-0.313623037524,2.1996541685,0.40881525290000004,1.6639580443000002,-5.5,0.09963099630000001,-0.938378786,105.0,0.0344081379,-0.1385964912,0.0,103.0,148.0,23.0,4.4354600401,0.27353119130000003,1.1829076078,-1.1599668345,4.6,4.6,318.341666666669,2.5703075844139986,0.31940890264500005,0.4039037511124659,283.15541666666303,0.5270555555619999,2.5995170969480004,0.3278343623140001,1.5552611208559997,0.007183676617999996,0.07676190475800004,15.582499999996003,32.99246639766499,1.0,2.6517324286,0.32802000940000003,1.6702356989,-1.7201924323000002,-0.5030944937,0.1290438487,1.3847914797,0.1235641552,1.9939973143,-0.2230001553,-0.150845522,2885.4583333333,2.0,5.0,4350.338931818184,0.1396486037,0.3299260385
s230,1.1338856478000001,0.0433767044,2.3757572937,2.4,24.347826087,0.2333333333,17.8260869565,0.2333333333,0.1285321644,-0.7371344422,3.7988062057,0.3732916047,1.8937494521,-1.2695479051,0.5187517123000001,-1.7500688110173725,-2.4299515746503264,-7.569369490745442,-6.905050540088413,2.9385358641,0.31438690880000003,1.4164100135,0.6666666667000001,0.33333333330000003,7.9583333333,0.0125,1.0,-0.0018333333,-2.375,7.75,-0.0180654339,1.0,-0.0002731152,-2.5962202804,-0.31290942180000003,0.0833333333,0.8887990295,7.7,7.1,2.7242776305,0.4171800599,1.8829055839,-0.1197161853,-6.071248374960458,0.0014759202,0.8333333333,-1.7179354176000001,-0.8699656574,0.0,5.3201349372,3.0042073646,0.3077892051,1.7401208374000001,-1.070541321,0.2,3.8243251091,194.0,7.6113128603,0.3752535483,7.0,0.7574588776000001,0.0013899041,0.9703124999999999,0.0010911555,0.6111111111,0.6666666667000001,-0.197891533,-473.5,0.1111111111,1.7078263170999999,0.4312020877,1.9660746432,-119.715,0.0,-0.32073887030000003,334.3333333333,2.7394786751,0.3649985524,1.3120655034,5.0,102.0,-7.3720407064,0.5644717782,13.0,2.1875553093,0.4899771692,1.7006063715000002,-0.4100363287,3.1378539205,0.4407600876,1.3851537512,-17.0,0.0752688172,-1.5317491568000001,138.0,0.0728045216,-0.0456140351,0.0,100.0,159.0,21.0,3.0549632899,0.3247391591,1.1996146738,-0.8815712204,4.9,3.9,280.8333333333,3.5594905662,0.3769204426,0.5808761326372933,265.8333333333,0.5166666667,3.4920106473,0.3458107862,1.5101487283,0.0199121662,0.0285714286,23.6666666667,21.3791629826,1.0,2.6336255304,0.371019865,1.7311754148,-1.4330816602,-0.4892490177,0.2270410921,1.6790096552,0.39183031100000004,1.4171406803,0.0001090523,0.1023499415,2343.58,9.0,7.0,3524.8333333333,0.3179264059,0.19936648
s231,0.9992415015,0.1333364867,1.6769620521,1.9,53.4375,0.4666666667,50.0,0.6666666667000001,-0.7803022502,-0.5646820222,3.0796706049,0.3403819862,1.8681728959,-0.7997625228,0.9687585616000001,-1.8734971058825327,-2.531287732445955,-10.694128495181904,-5.44765380346168,4.0349934242,0.2968960793,1.3896138364000001,0.6666666667000001,0.33333333330000003,3.5416666667,0.1791666667,2.0,-0.0038333333,-1.4583333333000001,16.1666666667,0.2978766431,2.0,-0.0139150657,-1.7027300303000001,-0.011119559000000001,0.4489795918,0.40125451440000004,5.7,5.0,1.370947792,0.395068478,1.7817349481,-1.2717891784,-5.991546470463608,0.0029378488,0.8333333333,-0.7089924971,-0.2795521874,-0.2674148576,2.8355284759,2.330490607,0.2689267244,1.2904158164,-0.7017421781000001,0.0571428571,4.5619233948,145.0,59.8991114415,0.8568707964000001,6.0,0.7667724609000001,0.0007870502,0.8359786987000001,0.0012045314000000001,0.47222222220000004,0.40740740740000003,-0.7049237862000001,-167.5,0.5,0.901817422,0.42777482941200007,2.3212731711,270.0,0.1875,-0.47311873790000003,349.698333333335,2.9101679723010005,0.325842250541,1.4848022078049996,23.63,65.395,2.605540891059,0.598925202,17.0,1.4680380441,0.36539355,1.9243881015,-0.1688699026,3.0140310675,0.4403956196,1.622666597,10.0,0.08214285710000001,-2.0164067194,153.0,0.0653957283,-0.0649122807,0.0,75.0,129.0,18.0,3.6519671473,0.2867038623,1.1015858823,-0.8330548135,4.9,4.6,325.54333333333506,3.1868545313429997,0.33106963425400004,0.552443088320302,285.846666666666,0.5217222222269996,2.9157308968700004,0.3235574567040001,1.6513469073409999,0.009802668161999997,0.04390476190399999,30.249166666661996,33.51160920407399,0.0,2.8711393495,0.3262723402,2.5811417328,-0.642209342,0.1100013197,0.1203209199,0.8002932650000001,0.18041833200000001,1.9919236312000002,-0.8058447131,-0.5743813928,2250.6380952381,10.0,8.0,3605.5833333333,0.8345521551,0.3911848348
s232,0.7747268877,0.0183395795,1.9227252582,1.4,37.3913043478,0.2333333333,10.652173913,0.2333333333,-0.4145401025,-0.9892889678000001,2.2008537697,0.3891902908,1.6644864958,-1.0541962206,0.6562517123,-1.3602261499285264,-2.837324522782321,-8.696776899540605,-6.314446665914807,2.4226386729,0.1513084289,2.135163193,1.0,0.0,7.5,1.110223025e-16,1.0,-0.01,0.0,16.9166666667,0.15170879680000002,1.0,0.0006430738,-3.2633973711,0.2292360401,0.1489361702,0.6756860672,5.7,5.2,1.4051748645,0.5441388235,1.9749211455000002,-0.36715001820000004,-4.029943721187,0.007819792,0.47222222220000004,-2.5413651627,-3.9109323175,-1.2939225801,1.9505664323,1.8132833321000001,0.2722778243,1.1836238698,-1.4184071275,0.5428571429,2.6215454703,219.0,1.2928725743,0.0438060331,4.0,0.7256418228,0.0019058214000000002,0.6530343056,0.0018882251000000001,0.6111111111,0.5185185185,-0.6893791862,-167.0,0.3076923077,1.3324000118,0.3964261119,2.1900881377,38.0,0.0909090909,-0.1677759614,355.6216666666711,2.4770158278210013,0.317929482434,1.4834006436040001,19.07,52.41,5.466117409541999,0.5842465817,13.0,1.3784636904,0.5863948816,1.9483909008,-0.39967419120000003,2.0439355338,0.44479095550000003,1.5947332012,-47.0,0.1335740072,-0.9538911449,54.0,-0.0122149897,-0.1719298246,0.0,80.0,113.0,18.0,2.0470605149,0.2632355878,1.5992842328,-1.1473561972,7.0,5.9,379.6666666667,3.1225807003,0.3330658262,0.5157251581806382,304.3333333333,0.5388888889,2.3298962938,0.31153338070000003,1.3146263022,0.008056982800000001,0.0952380952,45.6666666667,44.9908914565,0.87,2.3029694565,0.35399906670000003,1.8118653522,-0.37816781250000003,-1.0757021491,-0.0076285377,1.2481409332,0.37935611490000004,1.5182848399000002,0.3838796317,0.2791604357,1472.3848484848,-2.0,9.0,4134.1818181818,0.22210152430000002,0.3561157827
s233,0.4944472539,0.0101632428,2.0154591844,1.4,38.8695652174,0.2333333333,25.15,0.33333333330000003,-0.4961063961,-1.7844567599999999,2.7976210979,0.4119392441,1.5988235546,0.2795820919,0.49125171230000003,-1.1178527109671395,-2.770987266055543,-8.234565998367641,-7.064235653775879,4.5620223704,0.2920207487,1.4600296553,0.5,0.33333333330000003,9.7916666667,0.0041666667,2.0,-0.0178333333,-3.875,13.125,0.1661016949,1.0,-0.0035421687000000003,-3.220645293,-0.22097902100000003,0.27083333330000003,0.5230769231,8.4,6.2,2.3527454825,0.40434909150000004,2.0404141015,0.0688564831,-4.21141025023384,0.0109719779,0.4166666667,-0.4197807678,1.5993067445,-0.36975253750000003,3.8077461637,2.3919220461,0.1786319617,2.3411203793,-1.2083775268,0.2857142857,3.5486526974,210.0,7.6113128603,0.3752535483,7.0,0.7727680206,0.0007756982000000001,0.8542480469,0.0012128666000000001,0.5833333333,0.5185185185,-0.39729653070000004,36.0,0.30000000000000004,0.6618497093,0.6199709134,1.8362254132,90.5,0.25,-0.36703863810000004,479.1666666667,2.6542190038999998,0.30710433730000003,1.3731809798999999,47.5,64.5,0.8108356098,0.5572900235,13.0,1.2705824885,0.4791753783,2.0609879579,-1.2741895475,2.1001252394,0.4420777958,1.8126821014,-33.0,0.075,-0.8824806965,99.0,0.0410391739,0.0087719298,0.0,103.0,154.0,19.0,2.6666430568,0.3091080338,1.4831252887000002,-1.372441284,4.9,4.2,434.0,2.8721558115,0.3466504695,0.7500413026362358,277.5,0.5166666667,2.7157125535,0.3135645071,1.7753211061,0.0041641951,0.038095238100000005,41.6666666667,108.4093168937,0.0,1.8735429074,0.3949476712,1.9840548418,-1.5423968357,-0.2481233744,-0.6299277271,1.4302954981,0.1249807279,2.5005956032,-0.1751740929,0.2048665388,2682.4666666667,7.0,4.0,6183.4166666667,0.1964004724,0.1771131816
s234,0.5528182984000001,0.1190195141,1.5012405179,1.1,20.7272727273,0.2666666667,15.9411764706,0.4333333333,-1.0106601069,-1.481195239,2.5881557936,0.3737141292,1.6949249399,-0.29299050790000003,0.6608390411,-1.564053737781505,-2.5479331595347277,-8.481819290845015,-5.634619341664562,2.8035853678000002,0.2186826382,1.7679103737,0.0,0.5,12.7916666667,0.12916666670000002,1.0,-0.0048333333,-5.625,21.5416666667,0.40381773400000004,2.0,-0.0032955665,-4.4468390805,-0.0249611237,0.22916666670000002,0.49694465330000004,6.7,4.6,0.7358269684000001,0.5026689189,1.5266276961,-1.4478889887,-2.5807612845565213,-0.020066725100000002,0.1944444444,-1.4920137407,-0.3637292669,-0.21300603170000001,2.7267108241,1.7024559947,0.2046457691,1.7658502874000002,-0.6651343888,0.22857142860000002,2.8173882914,102.0,5.38702979,0.1321684831,5.0,0.7980497360000001,0.0007323075,0.9696716309000001,0.0011497106,0.5,0.40740740740000003,-1.2950799954,71.5,0.375,1.4216184915,0.31880822000000003,1.1147252503,-54.5,0.2941176471,0.0090324036,507.6666666667,1.2749192021,0.2220025053,1.5487649261,29.08,33.0,-5.2696385243,0.6891750919,7.0,1.1383446705,0.5329009853000001,1.7843173405,-0.7328434715000001,1.7096789554,0.4038463578,1.6297616531,-8.5,0.0716845878,-1.3034848498,95.0,0.048117161000000006,0.0140350877,0.0,124.0,154.0,19.0,0.8993279121000001,0.2345049515,1.5623483287000002,-0.9364473435,5.4,5.2,337.0,1.6184924170000001,0.29285688190000003,0.35297391385831184,294.25,0.5611111111,1.3288798111,0.28394602237199995,2.0118056488,0.0083419997,0.14047619050000001,26.1666666667,-33.1246804265,2.0,0.9986131656,0.3107171152,1.562937361,-1.6147006977,-0.013574617,0.0470567536,0.3406318434,0.0482256734,1.9166077153,-0.3223896693,-0.6379607473000001,3662.6683333333,7.0,5.0,2808.8333333333,0.8464505183000001,0.2039296085
s235,0.9318902129000001,0.11072435500000001,1.8071285984,2.1,20.0833333333,0.2,18.2272727273,0.2666666667,-0.10077286710000001,-0.6590490452000001,3.52792958,0.38415575290000004,1.8656228566,-0.558007227,0.42875171230000003,-2.08273462914532,-3.3135440874954485,-7.915068147472839,-4.470329681874057,2.5750244967,0.2565334714,1.620529675,0.8333333333,0.1666666667,8.75,0.0833333333,0.0,-0.0016666667,-0.8333333333,15.0416666667,0.046514936,0.0,0.0004612884,-0.9182076814000001,0.2089933199,0.20408163270000002,0.6121539628,7.0,5.1,1.421990517483,0.410407452786,1.9691431947159992,-0.6785463839780002,-3.2364130596547565,-0.0237971459,0.25,-4.4010291744,-4.6201257249,0.14960993150000002,2.7690212256,1.884452226,0.1845223541,1.9930397072,-0.44282423740000004,0.1428571429,3.0207895225,121.0,7.6113128603,0.3752535483,7.0,0.7689060211000001,0.0016758428000000001,0.8187515259,0.0017989563,0.5277777778,0.2962962963,-0.9066080105000001,-42.475,0.4615384615,1.0589547521,0.4869136014,1.8754511792000002,-5.0,0.1904761905,-0.2505427873,403.3333333333,2.5046283338,0.3396691067,1.6751664641000001,34.5,24.0,-12.7437164481,0.5345520152000001,11.0,0.7946913124,0.2963807265,1.9559279278,-0.2822573979,1.9447515779,0.349954182,2.0187920244,-36.0,0.10394265230000001,-2.7315998831,43.0,0.0441557571,0.0340557276,0.6931471805599453,116.0,155.0,23.0,2.1086340838,0.3145943416,1.8647359479,0.1098628551,6.3,5.4,416.6666666667,2.4194750679,0.35039308020000004,0.579420579767075,345.1666666667,0.5222222222,2.3627879276,0.3642459925,1.906950415,0.0036038460000000004,0.038095238100000005,68.3333333333,95.237590799,2.0,1.6022077207,0.4167306805,1.6383774534,-0.8010034536,-0.9855401901,0.2427243571,0.8013913401,0.0129770052,2.3411907644,-0.0536992774,-0.3027716616,1927.1296296296,17.0,5.0,3138.5,0.8519063385000001,0.18380046860000002
s236,0.7226647474,0.0941894469,1.9536243426,1.75,30.9523809524,0.30000000000000004,18.75,0.33333333330000003,-0.4577359743,-1.1288457744,3.6826994997,0.37307875960000003,2.1792458066,-1.3008719122,0.22346489730000002,-0.818663810743201,-1.952265920648377,-6.9925033646035955,-7.113349720656958,1.6415288621,0.278243205,0.9547526147000001,0.5,0.33333333330000003,8.25,0.058333333300000005,2.0,-0.007666666700000001,-4.3333333333,4.2083333333,0.0187943262,2.0,-0.0039148936,-1.7553191489,-0.0906595161,0.2127659574,0.7273830045,8.5,6.1,1.9266848838069996,0.42231098066799994,2.0547108568350003,-0.4465176447829998,-4.312675953075271,0.0069994791,0.5,-0.44957998720000003,3.4748499419,0.0,5.3201349372,2.7028431031,0.251849139,1.4930863268,-0.8742787237,0.22857142860000002,3.2356769612,184.0,2.3916188301,0.3492235958,5.0,0.7683563232,0.0005557959,0.9597656250000001,0.0006800644,0.6388888889000001,0.48148148150000003,-0.7985570244,-25.0,0.0,1.6401767086999999,0.4087636358,2.1374130602,-557.0,0.1428571429,-0.796913226,220.0,3.71228685,0.2891861263,1.8664490238,-6.0,38.0,4.7353003046,0.4018988901,12.0,0.6987313285,0.5184522397760001,1.8440924681,-0.2896565961,2.6676562238,0.40357025300000005,2.5711901837,27.0,0.1107142857,-1.084267786,157.0,0.036692253800000005,-0.0980392157,0.6931471805599453,97.0,177.0,19.0,2.9707427848,0.2941430672,1.5119983944,-0.5928189969000001,5.8,5.4,241.8333333333,3.8866637417,0.30188976630000003,0.471448176384942,261.6666666667,0.5055555556,3.7039176959,0.2802593195,1.6486091125,0.0101618512,0.0238095238,87.6666666667,5.5341044107,1.0,2.1227463049,0.27365194060000003,2.0017997642,-0.76853336,-0.1085393751,-0.5150501477,1.6518462508,0.3113483992,1.7257630463,-0.5841970453,0.34083174850000003,4110.7333333333,-3.0,5.0,6523.0,0.1989366972,0.24415774310000002
s237,1.3699668622,0.2220136369,1.3411656022,2.2,45.2857142857,0.30000000000000004,17.8571428571,0.30000000000000004,-0.23052696420000002,-0.46039971550000003,2.4521379005,0.3483870564,1.4886477482,-0.329175573,0.0567166096,-1.692689243990053,-2.4720783265091035,-7.1527988812782075,-3.458356944796882,3.2100478113,0.2626695417,1.03958306,0.5,0.0,9.625,0.1541666667,3.0,-0.0045000000000000005,-2.375,12.375,0.2036977492,1.0,0.00020364420000000002,0.0045016077,0.1580012138,0.2653061224,1.3648204921,7.5,7.7,2.7321502133999997,0.333109659,1.5777821084,-0.1496546515,-2.446360504955311,-0.0186696461,0.0555555556,-2.4948194641,0.6802079834,-0.1448413667,3.3579238221,2.1434494391,0.2173516453,1.1585133341,-0.9699599015,0.3428571429,2.749275612,175.0,0.0331595576,-0.6040336065,3.0,0.6201343536,0.0015002931,0.8934570312000001,0.0020107470000000002,0.5277777778,0.14814814810000002,-1.2983975469,14.0,0.1666666667,1.716537435,0.3684871664,1.4865821046,158.0,0.1666666667,-0.45592916,364.0,2.5123195476999998,0.2980330392,1.6382705528,47.5,119.5,-6.9868187855,0.3936674914,9.0,1.4761869734,0.41478279090000003,1.4319171682,-0.5654205796,2.1106545359,0.4020825508,1.3264626683,34.0,0.125,-1.7697185067,142.0,0.0547263939,0.0473684211,0.0,124.0,213.0,19.0,3.183286179,0.2709021244,1.2764289716000001,-1.4419878822,6.4,5.3,234.1666666667,2.7832173513000003,0.3945151477,0.499705620203733,278.5833333333,0.5277777778,2.4414928652,0.28776242300000004,1.3014335821,0.0097783001,0.069047619,40.5,-10.8561757023,1.0,3.0841183121,0.4179150017,1.7713597813000002,-1.5595820035,-0.010226971000000001,-0.7464247179,1.2667782755,0.0688013558,2.0345144336,-0.45463917670000004,-0.6638694355,1918.8958333333,0.0,8.0,5279.2916666667,0.8559064772,0.5889799385
s238,1.539658658,0.2891675284,1.2635196444,2.3,49.2727272727,0.2666666667,24.1578947368,0.36666666670000003,-0.23082174430000002,-0.9390583363,2.6897838814,0.44113746730000003,1.6633450134,-0.42961555960000003,0.0778013699,-2.487461279678069,-1.2035391083856175,-5.857032050599539,-4.423896945152017,4.372653391,0.3162839596,1.8513207692,0.0,0.350000000004,1.625,0.0375,2.0,0.00016666670000000001,-0.9583333333,6.6666666667,0.0686352254,1.0,-0.0015759599000000001,-2.9626460768,0.47135764750000003,0.306122449,-0.0567936932,7.3,5.7,2.2581445316,0.4729275422,1.7232124222,0.6879490078,-4.516359106934177,-0.0243804461,0.5277777778,-1.8448578064,0.8761820250000001,0.1161892903,2.7697933114,1.3118795349,0.0383015352,1.751127296,-0.7717910818,0.1714285714,3.4406522452,212.0,1.4158307958,0.368755671,8.0,0.6627759933,0.001089941,0.9633224487000001,0.0013113884,0.5277777778,0.14814814810000002,-0.38715661570000004,-22.5,0.3076923077,1.1074515431,0.4519046328389998,2.8824038562,-727.5,0.0,-0.21021145030000002,353.45833333333707,2.7708749456720003,0.34233046762499997,1.5439850719610002,19.95,67.41,3.5855754938,0.6288319792,4.0,1.8323237471,0.5764692146,1.8896057387,-0.0566668928,2.7915186343,0.444420411256,1.946165810681,-30.5,0.1214285714,-0.9341594795,150.0,0.044370448300000004,0.0061919505000000005,0.6931471805599453,109.0,175.0,21.0,2.5749802027,0.34545184170000004,1.3850806105,-0.2061896916,4.6,4.0,340.723333333333,3.0331653146500015,0.36267620401500006,0.4798437553029035,390.25,0.5333333333,2.3656639004,0.3072887865,1.3336716334,0.013748847000000002,0.0904761905,42.8333333333,-17.5898428732,0.0,2.2790110593,0.4636283297,1.9276806047,-0.8702874859,-0.7211891856,0.1494549746,1.4252755444,0.18302094060000001,2.2067628176,0.062824766,0.09366699960000001,2602.4037037037,10.0,5.0,4280.5833333333,0.8103906163,0.47725541920000003
s239,0.8293269238000001,0.0986017088,1.723745982,1.75,28.35,0.33333333330000003,42.4666666667,0.5,-0.2712185511,-0.6094498872,4.1386199563,0.3130257878,1.7634414522,-1.1776889712,0.9625085616000001,-3.237062463777235,-3.321101988299611,-10.407135663054696,-4.30751905266053,4.2917517025,0.2573998309,1.4496657753,0.1666666667,0.6666666667000001,18.125,-0.0958333333,1.0,0.0008333333,-2.7916666667000003,22.1666666667,-0.1047193609,1.0,-0.00040487700000000005,-0.1218204751,0.3288871231,0.45833333330000003,0.6962926331,6.3,4.8,0.9956122994000001,0.3220631185,1.5859777039,-0.6606684745,-4.01985102218651,0.0023051319,0.7777777778,-0.7151335139,-0.6098781262,-0.5629734621,4.194188013,2.4338060984,0.22012352100000002,1.5885554173,-0.9190738374720001,0.0,3.75409425324,106.0,1.2928725743,0.0438060331,4.0,0.6303457737,0.0017157583,0.9654785156000001,0.0014362063,0.4166666667,0.40740740740000003,-1.3319202086430002,5.5,0.4615384615,0.8915613115000001,0.23476657350000002,1.234366711,4.0,0.20194501380799992,-0.3031697418,327.40333333333604,2.7157860123749993,0.3103174742850001,1.418658811437,24.93,65.675,-1.4031251591,0.5770441327,3.0,0.7205664642,0.371895963,1.8597907691,-0.1774165198,3.4029229523,0.393332444,2.4430367613,48.5,0.1043478261,-2.1351058371000002,78.0,0.0359295834,-0.07719298250000001,0.0,112.0,149.0,19.0,3.4652338085,0.3007830237,1.4770496976,-0.7135432428,6.8,5.5,413.8333333333,2.7640546062,0.27633259520000003,0.42735780432831266,266.5833333333,0.5222222222,3.2529276418,0.2906821895,1.2257654827,0.0212835331,0.0428571429,-2.5,-2.0393958464,0.0,2.314519817,0.39037954500000005,1.648383356,-2.0093309583,0.0335749741,-0.4844114863,1.948372138,0.29883438970000004,1.5079580994000001,-0.15965204130000002,-0.332679329,1483.7507575758,14.0,6.0,2812.9166666667,0.2134281086,0.1766132218
s240,1.1364855526,0.029626156,1.4799293139,1.9500000000000002,51.3157894737,0.36666666670000003,40.9090909091,0.6333333333,-0.9793531785,-0.6817140567000001,3.0580989723,0.2758627987,1.6763799217000002,-1.5875737699,0.8706181507,-1.20943288882783,-2.6198793942612117,-10.200826772156947,-7.0329509957999985,2.3296417823,0.2525346978,1.1249567639,0.1666666667,0.5,16.7916666667,0.12916666670000002,3.0,-0.0041666667,-1.7083333333000001,20.0,0.0294466,1.0,-0.0003643047,-3.3012048193,-0.0662837227,0.25,0.3009552085,8.6,6.8,1.9802965464,0.3285121447,1.6427303294,-1.251664262,-3.7284603566076107,0.018916025200000002,0.2777777778,-2.2717261313,-0.115973748,-0.33672694870000003,2.9741526582,1.8580109947999999,0.0151042102,1.6030499958000002,-1.0820225484,0.3714285714,2.8201893119,206.0,1.2928725743,0.0438060331,4.0,0.6774168015,0.0015770303,0.8531234741,0.0025652649,0.5833333333,0.5185185185,-1.9654958329,11.0,0.6000000000000001,1.786169862,0.2886169175,1.4754413333,96.0,0.058823529400000005,0.2629662848,311.3333333333,1.7054067435,0.248796872,0.9700826347,41.5,2.5,2.857099262422999,0.4454005548540001,15.0,1.4016951274,0.4051647561,1.7824696832,4.91059e-05,2.4288867871,0.3422779254,1.524940166,-12.0,0.0892857143,-1.0027496473,139.0,0.0372168125,-0.0070175439,0.0,98.0,182.0,25.0,1.952857817,0.26288553463399994,1.8192992613999999,-0.6931634550000001,6.6,5.9,273.3333333333,2.0012796989,0.2361928032,-0.023921606614381096,275.5,0.5555555556,1.587636899,0.28692169180500016,1.5229332613,0.012509308,0.15476190480000002,35.0,44.0466666667,2.0,2.2075822747,0.25997182480000003,1.4744718867,-1.0309307258,-0.3094732566,-0.1063888093,0.4411655158,0.0058909081,1.7255072726,-0.32639346610000003,-0.24485846100000003,1508.3393939394,11.0,8.0,2181.6666666667,0.2981411373,0.3591880987
s241,1.6034094025,0.2630984509,1.7702678911,2.8,44.3125,0.4666666667,30.2,0.33333333330000003,-0.5495460343,-0.3761159398,2.7908199884,0.34567330143999997,3.2414754914,-0.5498554469,0.5631181507,-1.3299658195731638,-3.250072311808583,-7.863533219516347,-5.847153904902128,4.0866310941,0.2663658293,1.6483350039,0.8333333333,0.0,12.125,0.0375,1.0,-0.0015,-2.875,11.75,0.0633501259,1.0,-0.0022510495,-2.0205709488,0.0708814603,0.1020408163,0.6935733105,9.0,7.0,3.0107221393,0.3900357886,2.1022828536000002,0.1910287695,-3.282035145540136,-0.0237894469,0.1388888889,-2.6093628579,-0.7458695753,0.0,5.3201349372,3.0559045437,0.20199906250000002,2.1582092535,-1.070541321,0.2,3.8243251091,237.0,2.3916188301,0.3492235958,5.0,0.6456787109000001,0.001216428,0.9321578979,0.0020604176,0.6666666667000001,0.33333333330000003,-1.2591628069,63.5,0.0833333333,2.4820162225,0.38192788040000003,1.7328753636,130.5,0.0476190476,-0.5960604820000001,276.1666666667,2.6809757114,0.3190916058,1.0546070268,9.0,54.5,12.8276882902,0.5183559407,16.0,2.0547428747,0.4040847744,1.6653312896,0.0034287275,4.0145758357,0.40466640140000004,1.7800416079999999,8.5,0.1357142857,-0.7250133452,85.0,0.0450793571,0.011351909200000001,0.6931471805599453,129.0,181.0,23.0,3.2619794304,0.3216511232,1.073840408,-0.49013639540000004,6.7,6.7,322.3333333333,2.6685002905,0.3190957686,-0.0646083755239987,303.3333333333,0.5,1.8750211721,0.30880418369800017,1.9335768536,0.006778234100000001,0.11190476190000001,67.3333333333,40.1899647887,1.0,2.5098461375000003,0.3465301959,1.7973380915,-1.3521289167,0.2106385633,0.3379657971,2.0135654004,0.3525493971,1.4291210932,-0.3663408128,-0.8785164806,1695.0433333333,4.0,9.0,3869.9166666667,0.1709229863,0.31665951940000003
s242,0.8224522103,0.0316529234,1.6891228354,2.0,47.0588235294,0.4333333333,18.1764705882,0.4333333333,-0.9395365505000001,-1.7144184745,2.7460650309,0.39004070900000004,1.7060496259,-0.545035255,0.7012517123,-1.1414322108422907,-1.9106471390181363,-11.074993166724562,-7.449222429257438,3.8766694095,0.30011809100000003,1.5655892951000001,0.5,0.1666666667,9.875,0.1791666667,2.0,-0.010833333300000001,-0.7916666667000001,26.3913043478,-0.0040592168,1.0,-0.0007965616,-2.823782235,0.044252994000000004,0.2244897959,0.8001805258,7.5,7.7,1.7204958414,0.340409157,1.7573073211999999,0.3240022432,-1.1838530054385588,-0.0134204835,0.0833333333,-0.0103886264,1.1650196793,0.2325714847,4.8549919679,2.9752315381,0.004180905,2.6191517599000003,-1.0170844173,0.1714285714,3.9312389163,126.0,59.8991114415,0.8568707964000001,6.0,0.7067312002,0.0019359356000000002,0.999609375,0.0021234891,0.5277777778,0.7407407407000001,-1.2727293667000001,-60.0,0.1764705882,1.8233435977,0.4466688244,1.5934994455,-423.5,0.0666666667,-0.1162469299,340.07333333334117,2.8914653157359993,0.307024159039,1.408347901696,24.315,60.975,7.2865229484,0.3186551047,10.0,2.0279227022,0.3986493014,1.8748073083999999,0.33228916740000003,2.8233058925,0.3723000064,1.9796903810000002,43.5,0.1071428571,-0.7183220528,189.0,0.1077552424,-0.1035087719,0.0,85.0,159.0,25.0,3.7554884328,0.3146316427,1.0037929018,-1.4263796004,7.0,5.9,326.454999999999,3.208602719061999,0.32718956176800007,0.4111773300405392,284.625,0.5224444444469997,3.0363369585,0.2491891797,1.5537342925000002,0.0013716226,0.0642857143,72.0833333333,28.1749644381,0.65,1.6597620270000002,0.36372217570000004,1.4768265151,-0.45795096360000004,-0.18250922020000002,-0.0839662052,1.8607133767000001,0.3248993181,1.6576294892,-0.1466519856,-0.8060727158000001,1741.6019230769,33.0,6.0,3143.4166666667,0.42988741540000003,0.39993444040000004
s243,0.9885135417,0.0389164714,1.3335006597999999,1.55,25.12,0.1666666667,15.6666666667,0.2,-0.46882249810000004,-1.2415599559459995,0.7876808853,0.3976722824,1.3432428949,-0.1787028272,0.37125171230000004,-2.127826308673808,-1.594853010095019,-7.687995948993757,-6.009752069156003,3.5057953641,0.3108596448,1.6457341846,0.5,0.33333333330000003,8.375,0.10416666670000001,2.0,-0.0058333333,-2.125,5.375,0.1081597573,2.0,-0.0100736097,-1.5576339737,0.009629694500000001,0.1304347826,0.5309463363,5.6,4.7,0.7308248326,0.3473420243,1.4095994622,-1.7582909844999999,-2.3130066125421154,-0.016044345800000002,0.0555555556,-3.9993670619,-2.136758128382001,-0.47867905676299993,2.9933006081220004,1.9828714224000001,0.3584089487,0.8570418653,-1.070541321,0.2,3.8243251091,163.0,10.925098711,0.2565783653,8.0,0.7787796021000001,0.0018758941000000002,0.7458308220000001,0.0020143552,0.5555555556,0.037037037,-1.8251189066,-329.0,0.5,1.5181783401,0.4328209442,1.3804307591,-705.0,0.2142857143,0.0907120398,260.1666666667,3.5134941279,0.3647980463,1.1538703457,-9.0,47.5,23.3196956747,0.5219628389000001,4.0,0.9509133016,0.43385836310000003,1.5747679528,-0.2814445199,2.2201140274,0.42184604280000004,1.6167005929,14.0,0.09642857140000001,-1.8283696997,79.0,-0.0053510757,-0.1259029928,0.6931471805599453,117.0,148.0,25.0,4.7598486127,0.24829185350000002,1.8291107029,-1.4781674954000001,7.0,5.7,346.6666666667,2.6722736069,0.3301944349,0.27136924633423615,241.625,0.5111111111000001,4.3113734648,0.30624679190000004,2.2387112561,0.0050529817000000005,0.0142857143,-33.25,12.979117499800001,0.0,2.0914183398,0.29082464480000003,1.7592510261,-1.1028267667,-0.3235737338,-0.4419783463,0.4975761708,0.1423519068,1.7651339527,-0.2526400931,-0.2559758587,1890.5152380952,6.0,7.0,4640.0909090909,0.1992181516,0.509598325
s244,0.6900270068000001,0.0618807621,1.6072098342999999,1.55,12.8,0.1666666667,4.8965517241,0.033333333300000004,-0.1655124889,-1.4078551356,2.5697037469,0.402290248,1.6530847913,-1.2340335622,0.34998030820000003,-2.51860510457201,-2.8287677615177174,-6.852401653905202,-5.836397030561129,3.9469640663,0.29637760700000004,1.4208255473,0.33333333330000003,0.5,2.9166666667000003,0.0083333333,0.0,-0.0003333333,0.0833333333,3.6666666667000003,0.04,2.0,-0.0044,-2.1142857143000002,0.5505107832,0.2857142857,0.247446084,7.7,7.0,2.5148387481,0.4896694641,2.4128111212,-0.2712008165,-4.187146409125341,0.014326522900000001,0.4166666667,0.7247637085,3.2720334804,0.1910395678,4.9380558016,4.0160979459,0.1807881439,2.7957867601,-1.070541321,0.2,3.8243251091,159.0,25.7627506452,0.3968411315,9.0,0.6640334487,0.0006344755000000001,0.6184956789,0.0007189592,0.5277777778,0.48148148150000003,-0.9749550156000001,-15.5,0.5,0.6232216524,0.3491016367,1.638924034,-38.5,0.4,-0.34114496110000003,410.8333333333,2.4220905763,0.4185334029,1.3526951801,-1.5,-4.5,-17.2030284015,0.6213461987000001,6.0,1.3131278777,0.4723332814,2.1747193596,-0.5844950422,1.9201395975,0.3019913622,2.4732358029,-14.0,0.0935251799,-1.4678010213000001,99.0,0.043864754400000004,-0.2058823529,0.2807923632936694,99.0,131.0,15.0,3.5674451393,0.32651124740000004,1.6166965983,-2.2653738366000002,5.1,4.6,402.6666666667,3.4115858046,0.37442429580000003,0.4428387835883698,312.0833333333,0.5166666667,4.3106613298,0.36219665640000004,2.1412292772,0.008253464,0.019047619000000002,28.1666666667,54.9837961293,1.0,2.3895463791,0.3439908366,2.5725496850000003,-0.8477752756,-0.32787547110000004,-0.0907162611,2.0763721405,0.3802115904,1.6762310934,-0.1352217192,-0.3118540413,3736.8229166667,0.0,8.0,3830.8333333333,0.7931470495,0.2192708451
s245,0.7286544284,0.0263889466,1.8136712374,1.75,33.3333333333,0.2,20.0,0.33333333330000003,0.016142905500000002,-0.938597125,2.6367243211,0.4260773681,1.1840462306,0.1501483276,0.3335239726,-1.4231146697426762,-3.237062463777235,-7.043377999766879,-5.611717956317198,3.1869591346,0.2850231213,1.5883984301,0.33333333330000003,0.33333333330000003,8.4166666667,0.025,1.0,-0.007666666700000001,-3.0,7.5416666667,0.007269503500000001,0.0,-0.0025106383,-0.40602836880000004,-0.1834001119,0.061224489800000004,0.6475751883,7.3,6.2,2.6825365598,0.45334452750000004,2.3709644645,0.367366226,-1.0998686021995798,-0.0237628427,0.0833333333,-3.0858947201,-3.4463822713,-0.8199956179000001,3.6801437014,1.8766806803,0.0062696327000000005,3.1851258587,-1.1195720593,0.22857142860000002,3.7262636324000002,203.0,59.8991114415,0.8568707964000001,6.0,0.7927370071000001,0.0018150355000000002,0.8665315628,0.0018667416,0.47222222220000004,0.33333333330000003,-1.584555649,32.0,0.6666666667000001,1.0208732287,0.4071882062,1.4999410137,-58.5,0.11764705880000001,-0.0481924524,350.6666666667,2.9605943408,0.367080385,1.5932430831,28.5,37.5,3.7717970032699997,0.4928027137,9.0,1.4984109876,0.660225959,2.0995844027,-0.22531821300000002,2.4185852993,0.2515536519,2.6454042517,81.0,0.11870503600000001,-0.8578601798000001,109.0,0.1072180175,0.2518059856,0.6931471805599453,113.0,145.0,22.0,2.5685443985000003,0.2932398278,1.7999719396,-0.4675161029,5.8,5.5,401.5,3.2036976964,0.3689105501,0.5483430038400218,282.5,0.5333333333,2.3710919806,0.1826705476,2.2730826239,0.008726887400000001,0.0714285714,-19.6666666667,-2.2586956522,2.0,1.57529077,0.2716287,1.9059854688,-0.9811568108000001,-1.064325352,-0.7075473501,1.1681930302,0.11453994240000001,2.2271045757,-0.1619588011,-0.3706706213,3385.0681818182,-2.0,11.0,6122.25,0.44441035900000003,0.2999297584
s246,1.102409731,0.1306565439,1.8746302932,2.15,18.1481481481,0.1,9.1304347826,0.2333333333,-0.1382872546,-0.6314956221,3.5764343089,0.3001528248,2.421119709,-0.3896765278,0.4690453767,-2.323478212060304,-3.320675335658825,-7.7756190078599925,-4.1361206867796865,4.498268082,0.23571931880000002,1.7374070189,0.33333333330000003,0.33333333330000003,14.0,0.15,1.0,0.001,-2.5,8.75,0.1921763869,2.0,-0.0043072546,-2.5078236131000002,0.1002288358,0.1428571429,1.0565551406,9.2,5.3,2.1142299683,0.42205075270000003,1.8052491163000002,0.5835639339,-1.5407908820099423,-0.0137796557,0.0,0.8736301809,4.6691550826,0.0,5.3201349372,3.6524663124,0.07960299030000001,2.2069803479,-1.2890129854999999,0.3428571429,3.38738178,206.0,25.7627506452,0.3968411315,9.0,0.6718950272,0.0012660045,0.8695106506,0.0018534339000000001,0.6388888889000001,0.2222222222,-0.9465235579000001,-104.0,0.2,1.5507991968,0.34194340700000003,1.8587362153,-160.0,0.2307692308,-0.6365775462000001,285.3333333333,2.6025708565,0.297237988985,1.5409261274869999,14.0,218.0,0.21205185274399996,0.4588583835,11.0,1.9668677415,0.3674638919,2.2669267637,0.0513516092,2.3213844141,0.3818501626,1.6886425141,-46.0,0.1465201465,-1.0014887399,135.0,0.07271023800000001,0.0670794634,0.6931471805599453,87.0,145.0,17.0,2.7557104542,0.2734328421,1.1759020938,-1.7561464439,6.0,5.7,281.8333333333,2.4548925518,0.3277881076,0.6467492330696715,294.5833333333,0.5333333333,2.6392088092,0.3174269415,1.4669730022,0.0048730133,0.1571428571,22.8333333333,34.0520353303,0.0,3.5249153358000003,0.3937102384,2.5107932321,-0.7911862144,-0.4946223933,-0.401209185,1.6111996313999999,0.29976953910000004,1.4089060618,-0.6997629105000001,-0.32631569520000003,1911.9964726631,26.0,4.0,2954.9166666667,0.811333595,0.1154456363
s247,0.6128837385,0.0235177832,2.0057035644,1.7000000000000002,21.8571428571,0.30000000000000004,10.6153846154,0.1333333333,-0.693612073,-0.4163931912,2.3389221895,0.3692320992,2.625027283,-0.5234832382,0.42239897260000003,-0.29236195577645363,-2.1069957792762453,-7.034351688572229,-7.376691318304846,2.1147290163,0.2747405341,1.8547635370000002,0.6666666667000001,0.0,14.0833333333,0.1166666667,1.0,-0.0003333333,-2.4166666667,8.7916666667,0.1561028771,2.0,-0.0025248474,-3.4442022668,0.0460325441,0.24489795920000001,-0.2920135866,9.9,9.1,1.5917577741,0.4428078273,3.0014195562,-1.7576622988000001,-3.767685706846367,0.0100694318,0.4166666667,-1.9679557387340003,-1.1128213151089996,-0.4376671000949998,3.286145444022,1.9640201006520013,0.170181936304,1.991618097381,-1.1652624446,0.2571428571,3.6348828618,185.0,10.925098711,0.2565783653,8.0,0.6808022022,0.0005974819000000001,0.6633827209000001,0.0007172214,0.6388888889000001,0.6296296296,-0.49585556300000005,-25.0,0.2857142857,1.2920841132,0.446045413,2.0696323998,-242.0,0.0625,-0.637264021,436.5,3.3733001283,0.38807670720000004,2.0870524674,95.0,22.5,7.7327001337,0.8232654457,2.0,0.7737516873,0.7174175785,2.4758977127,-0.4382951289,2.3960581801,0.5222107751,1.9314889707,8.5,0.10027822123199998,-1.3605959414,105.0,0.035366636300000004,0.1859649123,0.0,88.0,149.0,23.0,2.0947171144,0.31697177600000004,1.9634638665000002,-0.4190305622,5.4,4.9,368.3333333333,3.0773499767,0.36886569300000005,0.9212767581601656,312.7929166666629,0.48888888890000004,1.8200653087,0.21968057130000002,2.324602681,-0.0021034937,0.1,-19.1666666667,142.879214682,0.0,2.6442670856,0.4328564783,2.471648584,-0.8949641119,-0.4278218298,-0.3048198035,1.030744492,0.1625669352,2.117111606,-0.3416375524,0.240413481,3559.59375,-2.0,8.0,5543.5,0.8646579225000001,0.5645966055
s248,1.3512267889,0.1716372336,1.2726499856,2.15,30.0,0.4,12.5,0.1333333333,-0.7744252478,-0.8635476663,3.6237052522,0.29400426690000003,2.0336736886,-1.5978831235,0.3033219178,-1.1840806473775245,-3.24204455659254,-5.786579634853478,-5.194627864255711,3.8393849124,0.2548021679,1.5803274589,1.0,0.0,4.5833333333,-0.0083333333,2.0,-0.002,-1.0,10.875,-0.1152103231,2.0,-0.0005344442,-4.4089615932,-0.040739815000000006,0.20408163270000002,0.7328167958,7.6,7.5,2.0962582466,0.4546105501,1.8528786275,-0.31917654994499994,-5.8685764843049535,0.0018416014000000001,0.8055555556,-0.5823599446000001,1.3916293826000001,-0.24725917520000001,3.4966902426,2.0007238599,0.09013079040000001,2.0074312865,-1.1652624446,0.2571428571,3.6348828618,215.0,1.2928725743,0.0438060331,4.0,0.7910690308,0.0015205837,1.0,0.0016237086,0.6944444444,0.4444444444,-0.6428655685,125.5,0.0833333333,2.1298607537,0.3859915504,2.2308302916000002,-180.915,0.0,-0.0848807317,321.62833333333396,2.893637370603999,0.29671326095399997,1.5156306343919994,13.92,64.79,7.3007587528,0.595854894,18.0,1.7023385566,0.6433331394,2.2976423812,-0.2310868895,2.534904014,0.3805824897,2.5610061760000002,81.0,0.0785714286,-0.4020668651,109.0,0.0782422371,-0.1403508772,0.0,111.0,160.0,21.0,3.8415382309,0.2858867254,1.3558818871,-0.4676633646,6.3,6.7,297.5,4.4111458209,0.2912877528,0.7705962140898963,311.0,0.5277777778,2.4133541872,0.2887172163,1.3884055266,0.0040382116,0.059523809500000004,26.6666666667,68.9843619465,1.0,2.18454932,0.3045767511,2.4524116619000003,-0.514607432,-0.79311842,-0.175006985,1.7727081159,0.2950017689,1.7711264174,-0.0846535321,-0.370432456,1846.0330952381,19.0,8.0,2813.0,0.4811372021,0.37829009999999996
s249,0.7474141076,0.0809249352,1.6628707568,1.6,32.6086956522,0.2333333333,27.8095238095,0.30000000000000004,-0.5297629853,-0.57860734,3.0401950956,0.48326925540000004,1.7712139849000001,-0.9939234914,0.4276952055,-1.5167073333041523,-1.557066432172891,-9.01921765922916,-5.545411839948034,2.4633432748,0.29185167430000003,1.6616914684,0.1666666667,0.5,0.9166666667000001,0.033333333300000004,0.0,0.0003333333,-0.33333333330000003,9.4782608696,0.0779343926,0.0,0.0013213737,-0.7813941568,-0.145257655,0.08163265310000001,0.0851381628,6.9,7.7,1.2647363355340002,0.44135906562899996,1.8484107013779998,-0.8904038807540001,-3.2149653507482427,-0.0212374162,0.2222222222,-2.4055019168,-1.683346105,-0.5982013422,2.1739555066,1.5611474048,0.23391315780000002,1.4835266078,-0.834575315,0.3428571429,2.4785064390000002,139.0,-31.6061405541,0.3994728374,2.0,0.6691241281049999,0.001311642106,0.7952271938300001,0.0017043812250000009,0.4969444444500001,0.37037037040000004,-1.0053592724,-233.0,0.5,0.9546706261000001,0.5399634675,1.7149359755,-19.0,0.2666666667,-0.3449348411,373.950000000006,2.3612195158080014,0.32486034622999993,1.4610371048730002,32.43,54.02,-0.5041917566400004,0.7598480068,3.0,1.2880067766,0.5089453649,1.8699638568,-0.6000312197000001,2.7302606112000003,0.5062646393,1.7030712623,-17.0,0.10300429180000001,-1.9356152664000001,59.0,0.019833789,-0.10294117650000001,1.0986122886681098,87.0,122.0,18.0,1.3845310572,0.2134484546,1.9609132526000002,0.3165098542,6.5,4.9,379.0299999999929,2.396448075891,0.3555460367020001,0.4612725778383041,325.37916666666706,0.5357222222249995,2.254111052207999,0.3400382839790002,1.7331307847259998,0.0060644073619999985,0.091214285717,23.834999999992007,26.435403782942984,2.0,1.8069689659,0.4641861621,1.4681009619,-1.3106400016,-0.1031984395,0.3860162194,0.844009702,0.1380681253,2.0993723798,0.2203425037,-0.2069436698,2797.0458333333,14.0,4.0,3806.1666666667,0.20749439590000002,0.49488984210000003
s250,0.9830058039,0.0231097299,2.0093734329,2.1,35.0,0.33333333330000003,28.5,0.33333333330000003,-0.4151808127,-1.4127778123999999,3.4731166413,0.4032549975,1.7492808547,0.0072574108,0.3027328767,-1.8025261264269279,-2.0560929655605023,-8.289624246616338,-6.4746008820744665,5.2817319699,0.2984764942,1.0810262543,0.33333333330000003,0.6666666667000001,8.1666666667,-0.0166666667,1.0,-0.0006666667,-1.5833333333000001,20.7083333333,-0.10541666670000001,1.0,0.0006833333,-1.6291666667,-0.1257452575,0.0434782609,0.26090785910000003,7.8,6.9,2.8414296681,0.3779115792,1.8327815537,0.4220544565,-2.7554411521770064,0.008499943000000001,0.4444444444,-0.1795302845,2.69445645,0.0,5.3201349372,3.3536405907,0.27943601630000003,1.6143011878,-0.8075379761,0.0857142857,4.3503317988,236.0,25.7627506452,0.3968411315,9.0,0.6093222618,0.0007242214000000001,0.6956820011,0.0009008121,0.6944444444,0.5185185185,-0.9197570684,-24.0,0.1111111111,1.9083618007,0.4072256213,1.4221820103,-1.0,0.1111111111,-0.2243433562,325.69000000000204,3.066333351701999,0.3221520804960001,1.5979673348920005,19.945,73.29,-5.4271079008,0.3425248463,9.0,2.40018478,0.3935422784,1.6916018471,-0.7721790654,3.1640137919,0.3910966839,1.2591834256,-12.0,0.08214285710000001,-1.8787595541959998,144.0,0.0469815176,-0.1280701754,0.0,105.0,169.0,23.0,2.9628295514,0.2840416642,1.3626283584,-0.488799413,5.1,4.3,285.0,3.4731120079,0.3508711566,0.6226226542955974,279.75,0.4944444444,3.3270312779,0.3160701822,1.4551951334,0.0076205717,0.038095238100000005,43.1666666667,61.3439992026,1.0,2.5205130185,0.3383777542,1.2864473738,-1.2979744598,-0.2445870866,-0.6109606798,1.6468440161,0.3434590965,1.4203729565,-0.26764061370000003,-0.4707164218,2652.5729166667,3.0,7.0,4887.9166666667,0.1996709855,0.1804497997
s251,1.1326346463,0.0807392267,2.2400237838,2.9,44.8095238095,0.30000000000000004,28.0,0.4,-0.3473743908,-0.22700033990000001,3.5340501048,0.34419759637600017,2.090095400828001,-0.6319145945,0.9437585616,-0.9676741529545729,-3.298134022849953,-9.91046785828356,-6.4138365954637235,1.4659091027,0.2410818166,1.4747305836,0.5,0.1666666667,10.875,-0.12916666670000002,2.0,-0.0061666667,-0.5416666667,18.0833333333,0.027963272100000002,1.0,-0.0006452421,-4.1245826377,0.6811150138000001,0.2916666667,-0.0958074882,10.0,7.8,1.7318735556,0.3071481066,2.4305833448,-1.4037896664,-2.8321764468200077,-0.017001261400000002,0.0833333333,-4.1381937462,-3.9159858462,-0.169560331,2.6398194227,1.3519321084,0.0062702591,2.2140082607,-0.8893284577,0.11428571430000001,4.1867508355,129.0,0.0331595576,-0.6040336065,3.0,0.7723266602000001,0.0011612841,0.9722045898,0.0019987881,0.5833333333,0.6296296296,-1.3581563551,229.0,0.3076923077,1.3292534565,0.3613081866,2.0723167634,314.0,0.1666666667,0.006862253400000001,342.73000000000405,2.4080359733490018,0.303766310257,1.484399296686001,28.65,61.39,2.11920807189,0.5018054959,9.0,1.3248342628790002,0.474581891629,2.0803237897169997,-0.3024362701600002,2.243889822951,0.393829819779,1.8848537707050002,2.92,0.09904055191500001,-1.1990336410240003,170.0,0.0551811293,0.040247678,0.6931471805599453,81.0,135.0,21.0,2.0489114593,0.3086322056,1.2973357986,0.1735080533,6.0,5.3,434.8333333333,1.7061083723000001,0.317574931336,0.5577182407309311,173.75,0.5277777778,1.9574148867,0.25785038,2.2975441083,0.0010890552,0.054761904800000004,65.5,-76.2004946628,0.72,1.5211381382,0.3416469965,1.8666382469,-1.0186245992,-0.5911860063000001,-0.016606250200000002,0.7821622496,0.1360454386,1.7583165623,-0.4121344959,0.0605110208,1981.3333333333,16.0,7.0,2612.9166666667,0.3357705847,0.3928724833
s252,1.4197070314,0.1062641347,1.5537359956999999,2.05,34.6666666667,0.4,29.4285714286,0.30000000000000004,-0.4890217993,-1.1691681269,3.5019802886,0.2885563572,1.9576705251000002,-0.21238456020000002,0.5187517123000001,-1.8867289537955936,-1.193144090057528,-7.569369490745442,-4.7135871233030775,5.1804050903,0.25440217200000004,1.4157187346,0.6666666667000001,0.1666666667,18.5,2.6367796829999996e-16,1.0,-1.2143064330000001e-17,-3.5,20.25,0.034751773,1.0,-0.0036099291,-4.170212766,0.286849711,0.27083333330000003,0.8956647399000001,9.0,7.8,3.1530918412,0.3498231921,2.1988268827,0.4772348903,-2.92525856118665,-0.0159908891,0.1111111111,0.13812938500000002,0.5610880599,-0.5794907613,4.1611534147,2.9524192303000003,0.0248398207,2.2870030965,-1.2083775268,0.2857142857,3.5486526974,214.0,59.8991114415,0.8568707964000001,6.0,0.8268922806000001,0.0016332462000000002,1.0,0.0018927050000000002,0.6944444444,0.2962962963,-0.9748538865,-48.0,0.1428571429,2.2346323178,0.3686868191,1.4265491587,9.5,0.058823529400000005,-0.20472992180000002,289.6666666667,2.4309482294,0.24560037,1.0554581497,5.5,20.5,-5.5138714057,0.2481242572,13.0,2.2924405583,0.36696115700000004,2.0962821819,-0.38604197030000004,3.6982489376,0.3671416259,1.4062143029,6.0,0.07194244600000001,-1.9563827831,140.0,-0.0067340867,-0.0754385965,0.0,80.0,127.0,25.0,4.4133846961,0.251332084,0.9562403176000001,-2.2300794329,5.9,5.7,339.6666666667,2.5743204645,0.27008016300000004,0.10130907928172639,232.8333333333,0.5111111111000001,3.7677548307,0.3184462957,1.3202591707,0.022870170500000002,0.0476190476,20.3333333333,8.3838951311,0.52,2.1462970034,0.3446606304,1.0511726258,-1.2914053116,-0.30730416380000003,-1.0287841481,1.9745892974,0.0911423408,2.1761512657,-1.2257416295,0.5435500175,1422.7333333333,6.0,11.0,3613.25,0.8536111961,0.1572729901
s253,0.8151822753,0.0222885825,1.604053021,1.4,20.3846153846,0.1333333333,9.8076923077,0.1333333333,-0.669881245,-1.4591022484,2.136174838,0.4605506943,1.3673589333,0.1080910179,0.0326412671,-3.4589643599339976,-3.3694797211417424,-6.81753117179607,-4.619184774134221,1.8105509376,0.33048088200000003,1.3906782988,0.1666666667,0.1666666667,6.5833333333,0.058333333300000005,1.0,-0.0106666667,-1.0,8.3333333333,0.0294452347,0.0,-0.0010981508,-0.4865880919,-0.008767398000000001,0.2653061224,0.9011122592,6.0,7.0,1.1188299546,0.47022292390000003,1.4365073596,-0.7752565385,-1.5412447213396332,-0.016181928800000002,0.0,-4.0800065853,-2.9660751823,-0.0558978981,2.412494557,1.389833142,0.0739493343,1.8064609863,-1.0437196499,0.3428571429,2.8967951089,120.0,46.0626954627,0.8291899447000001,10.0,0.6265415192,0.0019889314,0.6721925735000001,0.0023814532,0.5833333333,0.0,-0.7393067320000001,-89.0,0.2666666667,1.3111233516,0.4209879964,1.1594080167,-421.0,0.25,-0.4044253446,301.0,1.5296787714,0.30315485123899977,1.9995651579,-22.0,-23.0,-0.7454782408,0.24498028600000002,4.0,0.7835934239,0.412652964,1.7130296969,-0.9444225611,2.6105475024,0.4112408444380003,2.4552169688,14.0,0.0693430657,-1.5432396909000001,20.0,0.0214739948,0.2776057792,0.6931471805599453,92.0,117.0,22.0,1.9386100261,0.4090555907,1.7837339598000002,-0.1312981434,5.5,5.2,454.8333333333,2.2260138793,0.2773306636,0.4192708397196667,295.83874999999995,0.5317222222279996,2.3825966818360005,0.31594717908400005,1.7638744561240003,0.006398208865000001,0.08307142856900002,28.589166666663996,33.401668310339005,0.0,2.767034691,0.45386864590000003,1.7782229387,-1.5626115696,-0.22173262640000002,-0.5639836146,1.1442134277,0.20172648640000002,1.8227664677000002,-0.1987245825,0.3020399238,1982.4696428571,17.0,5.0,2343.3333333333,0.20045484060000002,0.2137540243
s254,0.9435526970000001,0.3549338338,1.4061274581,1.1,24.8846153846,0.1333333333,11.3333333333,0.2,-0.0020178519,-1.0541412840769995,0.7399502617,0.37554530620000004,1.2665938856,-0.8173407698,0.2474417808,-2.206201392346745,-2.209940355053118,-6.26280235767823,-5.752970681033923,4.9860878281000005,0.30303861660000003,1.8748833277,0.1666666667,0.6666666667000001,5.4166666667,0.0166666667,2.0,-0.0056666667000000006,-1.5833333333000001,9.125,0.160418483,3.0,-0.0105893636,-3.2545771578,-0.058607607400000004,0.0204081633,0.2919048088,8.6,8.1,2.0826213754,0.42030570710000004,2.6522213637,0.0746588105,-4.404074578086746,0.0065308856,0.5277777778,-1.5939912418,0.5073179369,0.1910395678,4.9380558016,3.1757385774,0.19607849530000002,2.429275459,-0.8893284577,0.11428571430000001,4.1867508355,234.0,2.3916188301,0.3492235958,5.0,0.7095755577,0.0011151963,0.7676273346,0.0011829923,0.5555555556,0.5555555556,-1.9615849233,-4.5,0.327202821021,0.9293459943000001,0.4416799279,1.5920084562999999,-39.0,0.11764705880000001,-0.0035078947,300.89833333332996,3.15557459099,0.31479932722299986,1.762380922148,12.235,87.205,19.1029564037,0.5271617541,10.0,1.6376607077,0.5222274880000001,2.2338766481,-0.6134816499,3.2288717188,0.4043117053,2.3644133677,92.0,0.09285714290000001,-1.1474166631,152.0,0.0763745859,-0.1263157895,0.0,83.0,146.0,17.0,4.4743430742,0.2273023298,2.6571283305,-1.3585468303,7.1,5.7,228.5,4.424805516,0.34440025900000004,1.0162749132766573,234.5,0.5222222222,3.863715584,0.35849864610000004,2.2055560921,0.0078036971000000005,0.009523809500000001,18.3333333333,49.7169766783,0.0,3.7356999437000002,0.30424374,2.6008915185,-1.542733733,-0.6804612417,-0.5925456894000001,1.4930994984,0.37926963900000005,1.9492002824,-0.5781432751000001,0.1807194255,3319.90625,-1.0,8.0,4981.0833333333,0.8247236919,0.4561153035
s255,0.6042900599000001,0.11983656990000001,1.3798799556,2.1,38.1363636364,0.2666666667,18.9047619048,0.30000000000000004,0.054886001600000005,-0.9516231025,2.6888705916999998,0.3993639097,1.2875750493,-0.7677454442,0.9687517123,-1.2132374253816764,-2.2235522531375262,-12.343038500603331,-12.376410297021453,5.2398687996,0.31919180750000004,1.2284772023000001,0.5,0.1666666667,23.25,-0.1333333333,1.0,-0.001,0.25,22.3333333333,-0.0057142857,0.0,-0.0004,0.1,0.057255480600000005,0.48979591840000003,0.1879301043,8.2,6.1,1.6536595622,0.4704748452,1.8038737514,-0.509501451,-7.946334556094774,-0.010142033200000001,1.0,-2.5852646548,0.7385924866,0.4847229195,4.3506890982,2.5891481070999998,0.1481117674,1.6005767613000002,-1.2890129854999999,0.3428571429,3.38738178,221.0,0.45206584250000004,-0.1827498846,3.0,0.6008259177,0.0009255409000000001,0.6398802757000001,0.0014787046000000002,0.5277777778,1.0,-1.8591928361,-100.0,0.2105263158,1.5682188807,0.3865276671,1.5300854476999999,-368.0,0.3846153846,-0.1417606602,324.3500000000031,3.0115169143169997,0.3267416614050001,1.5365898856339992,14.36,70.285,2.5053098666,0.4522739832,7.0,1.5461862914,0.4932302029,1.5712910612000002,-0.029736080300000002,2.739745974,0.4015395788,1.6017486209,13.5,0.0785714286,-1.8323731982,152.0,0.055179573,-0.0543859649,0.0,86.0,150.0,17.0,3.1806341457,0.2778045154,0.9336176796000001,-1.1557797237,5.9,5.5,273.3333333333,3.2464922207,0.3269188524,0.07208198547084266,234.0,0.5222222222,3.6815217324000002,0.3654247614,1.4003909789,0.017648280500000002,0.054761904800000004,29.6666666667,18.3743715989,0.0,3.6385407147,0.2982790709,2.5264752461,-1.2762344348,0.1031508097,-0.419321141,1.5866840345000002,0.36110580870000003,1.5052350741,-0.6687398004,-0.6043108253,2176.8333333333,-8.0,8.0,6031.8181818182,0.8730431073,0.1673504985
s256,1.3420853721000001,0.1729016019,1.4603050569,2.15,26.0869565217,0.2333333333,16.6666666667,0.4,-0.3300870282,-0.4078439975,3.38659135,0.32372213180000003,1.9343632267,-0.8564442947,0.051542808200000005,-3.1689040376617497,-3.312885480970204,-7.375593973700334,-4.211608321225945,3.634109923,0.26327298050000003,1.3681734877,0.5,0.33333333330000003,11.2916666667,-0.0208333333,2.0,-0.0038333333,-4.2916666667,15.7916666667,-0.08331255200000001,1.0,0.0020008313,-1.7331670823,-0.3489970652,0.0,0.9687648795,7.4,11.0,1.9682576617,0.2046587159,2.6549605545,-0.7267505151,-5.101539835990965,0.0073142253,0.6111111111,-2.5817290596999998,0.3861764017,0.3298219498,4.6604910377,2.6265098661,0.0520384936,1.8810631087,-1.0170844173,0.1714285714,3.9312389163,207.0,7.6113128603,0.3752535483,7.0,0.6789369583,0.0012799174000000001,1.0,0.0015110719,0.8055555556,0.2962962963,-1.0055259033,-440.5,0.2727272727,1.9597291216000001,0.4124063495,1.5848864054,142.0,0.0,-0.6231521026,270.1666666667,2.9151789398,0.2484813036,1.6178153557,38.0,60.0,-17.5455109873,0.539659906,11.0,1.3923018538,0.4482790002,1.7927140053000001,-0.2577458419,2.9280765925,0.3586336574,1.6455089552,-15.5,0.1397849462,-2.4832490079,76.0,-0.0021755177,0.2105263158,0.6931471805599453,118.0,142.0,22.0,5.1984842507,0.27191896520000003,1.8257576921,-0.8003541074,6.8,8.0,270.6666666667,4.5227189121,0.28477743980000003,0.6595549387774473,253.0833333333,0.5111111111000001,3.259970097,0.34164260220000003,1.6722780662,0.0100024669,0.030952381,-0.5,-19.246482684,0.0,2.4147203696,0.2939177906,2.0314879833,-0.844039286,-0.42879446190000003,-0.8037710485,1.4674915020000001,0.0545656772,2.248475946,-1.3212822127,-0.7270714091,2412.512962963,3.0,7.0,5140.5833333333,0.6947727811000001,0.4105500133
s257,1.5568646414,0.303558431,1.0859641131,2.1,39.0,0.30000000000000004,33.6111111111,0.4,0.0002003525,-0.3972187039,4.9115491702,0.334420233,3.0069118075,-1.056911712,0.3312071918,-1.788900546245689,-2.612452079575264,-5.577880487068067,-6.117116889700621,4.3269906329,0.2756926896,1.8725687835,0.33333333330000003,0.6666666667000001,14.0,-0.033333333300000004,2.0,-0.0136666667,-5.8333333333,13.625,0.0907738095,2.0,-0.007702381,-5.2172619048,-0.1192361645,0.1632653061,0.614073035,8.4,8.3,3.0243731298,0.3542441505,2.2112316228,0.7800240423,-0.7668678074338446,-0.0236660473,0.0555555556,0.7884178498000001,1.6130159199,-0.7746479260000001,3.7708390853,3.0025620125,0.2289768328,1.7738884065,-0.7625664513,0.11428571430000001,3.9332268227,227.0,2.3916188301,0.3492235958,5.0,0.7026416779,0.0017158965000000001,1.0,0.0022368450000000003,0.7222222222,0.18518518520000002,-0.6929997999,-207.5,0.2608695652,1.3960897723,0.41809629538900006,2.5907549302,-135.68,0.0,-0.3258511989,326.8333333333,2.2588721046,0.3649121605,1.3927853572,-12.5,107.0,4.5499394272,0.6192823352,11.0,1.5481275168000002,0.44282357980000003,1.8468665746,-0.1567228312,2.7973622866000003,0.4463677426,2.0997354409,74.5,0.1214285714,-1.3377717587,157.0,0.010684818300000001,-0.101754386,0.0,71.0,133.0,24.0,3.0204387609,0.2680085078,1.8047306854,-0.7304317302000001,6.6,5.5,271.6666666667,2.9933069019,0.3649123428,0.7157625467280374,287.1666666667,0.55,3.1828010536,0.4071854863,2.0564121303,0.008123784200000001,0.019047619000000002,52.0,62.8527546715,0.0,2.9072741278,0.3795984814,2.0961510296,-0.9383351539,-1.3920550253,-0.6521101508,1.3748893963,0.3126110858,1.7038470473,-0.3738950212,-0.5650921704,1564.6666666667,0.0,11.0,4202.6666666667,0.7587396005,0.3909664543
s258,1.6079335536000001,0.3065642732,1.1831953563,2.2,35.7272727273,0.2666666667,10.9565217391,0.2333333333,-0.2594026202,-0.9988008534419995,0.6635840891,0.3375967492,1.2321658356,-0.1965654605,0.5413270548,-1.8793451081654278,-1.20180620343496,-6.796012761689053,-4.022353260922129,4.2805176774,0.2869466184,1.2374914142,0.0,0.6666666667000001,14.5833333333,-0.15,2.0,-0.002,-6.25,13.625,-0.0922745428,1.0,-0.0008232079,-6.4152827412,-0.1153316883,0.0408163265,0.42207815320000003,6.6,5.0,1.7556502724,0.3797946618,1.5903102019,-1.002691151,-1.5404450408804822,-0.0083199108,0.0,-3.2783712878999998,-4.1321100154,-1.4740576848,1.5991358692,1.3138060819000001,0.300619146,1.2717639806,-1.2890129854999999,0.3428571429,3.38738178,111.0,2.3916188301,0.3492235958,5.0,0.6079206944000001,0.0013255887,0.6795593262,0.0013050723,0.5555555556,0.14814814810000002,-1.7013093983,-67.0,0.4,1.1459314704999999,0.4586001988,1.2089130052,-23.0,0.5,-0.5443502089,338.89666666666903,2.697225660686,0.316440980531,1.457755678858,14.46,70.995,6.7969790333999995,0.5209249323,5.0,2.0730341009,0.3900324012,1.8458468879,0.0618174682,2.8197875459,0.3971232361,1.3481844992,19.0,0.1035714286,-1.6627184308,95.0,0.046401180300000004,0.1630546956,0.6931471805599453,84.0,137.0,20.0,1.5040714872,0.3029552727,1.2573915321,-0.6358868389,5.9,4.7,199.5,2.841068518,0.3391670234,0.9330895530821154,283.25,0.5388888889,3.2026341648,0.3222992966,1.7118591462000001,0.0108756961,0.0357142857,31.8333333333,15.6171428571,0.64,1.6189630877,0.18938524650000002,2.1160229992,-0.6204150556,-0.1811496615,-0.443768227,1.0914304849,0.3764641841,1.2617131003,-0.20755374880000002,0.005568857500000001,1968.1386904762,14.0,4.0,1974.0,0.8710700324,0.22176215640000002
s259,0.916335546175,0.14443366658200013,1.5579767530249995,1.8429999999999995,24.875,0.2,22.55,0.33333333330000003,-0.0935053319,-0.6621117718,2.3056465501,0.3632718452,1.9404537258999999,-0.42873340130000004,0.0319811644,-3.4461481785935617,-3.4601079327749726,-7.172445615311842,-5.12263759181193,1.142916917,0.28518859950000003,1.6125704339,0.6666666667000001,0.0,12.75,0.225,0.0,-0.001,-1.6666666667,19.5833333333,-0.046619365600000004,0.0,-0.0063497496,-0.1168614357,-0.1405635552,0.2978723404,0.7884228734000001,9.3,7.0,1.3925339571,0.4371834107,1.7462262447999999,-1.5200525527000002,-2.630288204342565,-0.0002580977,0.0277777778,-1.886089352,-0.9593729512,-0.2035532058,2.0903488788,1.3700001158,0.2855852104,1.4795905709000001,-0.9227923031,0.4571428571,2.060853391,147.55,7.6113128603,0.3752535483,7.0,0.7388153076,0.0026442531,0.7172607422,0.0028095754,0.6388888889000001,0.0,-0.9871196627000001,58.0,0.2941176471,1.3957979549,0.41247986080000004,1.4174173410000002,-398.0,0.2,-0.4338180729,361.1666666667,1.9986723725000002,0.2944532441,1.2473442746,6.5,49.0,1.3605567161989995,0.44402225170000004,7.0,1.1441140932,0.4586445649,1.7973793638000002,-0.43437320560000003,1.3947497955000001,0.49386380430000004,1.7432952914,66.5,0.1183673469,-1.0669421126,28.0,0.0048699454,0.2894736842,0.0,108.0,133.0,16.0,1.3730141684000001,0.31732681420000003,1.2342144702,-0.9517079234,6.4,7.6,450.3333333333,1.519151814,0.3708914318,0.09127748176058964,330.0,0.5611111111,1.7878400439000002,0.3818668852,1.1393676361,0.015385596500000001,0.1714285714,47.3333333333,-45.1995977878,2.0,1.4264791722,0.3332860777,1.5113384251,-1.3599377592000002,-0.5214007168,-0.287958906,1.2282061587,0.3247793537,1.4553628280000002,-0.7347776151000001,-0.1066738802,2088.4986111111,6.0,8.0,4248.3333333333,0.1675391866,0.38419617970000003
s260,1.0095232877,0.025217671900000002,1.505042209,2.1,39.75,0.33333333330000003,19.5238095238,0.30000000000000004,-0.2516395439,-1.2750656641,3.595202794,0.3206151916,2.5795579032,-0.6666288008,0.9625119863,-1.00676584856108,-2.0117700910449785,-12.04460026347218,-9.767915243998063,3.2270106838,0.2607767696,1.3761374996,0.6666666667000001,0.33333333330000003,15.8333333333,-0.075,2.0,-0.0093333333,-2.5,20.625,-0.050853485100000005,1.0,0.0040605568,-2.0007112376,-0.23905598460000002,0.1428571429,0.8445469787000001,7.3,6.9,1.7481681705,0.3207536374,1.840927093,-0.1203780229,-5.9651047591734,0.0018871766000000002,0.8333333333,2.8166832551,2.7898089755,-0.6965379892,2.2545305771,1.4742113057,0.1050165077,1.7989799803,-0.9575666758,0.1428571429,4.0502743994,256.0,25.7627506452,0.3968411315,9.0,0.6149285316,0.0008541983,1.0,0.0012065090000000001,0.5833333333,0.7037037037,-0.5927331732000001,258.0,0.1,1.7253306502,0.3610056829,2.06683927,-277.0,0.0952380952,-0.2254626898,331.0,2.0001612328,0.2201351584,1.6617764262999999,39.0,78.0,-5.954809207,0.3155663365,14.0,1.5784049262000002,0.4865174856,1.9073471337,-0.0656317716,2.8793607631,0.3904522485,1.966256516,20.0,0.1,-0.9629633031,162.0,0.0721910648,-0.0543859649,0.0,90.0,173.0,23.0,3.7281144528,0.2043144372,1.8638329043000001,-0.4508850856,7.3,5.0,280.3333333333,3.0377134829,0.2635885542,0.41499104568492073,222.6666666667,0.5333333333,2.3128233845,0.2698605739,1.6197916573,0.0137905157,0.0476190476,-12.6666666667,39.2691590694,0.0,2.5898979381,0.2760627794,2.5478519486,-0.716815706,-0.0479797235,-0.2489213411,1.283230525,0.2432121107,2.037875058,-0.5947868573,-0.1194938247,2822.3518518519,1.0,8.0,4505.0,0.6977287032,0.2141690629
s261,0.6989934101,0.010339917300000001,1.4472773762,1.25,36.9565217391,0.2333333333,7.5,0.1333333333,-0.09383903910000001,-0.8376766974000001,1.9995661762,0.3103775985,1.8869346666,-0.6254305777,0.1712414384,-1.2475454391549505,-3.460761992426367,-5.528704010843056,-6.174162174607661,1.578578932,0.2462320275,1.9487737924,0.5,0.33333333330000003,11.0,-0.0833333333,1.0,0.0026666667,-2.75,19.4166666667,0.1,0.0,0.004,-1.5,0.3921568627,0.375,0.0,6.3,4.8,0.9236542001,0.3573702594739999,1.9153305716000002,-1.3524078720000001,-1.5404450408804822,-0.0133012731,0.0,-2.362125250606,-1.3333158030170005,-0.29953525562299993,2.640888513652,1.5926204913619995,0.12484455755299997,1.792387339682,-0.5023386568,0.3428571429,1.8140331226000002,111.0,59.8991114415,0.8568707964000001,6.0,0.6059289932,0.0023909605,0.6181085587,0.0029175751,0.8333333333,0.1111111111,-1.2575375600900003,-28.7,0.48625317290899994,1.1618173154009994,0.35795540696000017,1.5830536940729996,-109.455,0.22327951311599997,-0.31898264431300005,345.05,2.298224560582,0.30127660113499993,1.5194484657009997,17.745,72.9,-0.48205585931200007,0.4168889917,8.0,1.3302699566,0.39824994820000004,1.7641404405,0.3491180131,2.5193730226,0.3575889445,1.6584718931,-1.5,0.1240875912,-0.8438162049,56.0,0.0039708532,-0.0103199174,0.6931471805599453,66.0,102.0,23.0,1.4506350261,0.26989986450000003,2.1686656471,-0.23991197600000003,6.5,6.1,340.84166666666397,2.341154557256,0.2953853636310001,0.5122382942263688,294.437083333338,0.5319444444479999,2.204208559798,0.300926421425,1.6939041816479987,0.006461139295999999,0.09321428571,31.72166666666601,29.705357780196987,2.0,1.7503507188,0.3467571466,1.8483415944,-0.4835630508,0.5205977556,-0.1604924272,0.335284736,0.08818453820000001,2.0294743504,-0.6009836187,-0.34266907550000003,1377.9225,13.0,4.0,2954.2727272727,0.5590633546,0.2537695793
s262,0.6679848004000001,0.2414025445,1.3938674935,1.3,30.7692307692,0.1333333333,16.5,0.2,-1.4748874145,-1.7498873163000002,2.9282682695,0.49857467710000003,1.4500722378,-0.7870774415,0.9687619863,-0.67539136852246,-2.442406576999139,-12.342465270435728,-5.820920642034835,3.3026347172,0.28998445983800003,1.4347206971,0.1666666667,0.33333333330000003,10.25,0.033333333300000004,0.0,-0.0023333333,8.604228441e-16,19.3333333333,-0.0548932384,0.0,-0.0141209964,-4.1201067616,-0.1382701665,0.2857142857,0.567575903,6.0,6.1,2.1851762839,0.5258454161,2.0311601649,-0.45196161790400013,-4.814421372129684,0.0053452468,0.6111111111,-0.9479514217,1.6249085227,0.1910395678,4.9380558016,2.2027633304,0.0454856095,2.7973125896,-0.9437793146000001,0.2,3.5708010963,214.0,2.3916188301,0.3492235958,5.0,0.6991075516,0.0017055593,0.7930145264,0.0018119816,0.30555555560000003,0.7777777778,-1.3162532965,457.5,0.5652173913,1.0034109845,0.5103478172,1.7955492838,-67.0,0.0,-0.8466755566,346.818333333334,2.8921981622489987,0.3342188809829999,1.570255050677,15.165,62.355,16.5767394359,0.8510518098000001,6.0,1.3396650211,0.47811770670000003,2.0425361635,-0.678619902,2.4790488399,0.4713146234,1.8370809371,-62.0,0.1035714286,-2.3127255745,79.0,0.0267117555,-0.0216718266,0.6931471805599453,107.0,134.0,19.0,3.1153297514,0.2992254218,2.5305815195,-0.3435709301,6.0,5.0,285.5,4.4297560323,0.3604445555,0.8053407956237425,293.92249999999797,0.5243333333349998,3.1728040454,0.3923258033,1.660571205,0.010253354400000001,0.030952381,-22.25,12.435443038,1.0,1.9975868095,0.46194326880000003,1.9319546333000002,-1.413294316,0.1684409433,0.0283073823,1.1319951468,0.181228825,2.2351568926,-0.4484813547,-0.8255978928000001,2395.695,9.0,8.0,3125.5833333333,0.46350584850000004,0.45052201420000004
s263,1.2036167365,0.2732548327,0.9148019314,1.3,32.9473684211,0.36666666670000003,15.625,0.2,-0.479697941,-0.5965846755,3.3980769626000003,0.3569449221,1.906616601,-0.9264891179,0.19198116440000002,-2.4575980161128994,-3.4194537740758633,-6.785381021356066,-3.2723655823472346,4.525920606,0.2854378446,1.882964517,0.5,0.33333333330000003,9.4166666667,0.1833333333,2.0,-0.021,-2.4166666667,10.7916666667,0.3947935368,3.0,-0.007221643706000001,-6.5044883303,-0.0081621943,0.2244897959,0.7299708592,7.1,5.2,0.9553095603,0.47984537320000004,1.4162459501,-0.5968194417180002,-2.1814818964239207,-0.0224950257,0.0277777778,-0.37275599470000004,1.2942272271,0.0,5.3201349372,2.5601967281,0.2387750954,1.7960519727,-1.2083775268,0.2857142857,3.5486526974,173.0,7.6113128603,0.3752535483,7.0,0.7477519989,0.0012511184,0.7864379883,0.0015552711,0.6388888889000001,0.2222222222,-1.7237214654000002,-187.0,0.4117647059,1.7071915577999999,0.35637923050000003,1.2328754434,-43.5,0.2941176471,-0.8157697724,450.6666666667,2.6719506709000003,0.2836492713,1.5825674493,-3.0,39.5,4.778733665210998,0.45798597,7.0,1.2755105209,0.5340759533,2.1125240525,-0.7219993751,2.7577920294,0.34939740350000004,2.4053941211,28.0,0.08214285710000001,-0.9346793516,150.0,-0.008046793600000001,-0.1245614035,0.0,70.0,139.0,25.0,4.0042991339,0.3294299657,1.2045060119,-1.261540501,6.8,6.5,319.4783333333289,2.963144007765001,0.3276110358759999,0.5321710658497888,300.79874999999595,0.5271111111119995,2.602109883839,0.32749822977599996,1.5859106000199998,0.007293634352999996,0.07366666666100001,21.458333333331005,40.86676247993098,0.68,1.7254801248,0.4386943104,1.6350355616,-1.0559656223,-0.0003678957,-0.2741057603,0.5579917795,0.1222811516,1.560450383,-0.3866063574,0.0224564262,2152.5240740741,19.0,5.0,2930.5,0.8918550779000001,0.3363347866
s264,0.4944782572,0.2822518445,1.4367546483,1.05,19.08,0.1666666667,16.7222222222,0.4,-0.3575709485,-0.8989715532,1.6257602364000001,0.1846834077,1.9716463643000002,-0.0541920797,0.0636712329,-2.5627719355661154,-3.4167631054039957,-6.426757784472454,-3.9559007838957405,2.0298493489,0.28565543190000003,1.5018133471000001,0.8333333333,0.1666666667,15.9166666667,0.15,0.0,0.004,-0.5,16.0,-0.0354907539,0.0,-0.0043535867,-0.2588904694,0.1372707082,0.1875,0.8871473225000001,7.5,5.5,1.2712293902179996,0.4054956486460001,1.8393496269939993,-0.7916719940339999,-1.53860002217487,-0.0111391083,0.0,-1.0995247951,-0.2036003006,-0.5970658977000001,2.7774090109,1.7434675641,0.14728025860000002,1.7217774276000002,-1.0816155204,0.2857142857,3.2951286846,117.0,46.0626954627,0.8291899447000001,10.0,0.6076866865,0.0010839904,0.6068635941,0.0020897739,0.3611111111,0.0,-0.6647817542000001,75.5,0.2857142857,0.9631841561000001,0.3394625839,1.5764510516999999,-85.5,0.2105263158,-0.19592113,342.87500000000415,2.343326682118,0.314208700619,1.4032815761600004,18.5,54.76,-0.1291293072389995,0.37395392320000004,7.0,0.8738453759,0.34180269480000003,1.8804544256,-0.6228331284,2.5114341528,0.4086854925,1.6790276762,33.0,0.1010830325,-1.0292144993,50.0,0.0251561516,0.0140350877,0.0,108.0,147.0,23.0,2.3449198211,0.26612596050000004,1.2728346242,-1.1672663373,3.6,4.5,341.3333333333,1.5735356743,0.2032113837,0.3937908173163057,293.25,0.5391111111109999,2.0715040672,0.349513251,1.2119000715000001,0.0075433504,0.11904761900000001,27.8333333333,60.6212556913,1.0,2.1389182359,0.3085730968,2.5036735734,-0.8023702985000001,-0.3790414943,-0.7087087838,0.472604866,0.0075012165,1.9795291625,-0.2589801995,-0.1720052095,2791.7305555556,27.0,2.0,2539.9166666667,0.3995219635,0.48370474500000005
s265,0.9811666179,0.0690671519,1.7189044995,1.9500000000000002,25.1739130435,0.2333333333,18.7826086957,0.2333333333,-0.6080163026000001,-0.4328002829,2.0466603789,0.2888364355,1.6838125341999999,-0.6441222819,0.27776712330000003,-2.1436440458907517,-1.865877978668063,-7.097254815947223,-5.903337852316547,1.8822170609,0.2208481252,1.4415920283,0.6666666667000001,0.1666666667,10.0,2.2204460489999999e-16,1.0,0.0036666667,-2.3333333333,6.9583333333,0.065152134,2.0,-0.0090806616,-3.0481927711,0.6466681505,0.2244897959,0.38514286740000003,7.2,4.9,0.7826896834,0.3808508201,1.6093268686000002,-1.5603626924,-2.620965758281953,-0.014027398000000002,0.1944444444,0.0878487133,-0.1133894278,-0.33602316330000004,1.3093250545,1.1698600808,0.0740011169,1.4969530022,-1.1543905379,0.4857142857,2.3804143391,129.0,59.8991114415,0.8568707964000001,6.0,0.6584772348,0.0012880778,0.7155580997000001,0.0017411071,0.6111111111,0.2592592593,-2.6073211647,-53.5,0.6000000000000001,1.6388211107,0.3581951826,1.2983853414,18.5,0.33333333330000003,0.1105193837,355.325000000006,2.219114546078001,0.3012296728270001,1.4260768137150002,25.315,54.365,1.9220856987090003,0.5271598123,6.0,0.7845332818,0.4486194989,1.9450727181,0.0081902788,1.2806866093,0.3690587086670001,1.9114912736659988,66.0,0.0823970037,-0.3686586092,127.0,0.0805766881,0.0754385965,0.0,85.0,147.0,24.0,2.4024302531,0.2648230252,0.9495004154000001,-1.0815578714,5.2,5.3,318.6666666667,1.4028090227,0.3317032244,0.2877231416584295,295.8333333333,0.5401111111129997,1.6515618117000002,0.3213223451,1.2180686053,0.0079484369,0.1642857143,38.0,58.8721527321,1.0,1.844704042,0.1807083092,2.5629049126,-0.7769872279000001,-0.1410330558,-0.3868631899,0.6982825548,0.0423040637,1.8839473660000001,-0.3364509241,-0.1080349723,2173.7783333333,8.0,6.0,3099.75,0.1908178884,0.6324724611
s266,1.1204334282,0.2760836177,1.6818572327,1.85,31.75,0.2,10.5,0.33333333330000003,-0.2738246468,-0.5825891065000001,2.8112248796,0.4273568386,1.974408627,-0.012907724800000001,0.1621678082,-2.4845916314114995,-3.3050391797120913,-5.037827657963086,-5.253301057276727,4.3897531563,0.21997235040000002,2.0018738438,0.8333333333,0.0,20.8333333333,0.0666666667,1.0,-6.938893904000001e-17,-2.6666666667000003,20.6666666667,-0.1485221675,1.0,-0.0006305419000000001,0.3606321839,0.2051280653,0.1458333333,0.7798946243,10.7,7.8,3.0022974872,0.5909277578000001,1.9587971479359996,0.2253511353,-2.4537590734235226,-0.0148343298,0.0833333333,-2.1131993247,-4.4375324914,-1.4711280928,-0.1259849032,1.115197381,0.2644540789,1.2561885690999999,-0.9575666758,0.1428571429,4.0502743994,230.0,46.0626954627,0.8291899447000001,10.0,0.99609375,0.0008582421,0.9951660156000001,0.0010376441000000001,0.5277777778,0.33333333330000003,-0.9750132687,318.0,0.45,0.6942986026,0.4429057162,1.6974780309000002,-297.5,0.4,-0.1946353838,272.8333333333,2.768336037,0.3020143857,1.5954049788,6.0,60.0,-13.8991941712,0.5270562615479999,5.0,1.9226545985999999,0.5002855971,2.1092568477,0.0459590137,2.6960410257,0.4336848990839998,1.9329035953159999,16.0,0.075,-0.9897431976000001,61.0,-0.0028201028,0.2590299278,0.6931471805599453,111.0,138.0,24.0,4.4434365904,0.243839623,2.1636803583,-1.1873034268,6.6,5.3,364.6666666667,0.8904574923,0.3454634803,0.1842913622859708,261.1666666667,0.5166666667,3.6293648562,0.3116386573,2.5258164327,0.0061488044,0.0142857143,48.0,38.3244620072,0.0,2.6888236706,0.3552568935,2.1619534823,-1.0961421979,0.25096996990000003,0.3868071194,2.0374293506,0.43378039620000003,1.747012097,-0.09243539170000001,-0.0100808219,2653.0766666667,1.0,9.0,7197.9166666667,0.23684182380000002,0.9117689163
s267,1.0713291416,0.1062207486,2.1036946166,2.7,26.1363636364,0.2666666667,23.6111111111,0.4,-0.1465640672,-0.4841997986,3.350170716,0.4680656147,1.8625726399,-0.6881895708,0.3959041096,-2.1978240724975397,-3.2143484190541027,-7.578186824274442,-5.158927006244424,3.8778459089,0.2075754802,2.2249731052,0.1666666667,0.3466666666649999,11.875,0.0125,1.0,-0.0048333333,-5.0416666667,16.7083333333,-0.07771084340000001,1.0,-0.0064472126,-4.21349806,-0.1428304639,0.24489795920000001,0.7980485297000001,7.1,6.5,1.4483812957,0.5713213359,1.4870231131,-0.620170729,-3.3348635262270983,-0.019986332000000002,0.1388888889,-3.0009969594,-3.0526034572,-0.6009226092000001,2.1793980407,2.0130811634,0.2345016841,1.4289038433,-1.0170844173,0.1714285714,3.9312389163,262.0,7.6113128603,0.3752535483,7.0,0.6571838379,0.0009320787,0.9105514526,0.0018617366,0.5555555556,0.33333333330000003,-1.0394872714,28.0,0.1666666667,1.6514059102,0.42430403170000003,2.2868546127,-417.0,0.0,0.027086203200000002,346.7116666666731,2.737237891165999,0.3213819907629999,1.6160217196679998,24.62,61.215,-0.8928808894,0.5384263284,10.0,1.3495724413,0.3935383612,2.5546260397,0.0367047938,2.2499356277,0.42301692069899977,1.9136805741629996,3.165,0.0892857143,-0.7731672268,106.0,0.0181067587,-0.1517027864,0.6931471805599453,61.0,121.0,21.0,2.812937675,0.3158160414,1.7042298105,-0.1659358903,4.7,6.6,299.6666666667,2.3285110062,0.33904505220000003,0.619199841657858,336.0833333333,0.5277777778,2.9830129017,0.2909753432,2.323695542,-0.000172145,0.0285714286,-66.1666666667,30.8744473917,0.0,1.6689397723,0.3188604728,2.1257332883,-1.1910685281,-1.1124026274,0.0011195019,1.4739032917000001,0.3620664913,1.7286723131000001,-0.1240252146,-0.7593170989,2959.8666666667,10.0,6.0,2269.0,0.7124257190000001,0.1825581574
s268,1.0754612415,0.2537970497,1.1255831333,1.75,35.0454545455,0.2666666667,20.5238095238,0.30000000000000004,-0.5224623598,-0.9181535819000001,3.5166528439,0.29296111280000003,2.747256146,-0.44899955020000004,0.19119178080000002,-1.6849496619608568,-2.2714814012139635,-6.936654466817104,-5.7996463927452755,2.5493440721000002,0.22457096740000002,1.5321716582,0.1666666667,0.33333333330000003,11.9583333333,0.0791666667,2.0,-0.008833333300000001,-3.375,13.7083333333,0.2470449173,2.0,-0.0038817967,-1.8037825059,0.11991180850000001,0.2244897959,0.6044481906,7.9,6.9,1.5896304104999999,0.34756372480000003,1.9104025605000001,0.7043995176000001,-3.617018083108359,0.0212731271,0.2222222222,-2.4047412013000002,0.2755259538,0.1932209246,4.933693088,2.9682800434,0.2553902495,1.4603653753999999,-1.0041893257,0.3142857143,2.9758557574,144.0,10.925098711,0.2565783653,8.0,0.7038291931,0.0011722024000000001,0.9478881836,0.0017064720000000001,0.4444444444,0.2592592593,-1.3427931833,114.0,0.4285714286,1.6960220347,0.2750700007,1.7564725771,158.0,0.0625,-0.1127198068,284.8333333333,3.0698782237,0.21863517240000002,2.5003378181,14.5,95.87,6.4150125512,0.5352797843,14.0,1.2557916291,0.3746863763,1.8444932452,-0.5887367811,2.9042123986,0.3559132016,2.2423663931,38.0,0.0892857143,-0.8820755047000001,152.0,0.0528046879,-0.1403508772,0.0,91.0,167.0,20.0,2.3351207111,0.23998610280000002,1.7744454382,0.0058905561,6.4,6.5,268.5,3.5024730196,0.3237078179,0.739829492387735,314.0833333333,0.48888888890000004,2.8803566473,0.3157245172,1.7778519902,0.0044437449,0.033333333300000004,79.1666666667,64.8591954023,0.0,2.367347508,0.30608934600000004,1.9865731272,-1.5829544653,-0.7741912107000001,-0.26138059154,1.3340762905,0.29465066900000003,1.3504023173,-0.7359013772,0.2441318291,1710.4057239057,27.0,6.0,2253.9166666667,0.8624238204,0.3026368526
s269,0.9255270433100001,0.13374792912099998,1.6439561461009993,1.803500000000001,43.4117647059,0.4333333333,28.5294117647,0.4333333333,-0.27680852300000003,-1.0554874006,2.4485799174,0.3444755002,1.4424324783,-0.6263456001000001,0.7562517123,-0.9345754620842135,-2.488810666274576,-9.048797368539367,-6.165045137698857,2.7734221991,0.2813585548,1.3677030798,0.5,0.33333333330000003,12.625,0.0291666667,1.0,-0.0011666667,-6.2916666667,18.2916666667,-0.0839228296,1.0,0.0008694534,-3.1430868167,-0.0446213783,0.2340425532,0.9901976213,11.1,6.2,1.2026042569,0.48514425720000004,1.8578384944000002,-0.5791510519,-3.030065661531603,-0.01138201,0.25,-3.2251853704,-1.7161329093000002,0.597416838,4.1253012613,1.8007193382,0.1886266939,1.7041840219000002,-1.1652624446,0.2571428571,3.6348828618,108.0,46.0626954627,0.8291899447000001,10.0,0.93203125,0.0011740332,1.0,0.001676346,0.8333333333,0.2592592593,-1.6922670571,-22.0,0.5789473684,1.1604430848,0.3407351415,1.1665589848,-18.5,0.2941176471,-0.2334759706,353.6666666667,2.8042012495,0.2777037161,1.3814996536,6.0,-10.0,1.300915581205,0.6525905031,7.0,1.3328739068,0.6429601885,2.1438604547,-0.2405302753,3.4283161183,0.3797625504,2.1211821136,-29.5,0.0857142857,-2.155196678,141.0,0.0511903629,-0.149122807,0.0,105.0,186.0,17.0,2.490301982,0.30851823100000003,1.1341179394,0.27004382600000004,5.6,5.9,315.03166666667005,2.8032313638039996,0.33115406843800005,0.4777305987971663,317.8333333333,0.55,2.23676891,0.3058685902,1.1531855056,0.013687696800000001,0.09761904760000001,33.0,2.6898788189,2.0,1.5979306136,0.3443277001,1.6683959800000001,-1.1099833252,-0.2033729914,0.1883151244,1.2214268664,0.1686539615,1.8179540741,-0.123069932,0.32832229760000003,2714.4598765432,13.0,8.0,4887.0833333333,0.8198669132,0.3209899661
s270,1.4980190158,0.2959573829,1.6094345482999999,3.5,43.4117647059,0.4333333333,20.0434782609,0.2333333333,-0.7141739077,-0.7466291953,4.0664545931,0.3202363382,2.4013688293,-0.41462019980000003,0.5013356164,-3.3157818831594636,-3.431612457131005,-6.769390311922778,-4.050459683603965,3.6019970096,0.2199821127,1.9417774389,0.33333333330000003,0.5,11.491666666665997,2.2204460489999999e-16,2.0,2.949029909e-17,-1.0,27.7826086957,0.033026381300000004,0.0,-0.0048242907,-1.1595321055,-0.1821718471,0.08163265310000001,0.7942238473000001,6.3,6.1,1.8576093214,0.35726136680000004,2.0317356581,-1.2789926124,-1.540898658349301,-0.0122753674,0.0,-3.8887048019,-0.8880842798,-0.5629734621,4.194188013,2.6753524392,0.16545656960000002,1.6563873342000002,-0.6807759697,0.0857142857,4.096807786,162.0,25.7627506452,0.3968411315,9.0,0.793182373,0.0012994774,0.8317932129000001,0.0019740164,0.6944444444,0.0740740741,-0.7729797345,-564.0,0.1818181818,1.7887876619,0.3121459855,1.9773662097,-126.115,0.0,0.15488914780000002,227.5,2.191779606,0.2461493093,1.6074148788,4.5,232.0,15.2981781461,0.47070762190000004,11.0,1.2763608114,0.3901978571,1.939790702,-0.5621484369,2.4105173498,0.37743542500000005,1.6578660026,90.0,0.0865384615,-2.3230714823,128.0,0.0665427032,-0.048503612,0.6931471805599453,121.0,199.0,20.0,3.7023853228,0.23833851600000003,1.372485101,-2.0210010498,6.8,7.1,207.5,2.4190720999,0.3556137293,0.9351218179259609,223.6666666667,0.5222222222,3.6949680505,0.1972262308,1.9588952806439999,0.0083732618,0.009523809500000001,-52.0,104.7849797887,0.0,2.3383585151,0.3985201606,1.4253890315,-2.6451397952,-0.4871950397,0.2194879019,1.7841832151,0.2411758028,1.7107842057,-0.1809071712,-0.4803836795,1972.2314814815,7.0,9.0,5766.5833333333,0.8218163383,0.42699260170000003
s271,1.6351588466,0.3273423086,1.4196183298,3.1,40.0434782609,0.2333333333,35.96,0.1666666667,-0.7932397719000001,-0.7545246489,4.4547474405,0.36978803450000003,1.9058463656,-1.4145283586000001,0.2182311644,-2.9570220964713045,-2.686888706308336,-6.937572527618074,-4.255815669113067,5.4299715462,0.2782971031,1.3612899798,0.8333333333,0.0,6.0833333333,0.075,2.0,-0.001,-1.75,5.0,0.0789541089,2.0,-0.0004781217,-2.0104589114,-0.029330103200000002,0.061224489800000004,0.8310967145,10.0,8.4,3.2822950125,0.6013639176000001,1.9383197687,-0.28427073729700003,-3.5154254514541607,0.0225702914,0.25,0.4734350276,3.0816913367,0.0,5.3201349372,3.8209143919,0.0924211613,2.952266171,-0.8893284577,0.11428571430000001,4.1867508355,228.0,10.925098711,0.2565783653,8.0,0.8394607544,0.0021629776,0.72006073,0.0023225823000000002,0.7222222222,0.2592592593,-1.4470885932,-73.0,0.1538461538,2.2782684853,0.42604551430000004,1.3241872817,9.0,0.1052631579,-0.2601982733,337.6666666667,3.3824127527,0.3143499292,1.0540906718,31.0,54.0,-16.3847081471,0.3406592056,17.0,2.1104179662,0.3376818958,1.8150638405000001,0.0933470809,3.3044569057,0.41675977340000003,1.5517057263,10.5,0.1,-1.5678146366,188.0,0.1329815326,-0.2912280702,0.0,115.0,192.0,22.0,3.548585562,0.288030551,0.8340531351,-1.5538367974,7.7,7.3,304.5,3.405228325,0.3360562656,-0.13889546270211772,217.5833333333,0.5166666667,3.0474960397,0.2826508795,1.3424334916,0.0052961845,0.0428571429,48.8333333333,36.3267947422,0.0,3.1266753709,0.3697109487,1.7565402977,-0.734776022,0.3348234369,0.1548814673,1.88432178,0.3869398895,1.4933793227,-0.6694514912,-0.0392156138,1679.5092592593,17.0,4.0,2982.25,0.1301699084,0.8303014471
s272,1.1034522075,0.029213135,1.7563721429,1.85,39.9411764706,0.4333333333,23.45,0.33333333330000003,-0.6732793773,-0.5130183033,3.3314062844,0.44401064900000003,1.6349957623,-1.0076384213,0.3783287671,-1.7144750403873674,-1.20180620343496,-5.541375222894152,-5.305407260554203,2.085805537,0.31144368,1.3366628866,0.33333333330000003,0.5,7.25,-0.225,1.0,-0.004,0.8333333333,6.9166666667,-0.0166666667,0.0,-0.0006568627,-0.2475490196,-0.0810649712,0.1632653061,0.0990321024,8.6,6.8,1.399621186551,0.39701165426600005,1.8953810445890007,-0.7083911769160001,-2.9277072193177704,-0.0219084132,0.2222222222,-2.8612939880350012,-2.5550937163680003,-1.0559475558,2.4265164809,1.5404940942,0.0556332163,2.0623334686,-1.4734436219,0.4857142857,3.0185205071,150.0,1.2928725743,0.0438060331,4.0,0.6997510164970001,0.0013956236220000005,0.8078704018550005,0.0017395232729999995,0.547500000002,0.2592592593,-0.2873424095,-222.5,0.0625,1.4633787396,0.5387057185,1.4392227732,-64.0,0.2666666667,-0.1214169714,355.07000000000204,2.3286674003930004,0.322452497041,1.4477519297280006,26.37,52.125,-5.2607900881,0.7440954944,1.0,0.3376132448,0.2980184616,1.8790386855,-0.7179275004,2.1006444014,0.3098215295,1.9035821768,-13.5,0.0974729242,-1.2931951759,114.0,0.028399165400000002,-0.1455882353,0.45133784804292154,83.0,125.0,19.0,1.5210535495,0.3075948018,1.2836800599,-0.3419386297,5.2,5.0,350.618333333334,2.4145631412550004,0.3474233714830002,0.4235008473924715,310.43833333333095,0.5298333333349996,2.5120400445580002,0.32784221116500006,1.5622149191889998,0.006849379125999997,0.08685714285500003,17.894999999993004,22.451303088758003,1.22,1.7565837044000001,0.43459497280000003,1.7422534035,-0.6315540080000001,-0.0496789903,-0.2468765084,1.322731495,0.4120290024,1.4443203695,-0.1471193846,-0.2477000345,1946.3685185185,12.0,7.0,3886.75,0.7199844455000001,0.24448689680000002
s273,0.792026224,0.2371089569,2.1329023513,1.9500000000000002,24.7619047619,0.30000000000000004,19.75,0.33333333330000003,-0.48125308720000004,-0.40713320900000005,4.8125881687,0.3902240587,2.8430974924,-1.1255736811000001,0.9554666096000001,-0.1870983585671721,-1.9945717256624802,-10.353243163490902,-8.93676305556391,7.9108286252,0.3697972396,2.2185814743,1.0,0.0,9.1666666667,0.0166666667,1.0,-0.003,-2.0833333333,10.5,0.0839701771,2.0,-0.0015340168,-1.6304753028999999,-0.09124195110000001,0.0833333333,0.917553975,8.8,7.1,2.5271728146,0.5868824689000001,2.2022168725,-0.4571896519,-3.0806884083651043,-0.0192137652,0.1388888889,0.19355627690000002,1.011262073966,0.0,5.3201349372,4.6701660689,0.3102816504,1.977556343,-0.5402436899,0.0285714286,4.8849203713,161.0,7.6113128603,0.3752535483,7.0,0.8220962524000001,0.0008248242,0.9433593750000001,0.0009889722000000001,0.6944444444,0.40740740740000003,-0.3709914607,-94.0,0.05,1.9580687989,0.49768053440000004,2.8171794624,-120.395,0.0,-0.7234735667000001,470.0,3.7248232045,0.41967195500000004,1.38741162,24.0,43.0,-23.6448153655,0.4944998318,14.0,2.0347210834,0.6237794671,2.2309467192,-0.5082098803,3.1753188248,0.5339463608,2.0194242571,11.0,0.0892857143,-1.2907844232,123.0,0.1081432622,-0.1192982456,0.0,113.0,148.0,22.0,5.4861977538,0.3812925454,1.6670841654,-1.9542229218,6.9,5.4,389.1666666667,4.8017477154,0.418712315,0.5407392024455724,372.4166666667,0.5222222222,5.2492076849,0.4923923832,2.258639993,0.0181118842,0.009523809500000001,21.8333333333,2.841783938,0.0,2.8964700577,0.4469225251,2.2423322921,-1.2261618579,-1.4170616687,-0.38149275263500015,1.7039368826999999,0.2263398903,2.7137619576,-0.09572256350000001,0.4425786635,2019.6266666667,13.0,8.0,2751.1666666667,0.8895616256000001,0.1755714333
s274,1.3846399655,0.3167982174,1.9913044117,3.35,33.9130434783,0.2333333333,33.0,0.5,-0.7852685975,-0.5347679879,4.8978110716,0.34460944250000003,3.08671359,-0.2833536343,0.2827910959,-1.3830769397754294,-1.5827426289674253,-6.969276702805309,-5.928596345177172,6.4165165754,0.2734153758,2.4098275981,1.0,0.0,9.0833333333,0.1,3.0,-0.0063333333000000006,-2.3333333333,10.5,0.0317923186,2.0,-0.007940256,-3.1792318634,0.3496524788,0.1666666667,1.1852781219,8.3,8.1,2.9410061416,0.4421524463,2.207852803,0.6270819933,-4.359323472899823,0.0081125921,0.47222222220000004,2.6299918124,3.7011548695,0.0,5.3201349372,3.2429177948,0.2222578594,2.4918844213,-0.9575666758,0.1428571429,4.0502743994,289.0,59.8991114415,0.8568707964000001,6.0,0.91121521,0.0013651280000000002,0.9989257812000001,0.0012498266,0.75,0.48148148150000003,-0.7321775077,-119.73,0.0,2.0014081833,0.5113192892,2.2333429395,-77.0,0.0,-1.003108734,373.8333333333,3.6885995138,0.2849938171,2.1174502901,21.0,112.5,8.8157205478,0.5861701422,18.0,2.1487528589,0.6014832821,1.9765345962,-0.7868018151,2.9936791525,0.442317387,2.1282238812,20.0,0.1107142857,-0.9628453565,173.0,0.0536714336,-0.0719298246,0.0,78.0,127.0,23.0,4.8298697249,0.28610464220000004,1.9749797049,-0.7641780301000001,6.1,6.1,320.5,5.4412059538,0.2859885149,1.358604322620419,283.9166666667,0.5166666667,3.3996010921,0.39119323650000004,1.7680669391000001,0.010750641,0.019047619000000002,77.5,-22.9786209553,0.0,3.5888140039,0.3064128148,2.0610270221,-0.9120384641,-0.5190787717,-0.7822605873,2.1012939914,0.35730183120000003,1.9249586147,-0.4263574533,0.2130685454,1999.4727272727,1.0,9.0,3495.8333333333,0.1994733538,0.4742251072
s275,0.9389620627,0.080768134,1.4674263161,1.75,28.2307692308,0.1333333333,16.4761904762,0.30000000000000004,-0.6911882022,-1.7384583391000001,3.2023621602,0.3756310075,1.7346811505000002,-0.6346820884000001,0.17828339040000002,-3.460761992426367,-3.242701945970773,-5.5455980641276055,-4.708231069821914,2.5006401749,0.2818077111,1.5159576458,0.33333333330000003,0.1666666667,16.9166666667,0.1416666667,0.0,0.0043333333000000005,-0.9166666667000001,13.2916666667,-0.0074432296,0.0,0.0027863751000000003,-0.6448696384,-0.0132352369,0.2083333333,0.6158667134,8.9,7.4,1.3600037271,0.33274942080000003,2.0772339607,-1.8242369348,-1.254216189710005,-0.0187855772,0.0277777778,-3.3851848876,-1.6126955435,-0.3542521885,2.0574838773,0.93782773,0.0217981587,1.6814592459000002,-1.192241406,0.4571428571,2.5997515967,108.0,2.3916188301,0.3492235958,5.0,0.6677640915,0.0019576386,0.7219851017000001,0.0022155287000000003,0.6944444444,0.1111111111,-0.6701759294,250.5,0.3888888889,1.3120938003,0.4191060623,1.6476113277,282.0,0.0,-0.4381698077,359.93166666666906,2.5201492044049996,0.3282427343020002,1.3866642173519999,20.965,54.87,-0.7555772822370014,0.5101431512,4.0,1.2154222383,0.37605770450000003,2.0443719476,-0.21863772950000002,2.553881023,0.3993231278,1.5524149287,-51.0,0.082437276,-1.2226010397,124.0,0.07517016950000001,0.0192982456,0.0,72.0,120.0,17.0,2.6833554049,0.35241081820000003,1.0629628424,-0.9253050485000001,5.2,4.2,349.779999999997,2.6510646190369993,0.32497789942699995,0.44014152449524885,395.0416666667,0.5222222222,3.1885594832,0.353916406,1.3019946129,0.016522273,0.054761904800000004,41.25,4.3902344356,1.05,1.3549802382,0.3703637402,1.6141807488,-0.2922815848,0.0529135796,-0.2215308762,1.3055207965,0.3939667924,1.5117008752999999,-0.9626574124,-0.3222530402,2121.7351611352,17.0,5.0,3411.1818181818,0.1962780131,0.15487799800000002
s276,0.8961879042,0.1832590734,1.3768009604,1.7000000000000002,44.0,0.33333333330000003,38.5714285714,0.5333333333,-0.4738053256,-1.3847929262,4.146803847,0.2985239765,2.536304172,-1.5583286629000002,0.2552328767,-3.169148395307329,-3.0170888463182752,-7.512900007163283,-4.326174410417135,6.1671485681,0.228644376,2.119231842,0.1666666667,0.33333333330000003,15.4166666667,-0.0416666667,1.0,-0.0016666667,-4.5833333333,6.0833333333,-0.0344827586,1.0,-0.0011034483,-2.724137931,-0.0337933439,0.24489795920000001,0.0078741772,7.1,4.6,3.4490583470000002,0.3629549131,2.17599248,0.9294248214,-2.9217292381916558,-0.0182333354,0.1111111111,-0.6632948213000001,0.6375459107,0.0,5.3201349372,2.9634911829,0.159404824,2.314883159,-1.0170844173,0.1714285714,3.9312389163,228.0,1.2928725743,0.0438060331,4.0,0.8366470337,0.0011520907,0.9949218750000001,0.0014291863000000001,0.5555555556,0.33333333330000003,-1.5326572819000002,-256.0,0.1904761905,1.6216990889,0.4501231265,1.4754758454,-20.0,0.4117647059,0.0465207269,321.6666666667,3.3293479145,0.3172907955,1.4267318861,39.5,8.5,-1.9784454979000001,0.3604701222,2.0,2.1924709965,0.4212532439,1.8272328174,-0.2108388743,2.7856746688,0.4198703469,1.4945232136,0.0,0.0896057348,-2.3865374057,139.0,-0.0034188797000000003,0.022807017500000002,0.0,86.0,134.0,24.0,4.1550736607,0.2395210912,1.5754588912,-1.5490462838,6.1,5.7,246.8333333333,2.9079873741,0.2900752155,0.6136374444443322,206.5833333333,0.5388888889,3.1940124802,0.3483557266,1.5346044473,0.0058392803,0.0428571429,33.8333333333,65.7331142568,1.0,3.1379141629,0.3345207828,1.9172819034000002,-0.8338986964,-0.0873664955,0.4045529741,1.0039601893,0.3204903418,1.3879926894,-0.4579635253,-0.2798766103,2031.5666666667,21.0,6.0,1944.8333333333,0.3563307933,0.7567486587000001
s277,0.8661577744000001,0.19269086500000002,1.1416710004,1.45,27.8695652174,0.2333333333,12.6842105263,0.36666666670000003,-0.5782383204,-0.7549700072000001,3.7945345036,0.31059342090000003,1.7544727424,-1.2253891425,0.9687619863,-0.8491403101892502,-1.8542179631229492,-12.342465270435728,-6.011282430520535,3.9684320239,0.24077850820000002,1.3194458667,0.5,0.0,9.75,0.1083333333,0.0,-0.003,-0.4166666667,23.75,-0.0360837438,1.0,0.0004310345,-5.0677339901,0.2659011966,0.3673469388,0.4247465325,8.8,8.0,1.7564994618,0.38821205400000003,1.9469762489,-1.2382696718,-1.5404450408804822,-0.0112880542,0.0,-2.8041577986,-0.3299744865,0.6656247704,3.9888853965,1.7981575573000002,0.0355571892,1.6845730173,-1.2890129854999999,0.3428571429,3.38738178,107.0,2.3916188301,0.3492235958,5.0,0.5739326835,0.0013139897,0.6589939117,0.0017681358000000002,0.6944444444,0.40740740740000003,-1.4307581962,-66.5,0.5333333333,1.5428650165,0.3373212322,1.1065478877000001,45.5,0.1818181818,-0.8378620378,311.90333333333297,2.666934753506,0.2974619882380001,1.4266765058530004,16.675,61.875,6.566559925447,0.3149766815,9.0,1.2805979517,0.5814558594,1.8153939253,-0.3016522079,2.8614471664,0.3428937226,1.1514171218,-17.0,0.0899280576,-1.5084086168000002,99.0,0.0231861659,0.1192982456,0.0,96.0,147.0,17.0,3.5456645937999998,0.2513105154,1.1931644501,-1.84921804,5.8,5.1,272.8333333333,3.1797713344,0.2754294545,0.4579155348597615,188.8333333333,0.5222222222,2.7545241986,0.3126787531,1.2714690147,0.0063908248,0.1261904762,-2.6666666667000003,-1.7579564489,1.0,1.8864524847,0.2383512251,1.4029323564,-1.7814247491000001,0.0769104047,-0.7113812202,0.7978518657,0.2472882261,1.2001467016,-1.50821599,-0.4096245027,1708.9388888889,11.0,7.0,6604.6363636364,0.1835441694,0.19692881880000002
s278,0.7231421664000001,0.2738444634,1.2126936324,1.6,31.3636363636,0.2666666667,24.1818181818,0.2666666667,-0.09125839570000001,-0.5921489883000001,2.536177819,0.3534844406,1.6316783391,-0.2052155879,0.1242414384,-1.7669031545254104,-2.4550220590678875,-6.979498762958335,-5.124176725500287,4.7514982948,0.2818495455,1.2591819314000001,0.5,0.33333333330000003,12.625,-0.0041666667,2.0,0.0048333333,-5.9583333333,11.875,-0.1521428571,1.0,0.0015,-0.37857142860000004,0.0229358572,0.387755102,0.8040974234,6.8,7.5,2.8796740455,0.37663669920000004,1.6693288367,-0.39665751545899985,-1.0517420108730788,-0.0234984949,0.0277777778,-1.6043847008,-0.19441966870000002,-0.1767059001,3.2838793855,2.6273481773,0.27122639600000004,1.4062794509,-1.2890129854999999,0.3428571429,3.38738178,141.0,59.8991114415,0.8568707964000001,6.0,0.7259158134,0.0008336449,0.7190015793,0.0007653684,0.4166666667,0.33333333330000003,-1.4350769336,-229.0,0.1538461538,1.2300388364,0.4331875867,1.479545691,-34.0,0.172188358837,-0.8768347774,434.5,2.2256022805,0.3575233664,1.2598260423,57.0,59.0,5.354351712448996,0.5585767817,15.0,1.5482607099,0.41270425460000004,1.9379773572999999,0.31384244840000003,2.2895635209,0.3886227899,1.0185801864,0.0,0.09285714290000001,-3.1728691626,91.0,0.0091635793,0.1617647059,1.0986122886681098,76.0,119.0,21.0,2.4310000766,0.32320656670000003,1.0794206507,-1.2131059817,5.5,4.3,361.5,3.7181390431,0.32699705100000004,0.47783023034281186,265.0,0.5055555556,2.8110526273,0.2944224089,1.4418225876,0.0135846579,0.0714285714,43.0,6.6549494949,0.0,2.7636778761,0.3573301418,1.3308951432,-1.4617454395,0.9069480176,-0.3715002195,1.7709195801000002,0.3127443822,1.4600406565,-0.6064611429,-0.0543642004,2627.4814814815,5.0,6.0,3373.0,0.2583373772,0.14579046140000002
s279,0.6711532170000001,0.0728175972,1.8740031539,1.55,22.2692307692,0.1333333333,11.1538461538,0.1333333333,-0.3062512703,-1.6824939027,3.3994539985,0.3488282254,2.5654708982,-0.5514619875,0.5676369863,-3.0421528169935494,-3.4159807765464727,-6.813139431079518,-5.476982296956448,3.1515808296,0.23271153020000002,1.8310188659,0.33333333330000003,0.1666666667,15.125,-0.0791666667,0.0,0.0051666667,0.2083333333,5.625,0.0246453901,1.0,-0.0006808511,-0.9131205674,0.4404782794,0.2653061224,0.5101646905,5.9,2.4,0.5243319912000001,0.6470225306,1.9072640638,-0.8593216074000001,-1.863775315373626,0.0196621389,0.25,-2.901500803181001,-4.8379463315,-0.3884511935,3.7790742791,1.3836194485,0.25076611320000003,1.6511859788,-0.9575666758,0.1428571429,4.0502743994,150.0,46.0626954627,0.8291899447000001,10.0,0.6506079078,0.0007161978000000001,0.6474649191,0.0006298158,0.4166666667,0.2962962963,-0.4365400801,-86.6,0.0625,1.3407560767,0.46930533490000004,1.7067636671000002,-268.5,0.2307692308,-0.2401340521,364.9883333333361,2.6236290848619994,0.32469837547799996,1.5991017054710013,25.695,77.48,-16.3707194027,0.8237788754,4.0,1.0919133905,0.6145609048,2.0732108069,-0.18160450190000002,2.6474687702,0.45333504708000005,2.076010677408,-22.0,0.1079136691,-1.0204945624,107.0,0.0085748673,0.0660474716,0.6931471805599453,107.0,163.0,14.0,3.0166966317,0.33741169060000004,1.5956344615,-1.2635947143,3.4,3.1,351.681666666666,2.700678716357,0.357883749815,0.5856676263325169,318.980833333334,0.5208888888849998,2.4977992672059997,0.333941388783,1.8542487048120007,0.006139425616999999,0.059238095244000005,27.83749999999499,36.79118240750999,1.0,1.8246890459,0.3571208085,2.0105715802,-0.7653268359000001,-0.2906602399,-0.36469466370000003,0.7809209583000001,0.1143550848,1.9719804171000002,0.026545084,-0.1274085991,2980.969012253489,-12.0,2.0,5646.0,0.4222763901,0.7295994973000001
s280,1.479396806,0.2594850143,1.0870697296,2.0,19.4166666667,0.2,19.9583333333,0.2,-0.7452874426,-0.7850247340000001,3.6314717761,0.3811463041,1.3439589659,-1.4861757399,0.5437619863,-1.5870072947629499,-1.952265920648377,-8.2938428614822,-6.5961050758258155,5.9922562212,0.3019695794,1.3272374389000001,0.6666666667000001,0.1666666667,11.25,0.1416666667,1.0,-0.002,-3.0,14.75,0.0354449472,1.0,-0.0001861668,-1.7511312217000001,-0.23049248660000002,0.2083333333,0.8592629154,8.4,7.9,2.1108198309,0.5515374255000001,1.7213062152,-1.2762682736,-5.075727872695319,0.0051350405,0.6666666667000001,0.3461232598,5.8334487519,0.3298219498,4.6604910377,3.4244025495,0.2183830569,1.5268398896000002,-1.0170844173,0.1714285714,3.9312389163,228.0,25.7627506452,0.3968411315,9.0,0.7062306404,0.0011701181,0.6480448246,0.0011301362,0.6944444444,0.7777777778,-0.33944878710000004,59.0,0.0769230769,2.3504662942,0.3742777056,1.8495082287,-35.0,0.0,-0.22340782820000002,324.035000000001,3.057193653979999,0.3186393457509999,1.592954268655,18.455,85.13,-15.4379408914,0.3994237256,16.0,2.1088030582,0.4945867581,1.7083811997,-0.5955692883,2.6224891728,0.4547534526,1.6208304720000002,18.0,0.1571428571,-2.4821951272,160.0,0.0621671803,0.0939112487,0.6931471805599453,111.0,173.0,17.0,4.0827643815,0.2787886463,1.3981226026,-0.7066858472,5.4,5.5,414.5,4.6014563174,0.33815161260000004,0.6673665140885757,268.0833333333,0.5111111111000001,3.4230176403,0.32666098590000003,1.8068732957,0.0120932711,0.0261904762,3.8333333333,56.3591494343,0.0,2.5499332219,0.3656508035,2.1539053727,-0.8525539511,-0.8597954246,-0.35886201970000003,1.7057239187,0.35004564200000005,1.335710038,-0.4450649533,0.22513988910000002,1981.5783333333,6.0,8.0,3440.5,0.8068846437,0.8236516517
s282,0.9233446622,0.17475583960000002,1.4748497985,1.75,26.8461538462,0.1333333333,20.6086956522,0.2333333333,-0.7425847738,-1.4984872551000001,2.118395934,0.3372199668,1.2783337389,-0.5519282321,0.4152773973,-0.67539136852246,-3.382730254573048,-8.805863084935972,-8.77204415157487,3.0751976601,0.2809407552,1.2600586465,0.33333333330000003,0.33333333330000003,8.1666666667,0.033333333300000004,1.0,-0.0033333333,-1.5833333333000001,11.25,0.3083518706,3.0,-0.0102770475,-5.2164812942,-0.13072725400000001,0.1276595745,-0.2987610255,7.4,8.4,3.2330827026,0.6084486308,1.6485742823,0.43036848310000003,-1.5271130444091037,-0.0208087744,0.2222222222,-2.5924264681,-1.4531532410999999,-0.8253499481000001,2.8965513426,1.6601248355,0.0344953524,1.7068686391,-0.6681338369,0.2857142857,2.4681653177,119.0,25.7627506452,0.3968411315,9.0,0.689938736,0.0010882785,0.9172943115000001,0.0020777683,0.75,0.2222222222,-1.9745143418,-133.0,0.4444444444,1.3407625737,0.3298328137,1.1362759310000001,-88.0,0.4117647059,-1.2292584214,349.1666666667,1.7155014221,0.3080186583,1.1096406641,24.0,93.5,-3.2708399342,0.4351956356,2.0,1.1254205267,0.4338923649,1.8138979905000001,-0.8482296878000001,2.4690774749739997,0.40733067432999986,1.625230750458,9.69,0.09963865863900001,-1.4205765619470003,146.0,0.0858858276,0.1210526316,0.0,105.0,148.0,20.0,2.3391348692,0.27421306230000003,1.0772386755,-0.8781851862000001,4.3,5.1,276.0,2.9107203856,0.2975826774,0.25897529439002603,268.25,0.5722222222000001,2.0511309314,0.29616034420000004,1.1831475568,0.013239634200000001,0.15238095240000002,2.5,-0.6235706861,0.83,1.0195555902,0.3398284308,1.2044581308,-1.5719147063,-0.264710408,-0.6344143764,0.4409191463,0.0818257103,1.6272733925,-0.2005329672,-0.2556518752,2195.8333333333,20.0,6.0,2455.8333333333,0.19883122690000002,0.4427432442
s283,1.9274948455,0.3744784129,1.099909459,3.1,31.5714285714,0.30000000000000004,20.0,0.33333333330000003,-0.6814955248,-0.8419844790000001,4.4054502655,0.42049606780000004,2.3410042469,-1.2749579645,0.1643167808,-2.271813434327292,-3.4461481785935617,-6.038027405565377,-4.919773909157555,5.5044492588,0.37390751850000004,1.5250542606000002,0.6666666667000001,0.0,14.625,-0.054166666700000005,0.0,0.0015,-0.625,6.3333333333,-0.022023679,1.0,-0.0029515457,-2.3379741285,-0.0115407795,0.3469387755,0.8971627335000001,7.9,6.7,2.4648945335,0.47942231100000005,1.5003780675,-0.24876324830000002,-3.622603057706763,0.024947964200000002,0.2222222222,-6.303077597,-4.3317406687,-0.3719338943,3.8121088774,2.3379212855000002,0.30647167950000004,1.3850853322,-0.8258903882079995,0.0,5.7118837382,221.0,7.6113128603,0.3752535483,7.0,0.6950707912,0.0008338242,0.9608337402,0.00168803,0.6666666667000001,0.14814814810000002,-1.5375093957,-227.5,0.1333333333,2.1764682633,0.5630979067,1.4987454153,-436.0,0.1052631579,0.037528651100000004,337.3333333333,4.1127362286,0.4156261412,1.4242662143,-2.0,52.5,2.9627668502,0.41618558790000004,14.0,1.3623227417,0.5540092818,1.5660505948,-0.5065428701,3.0514061574,0.506296728,1.649825885,58.5,0.0896057348,-3.5069325354,170.0,0.036840611700000005,-0.0929824561,0.0,94.0,133.0,24.0,3.8195772577,0.3645126664,1.0480639834,-1.1133932064,6.8,6.0,358.5,3.666496950737001,0.29674515630000003,0.4830462374454385,281.6666666667,0.5166666667,3.5720233645,0.4217416104,1.2824128407,0.0200522931,0.0785714286,-18.6666666667,36.9926145553,0.0,2.6732632991000003,0.49357498920000004,1.6896602977000001,-1.789230258,-0.0129284204,-0.2594178196,1.1821700313,0.4752352513,1.3905508567,-0.6710685736,-0.519582141,2047.5185185185,8.0,8.0,4529.1666666667,0.16612574900000002,0.6076559899
s284,1.2990904139000001,0.3178376335,1.8023732030000001,2.35,42.0,0.33333333330000003,31.15,0.33333333330000003,0.1232600533,-0.8824731897,3.1483424351,0.36183530420000004,1.6533820785,-2.5295610413,0.8937517123000001,-1.1491402684274044,-2.3733915676641737,-10.291600091113475,-10.671276386093625,2.7539824567,0.310564814,1.448233577,0.8333333333,0.1666666667,21.2083333333,0.0125,1.0,0.0008333333,-3.2916666667,24.625,0.0416076845,1.0,-0.0003053589,-2.4082912032,0.13987416290000002,0.0416666667,0.7121384944,6.6,5.7,1.9396439348,0.5880647872,2.1172426733,0.22565316,-5.809666594037202,0.0023493371,0.8055555556,1.9537113296,3.9972608809,0.0,5.3201349372,4.5176456788,0.1077095896,3.7293054949,-1.2083775268,0.2857142857,3.5486526974,194.0,1.2928725743,0.0438060331,4.0,0.8195009232,0.0021073369,1.0,0.0021065183,0.5833333333,0.6666666667000001,-0.8372881893,-355.0,0.11764705880000001,1.4480623507,0.6508267852,1.9190865333,-649.5,0.1111111111,-0.4514131597,400.3333333333,3.198058189,0.3324511214,1.5165745621,10.0,20.5,9.8350552752,0.7071992249,17.0,1.4882695702,0.5904675294,1.8495608085000002,-0.2319135302,3.5439980497,0.4980969263,2.1433495143,-44.0,0.09285714290000001,-1.4724645586,156.0,0.046938374000000005,-0.0280701754,0.0,96.0,185.0,23.0,3.5038783033,0.347460519,1.3960932826999999,-0.2235179631,7.3,6.2,269.1666666667,4.7348076600999995,0.4222514647,0.5756519751827026,369.5833333333,0.5111111111000001,2.366476338,0.3845277782,1.4246313147,0.0098777501,0.059523809500000004,71.1666666667,7.6824836601,0.0,2.5243003239,0.4258330971,2.1807778859,-1.4887860283,-1.0021122437,-0.2905773982,1.6195023891,0.42671981870000003,1.8844410689000002,-0.1682846314,-0.3428368579,1488.0916666667,15.0,8.0,2599.0833333333,0.4156322262,0.3300184097
s285,1.0186272816,0.2629579944,1.2803083281,1.85,23.2,0.1666666667,15.4,0.1666666667,-0.6351585233,-1.0516254217,4.8492394741,0.46126334960000004,2.8375868223,0.186643892,0.2135505137,-2.991409438483477,-3.364639259097727,-5.805473066064889,-5.210266142053934,1.6549077736000002,0.2688448465260001,2.2842154282,0.6666666667000001,0.0,11.75,0.033333333300000004,2.0,-0.003,-1.75,18.75,0.2416666667,2.0,0.003,-3.2142857143,-0.171578231,0.0204081633,0.7331566682,6.1,5.3,1.2240059092,0.5351516350000001,1.6076624922,-0.4053826801,-1.0482162965308397,-0.022247924500000002,0.0555555556,-2.3837202841,-1.3779700311,-0.2327949135,2.6871330603,1.4951241346000002,0.0951826222,1.8830735062000001,-0.8204984479940006,0.0571428571,3.3153561287,177.0,10.925098711,0.2565783653,8.0,0.7300182343,0.0013440289,0.7433322906000001,0.0014796676,0.7777777778,0.0740740741,-0.7629740036,-315.5,0.3157894737,1.3932918289,0.4673422873,2.0162812378,-155.5,0.0625,-0.4444626115,344.39666666666903,2.654519027161001,0.3117441430279999,1.6486660338859989,18.18,58.72,2.2943732861809996,0.6586843166,9.0,1.0433094294,0.5193703148440002,1.7975428424,-0.4814737772,2.4493717363,0.5010408806000001,1.8869137425,-7.0,0.11313868610000001,-1.3693567709,136.0,0.0528343432,-0.08978328170000001,0.6931471805599453,71.0,119.0,19.0,1.7922702308,0.29727093790000003,1.7487522066,-0.21244610560000002,6.0,5.3,237.5,2.7744140025,0.20750195570000002,0.6636040567202202,282.75,0.5222222222,3.1679918031,0.3121242021,2.5506332057,0.0055060987,0.0571428571,75.1666666667,11.08160299,0.0,2.7679672044,0.377024142,2.0332718261010005,-1.2045150392,-0.15605956340000002,-0.4030715727,1.2624050588,0.1003873728,2.2541023471,-0.10079980320000001,0.2363713908,3319.3037037037,7.0,7.0,4148.25,0.8377817513,0.6604157923
s286,0.8423316888309997,0.15590297999900002,1.6028590911599991,1.7534999999999996,25.6956521739,0.2333333333,18.8260869565,0.2333333333,-0.9361531836,-0.7490641905000001,3.6003953132,0.3878815332,2.6529281156,-0.2974331145,0.9437585616,-0.2596083907083872,-2.405864293675074,-9.91046785828356,-9.118111297542196,2.2743355489,0.34425750850000003,1.2317226861,0.5,0.33333333330000003,7.625,0.1958333333,2.0,-0.00016666670000000001,-3.4583333333,6.5,0.0557356608,2.0,-0.0119276808,-4.3732335827,-0.0796617916,0.22916666670000002,0.7616849482,7.0,5.4,0.6854508119,0.44836006850000004,1.8059401486,-1.377524311,-4.477924736070241,0.0092837209,0.5,-4.7078317275,-4.3245631969,-0.8486696147,2.2841016937,1.4908031385,0.0744825169,2.0469652942,-0.7017421781000001,0.0571428571,4.5619233948,131.0,1.2928725743,0.0438060331,4.0,0.5485244751,0.0016216417,0.5,0.0015581265129999994,0.3888888889,0.6296296296,-1.4127298708,-71.0,0.33333333330000003,1.4426874121,0.5577524069,1.4467922343000001,-187.5,0.3125,-0.35607447810000004,365.85000000000105,2.5203482578389997,0.33727816090000007,1.5058979298130006,29.335,67.265,-14.060070251,0.5254265695,3.0,1.4191432462,0.6079081809,1.7371190431999999,-0.8672257109,2.0414308227,0.5098066735,1.9873348074,-15.0,0.0935251799,-0.8361265156000001,87.0,0.0415772222,0.0773993808,0.6931471805599453,104.0,142.0,16.0,2.1975661742,0.2895142832,2.1984232396,-0.2254427616,5.4,4.3,335.5,2.0619175707,0.3635760712,0.8610143552411982,273.6666666667,0.5666666667,2.3221980757000003,0.3393612536,1.9992434976000002,0.0005328561,0.033333333300000004,28.6666666667,44.965368548377995,1.0,2.5641883924,0.4666340922,1.9986036458,-1.0296967447,0.5686560441,0.3828419495,0.6668795851,0.38522428750000004,1.135389159,-1.3327092074,-0.37777151470000003,3297.3916666667,8.0,2.0,3984.4166666667,0.8529540905,0.35773059020000003
s288,1.2423804214,0.2525184877,1.462574738,2.1,42.3888888889,0.4,22.5555555556,0.4,-0.7355217442,-1.0603316021,2.5179005811,0.3267483685,1.1887336973,-2.0195289817,0.1368613014,-1.2246036856097717,-3.3867981263225118,-6.598629279844404,-5.025003468716293,3.7667418109,0.23567418610000002,1.1012273959,0.8333333333,0.0,8.375,0.10416666670000001,3.0,-0.0055000000000000005,-1.375,8.1666666667,0.1946605003,3.0,-0.0093685096,-3.3977296616,-0.1930272978,0.0625,0.6431857683000001,8.1,6.8,2.7271470218,0.3728191744,1.4734241761,0.2743533782,-1.5404450408804822,-0.0124290644,0.0,2.1274980596,5.5740839087000005,0.5852987131,4.1495375109,2.0578963353,0.009476302800000001,1.8352553048,-1.2890129854999999,0.3428571429,3.38738178,259.0,10.925098711,0.2565783653,8.0,0.6873200178000001,0.0012524155,0.9716796875,0.0018907756000000001,0.75,0.1111111111,-2.0893199054,2.0,0.5,1.6452305631000002,0.3455884372,1.3388804762,5.0,0.15,-0.36919692190000003,281.6666666667,2.7368864149,0.2843925611,0.8759493959,18.5,9.0,32.5856880043,0.29848798390000003,9.0,1.745544862,0.4396340434,1.5243407742000001,-0.4186170078,3.2462769511,0.39916517760000003,1.3527517705,10.0,0.0892857143,-0.7503149298,118.0,0.051618761400000004,0.17156862750000001,1.0986122886681098,90.0,145.0,16.0,3.1231196714,0.2409740239,1.1807871836000001,-0.5900933137000001,6.0,6.1,235.0,3.0206837923,0.2803837421,0.19573542466865607,214.3333333333,0.5333333333,2.0828052634,0.2136531197,1.1844492465,0.0215457651,0.1333333333,-3.3333333333,25.1515931373,0.0,2.3715266427,0.2919966976,1.199799229,-1.3601055743,-0.16165144650000002,-0.0624706726,1.6181645977999999,0.042505957600000005,2.2543140281,-1.0152853811,-0.08706731,1501.1515151515,-1.0,11.0,4251.9166666667,0.2684377638,0.1941632922
s289,0.5838412589,0.0302548223,1.4013860109,1.35,36.7142857143,0.5333333333,36.9375,0.4666666667,-0.2115349253,-1.0656403906,2.4730222085999998,0.3968285391,1.239374134,-0.3690220214,0.1405736301,-3.1187903286942467,-2.986222837900631,-6.97085565633245,-3.5204726195987948,2.0259397513,0.25342499969300003,1.9244254662,0.33333333330000003,0.33333333330000003,15.1666666667,-0.0666666667,0.0,0.0036666667,0.6666666667000001,11.3333333333,-0.0376902417,0.0,0.0006642793,-0.3021486124,-0.037354313,0.1489361702,0.1244065568,5.7,4.5,1.9475156318,0.2695029799,1.9183189854,-0.7599741532520001,-2.1880026343096204,-0.0004788098,0.0277777778,-0.7478550377000001,-0.7379711738,-0.3782046503,1.3936880285,1.0257963969,0.0645423413,1.4259107961,-0.8972910517,0.4571428571,2.0098508882,101.0,59.8991114415,0.8568707964000001,6.0,0.6971467972000001,0.0021764407,0.5934308052,0.0021833105,0.4444444444,0.0,-1.3006455638,-134.0,0.347826087,1.5062195736000001,0.3085598378,1.4327934161,-222.5,0.1333333333,-0.7855692978000001,361.1016666666721,2.5051087680910014,0.3193597297400001,1.3917655815480001,27.085,57.04,0.7178428552860001,0.5335036019,2.0,1.1976477658,0.4635361253,1.6119321416,-0.1098972963,2.3526525359,0.36286928290000003,1.3820488668,-50.0,0.1178571429,-1.4735964901,81.0,0.0023170296,0.1350877193,0.0,108.0,140.0,25.0,1.9832874376,0.2268927915,1.2400519239,-0.30309798800000004,4.6,3.8,339.46333333333,2.549810137542,0.323752039586,0.4323567899263521,302.83666666667204,0.5326666666709998,2.3867905123220003,0.31361811963699987,1.6465885286089992,0.008418732391999998,0.084452380948,42.08249999999299,24.745569908635005,0.9,1.5634749095,0.3846723241,1.3625613483,-0.8975708293,0.6105469443,0.24234432020000002,1.4311816184000001,0.3125472574,1.3945609597,-1.0240761243,-0.3618316636,1777.2407738095,14.04,4.0,2117.3333333333,0.3111761461,0.6390197394
s290,1.365773774,0.23496112770000002,1.1197452771,1.3,61.9230769231,0.5666666667,21.4117647059,0.4333333333,-0.20455248650000002,-0.4349633274,2.7124377348,0.3104795375,1.7229232258,-1.0579060417,0.4091695205,-1.2957777192556055,-1.7945201255355012,-5.662776673029507,-8.270521021763367,3.2344884549,0.2812904483,1.5164646274,0.1666666667,0.6666666667000001,11.4166666667,0.15,1.0,-0.005,-2.6666666667000003,7.9166666667,0.2478088481,2.0,-0.010625208700000001,-1.4307178631,0.1554421578,0.1956521739,0.35072618180000004,6.4,4.9,0.5970915104,0.4128901769,1.4134756615000001,-0.7340177647910001,-2.639796279371392,-0.0237497308,0.0555555556,-1.6874750724,0.1511307658,-0.256142756,2.8129842728,1.4585048959,0.0186146237,1.7489215026,-1.4100946559,0.32314285714299973,2.1640450968,96.0,46.0626954627,0.8291899447000001,10.0,0.6764450073,0.0017479510000000002,0.8079563141,0.0022566206,0.5277777778,0.2222222222,-0.9880521301,-23.0,0.1304347826,1.7186486152,0.3940350587,1.7736128932000002,121.5,0.0769230769,0.2253628044,351.383333333339,2.3595534143420003,0.2991289719179999,1.4259922124290008,23.15,49.845,10.6172051464,0.3434520414,1.0,0.3627613534,0.4135533319349999,2.1053872482,-0.0047674618,1.6418935818,0.37981846620000004,1.5993507213,-44.0,0.1196911197,-0.9537955597000001,99.89,0.03455309192800002,0.03813471178500001,0.3576952235004373,94.6,143.27,20.05,1.1019631002,0.31373176740000003,1.6602749357,0.16771028540000002,6.7,5.2,327.1616666666568,2.4319759003739994,0.3268985161470001,0.39484640870427995,285.4583333333,0.5666666667,1.8760233352000002,0.29649682641200004,1.7670324813,0.0004126848,0.10633333333599994,-67.25,-21.5951592357,0.0,2.0896924268,0.2903471821,1.5040221295,-1.7051855060999999,-0.06886474320000001,-0.2998377041,0.5650814854,0.0208156014,1.7794517785,-0.46138107980000004,-0.17467319950000001,1255.6228349673,23.0,7.0,2215.0833333333,0.6833190498,0.5656568138
s291,0.6337807585,0.0298573713,2.0577485222,1.55,17.8214285714,0.0666666667,9.8076923077,0.1333333333,-0.7183264069,-1.7305218505000002,3.2489101041,0.4555174786,1.6760967317,-0.37674589810000003,0.2584511986,-2.3742539979381783,-1.991198617289452,-7.113541715339184,-5.43200920632923,1.8277786343,0.2887178058,1.8176313325,1.0,0.0,6.2083333333,0.12916666670000002,3.0,-0.007500000000000001,-1.4583333333000001,8.5416666667,0.1831648129,3.0,-0.010051365000000001,-2.5202224469,0.0751174973,0.2222222222,0.8132746183,5.4,7.3,0.485200768,0.21629444450000002,2.0932889378,-1.654245266,-3.4760811281894797,-0.0164958612,0.1944444444,-4.0844338809,-4.3214893797,-0.9640691781,2.5149008205,1.3363845639,0.075376025,2.3042259973,-0.8075379761,0.0857142857,4.3503317988,140.0,57.9526365305,0.8535643773,6.0,0.8475082397,0.0016766198000000001,0.9964843750000001,0.0015841920000000001,0.75,0.2962962963,-0.9505339402,-359.0,0.2,1.5864527559,0.5585107356,1.8542401267000002,-45.5,0.0769230769,-0.41672132970000003,397.3333333333,2.6929855627,0.3473508772,1.3164404349,74.5,90.0,3.180377621831998,0.6779185027,6.0,0.701961065,0.7520460587000001,2.0187615564,-0.3650291954,2.2799774066,0.47639853790000003,2.103911133,-6.5,0.10701107010000001,-1.2582527455,125.0,0.0366930559,0.0017543860000000001,0.0,108.0,155.0,22.0,1.7028006677,0.32078792631199987,1.457866882,-0.4686060038,5.9,4.8,356.70333333333195,2.3865245733379994,0.3785166044679999,0.48817979413780077,297.9166666667,0.5666666667,1.9661598424000002,0.37205304640000003,1.1811728761,0.0109551935,0.15238095240000002,9.1666666667,-5.8135788262,1.0,2.7622326363000003,0.3731279813,2.217860126,-0.1090536711,-0.1084581567,-0.2563092462,1.2127532431999999,0.41252054200000005,1.7375907699000002,-0.35434167250000004,-0.0146039629,2469.1916666667,1.0,8.0,4629.3636363636,0.2150601038,0.1886160737
s292,1.4353327148,0.23869748570000002,1.4516434699,2.7,21.7692307692,0.1333333333,16.9090909091,0.2666666667,-0.40226943740000004,-0.4694993777,3.4973210612,0.2986670072,1.9604390412,-1.6537002687,0.4481181507,-2.852670243333215,-3.105554784679707,-7.9402091093197225,-4.793989861901173,5.3016171405,0.2812329662,2.0206330874,0.5,0.5,2.8333333333,-0.025,2.0,-0.007,-1.6666666667,4.875,0.1204225352,2.0,-0.0106478873,-2.8028169014,0.0091868031,0.1276595745,1.0213116634,8.1,6.6,2.0471282172,0.38862119240000004,2.6911094674,-1.0772846475,-4.314634279596931,0.0081456184,0.47222222220000004,-1.2161459296000001,1.7037707874999999,0.3298219498,4.6604910377,2.6819806824,0.1476347267,2.1172645892,-0.9575666758,0.1428571429,4.0502743994,286.0,59.8991114415,0.8568707964000001,6.0,0.6426834106,0.0010012673,1.0,0.0011240761000000001,0.5833333333,0.40740740740000003,-0.7288458085,-132.5,0.1538461538,1.3764765233,0.504512882,2.1497117597,-462.0,0.11764705880000001,-0.3288016539,358.8333333333,2.9344015406,0.3172863345,1.7061431404,67.0,149.5,-24.6891583613,0.6303677352,15.0,1.6160718559,0.5077503643,2.1969550743,-0.6515986008,3.6277449398,0.3731727675,1.5151295372,-6.0,0.1392857143,-2.4530107231000002,108.0,0.0576668973,0.25799793600000004,0.6931471805599453,79.0,111.0,19.0,3.963884585,0.27558744900000004,1.8541939804,-0.9596250308000001,6.2,6.1,187.8333333333,3.139234542,0.21083910700000003,1.0204303045964065,272.75,0.5055555556,3.4501019137,0.3281066924,1.3736426565,0.0203550283,0.033333333300000004,16.1666666667,-13.2492247389,1.0,2.3202686826,0.3114291882,1.8006011787,-1.3007470951,-0.3071120288,-0.42680598700000005,1.8093931766,0.29049162500000003,1.7160835272,-0.2078083226,0.0451980704,3291.5833333333,1.0,9.0,3959.0833333333,0.16641535640000002,0.5016537703
s293,1.0915234321,0.2862024445,1.6575404762,2.65,29.25,0.33333333330000003,21.8421052632,0.36666666670000003,-0.9448419315000001,-0.37354308680000003,4.3495663289,0.288425635,2.6139067523,-1.3119958198,0.6562517123,-2.0080643002368865,-1.6613532460374092,-9.010854469012648,-6.342691728516871,5.1372524871,0.2672776389,1.6472398483,0.8333333333,0.1666666667,10.125,-0.1375,2.0,-0.0105,-5.2083333333,15.8333333333,0.06951896390000001,2.0,-0.0061017576,-1.6341350601,0.1041282565,0.1428571429,0.8346826987,7.4,6.5,2.6631260841,0.3978542866,1.9498130258000002,-0.3905284781,-6.34513754425827,0.0011963216,0.8611111111,-2.5966708081,-1.3271713131,0.3298219498,4.6604910377,3.2478135439,0.2557600959,1.4260573552,-1.1195720593,0.22857142860000002,3.7262636324000002,219.0,7.6113128603,0.3752535483,7.0,0.7524780273,0.0010347609000000001,0.9091598511000001,0.0011956102,0.6388888889000001,0.7777777778,-1.6362540068,-293.0,0.0909090909,2.4331504248,0.48765691860000004,1.5189742552999999,67.0,0.0714285714,-0.17208342840000002,370.8333333333,2.7928296490999998,0.3256208062,1.1633242471,36.0,41.0,15.2669196491,0.39146150820000003,15.0,2.3085970711,0.4823730116,1.4658007488,-1.0083227166,3.126100189603999,0.3977578184,1.6572353404,-19.0,0.0892857143,-2.0464916484,209.0,0.1183174285,-0.23839009290000002,0.6931471805599453,60.0,139.0,20.03,4.415265333,0.297118859,1.718117977,-0.4079129671,5.9,7.1,282.6666666667,4.251495772,0.3046889674,0.5097570983559914,258.1666666667,0.5166666667,2.0566847554,0.29663150991500004,2.0196722979,0.0023760423,0.0833333333,-8.6666666667,44.9875,0.0,3.6519705406,0.3533299801,2.0323725063,-1.2713611401,-0.2574199598,-0.3080520841,2.6339425738,0.2997014986,2.2288879444,-0.1707774517,-0.0265194994,1947.1666666667,-6.0,9.0,6231.0833333333,0.920356291,0.4124631911
s294,1.2531588726,0.26809525630000003,1.0448926452,1.8,27.0,0.2333333333,30.0,0.4333333333,-0.8359746655,-0.8405678522000001,3.4987074143,0.3244903653,1.8447780295,-2.3405391223,0.0592482877,-3.029303222643351,-3.281863037906641,-5.486975026113151,-4.82132300451433,4.4928268546,0.2658631401,1.3551458915999999,0.33333333330000003,0.33333333330000003,10.5833333333,0.0416666667,2.0,-0.0033333333,-2.25,13.875,0.023940149600000002,1.0,-0.0039975062000000006,-5.6450540316,-0.1705116855,0.1428571429,0.6577499262000001,8.3,6.9,2.5129452044000002,0.3551871928,1.6829893065000001,0.49822581530000004,-3.2258808554047955,-0.0157933229,0.1388888889,1.0374081752,3.3502048647000002,0.0,5.3201349372,4.1252761878,0.24626594570000002,1.3065396844000001,-1.0170844173,0.1714285714,3.9312389163,223.0,10.925098711,0.2565783653,8.0,0.7423341751,0.0010935314,0.6980741501000001,0.0010783608,0.6388888889000001,0.2962962963,-1.682574282,-53.0,0.3529411765,1.7342562207,0.3977199659,1.3999417540999999,-35.5,0.1333333333,-0.5385866326000001,342.1666666667,3.1598928669,0.3396347732,1.2515139454,28.5,13.0,-11.6762827917,0.40872499240000004,12.0,2.2661149621,0.39262038050000003,1.7857837998,-0.4536533438,3.2092311519,0.3485580204,1.8645561882,10.5,0.0714285714,-2.5017592517000002,122.0,0.0633472348,0.09824561400000001,0.0,116.0,144.0,19.0,3.0620534804,0.2875901481,1.1603110033,-0.8239955910000001,5.8,6.7,259.1666666667,2.8765807268,0.33595016,0.5573277353096973,210.75,0.5166666667,3.1029972768,0.3064479211,1.5480267973,0.006715097000000001,0.0357142857,-9.8333333333,2.3325406758,0.0,2.7773752351,0.3145172758,2.0740492969,-1.4951771782,0.0260370824,-0.7686500999,1.4829523276,0.3356433086,1.4817388883,-0.18343826530000001,-0.5378150467,1423.2121212121,12.0,10.0,2061.8333333333,0.8415547079,0.3477816307
s295,1.2978138229,0.24135837170000002,1.1847906271,1.7000000000000002,36.5263157895,0.36666666670000003,36.3888888889,0.4,-0.2642538842,-0.046300713800000004,2.4165845711,0.3495155262329998,2.7067236812,-0.8031027607000001,0.0584340753,-3.312885480970204,-3.1068169029589283,-6.189333801384489,-3.4567064774340404,1.8316093442999999,0.1699021707,1.9234154306,0.5,0.1666666667,16.375,0.12916666670000002,0.0,-0.0031666667,-1.7916666667,15.3333333333,0.2767605634,1.0,0.0007042254,-4.338028169,-0.1735355528,0.08510638300000001,0.6769979521,6.9,5.2,0.9225709184,0.43932954760000004,1.5317894161,-0.9059351551,-1.5648115180688078,-0.014573496000000002,0.2222222222,-2.4065910097,-0.9134999314000001,-0.1364446349,1.9561317370000002,1.0237792638,0.1398809606,1.4728335744,-0.7742705470000001,0.3428571429,2.3578969031,148.0,7.6113128603,0.3752535483,7.0,0.7039533615,0.0010890973000000001,0.7589918137,0.001165779,0.5277777778,0.33333333330000003,-1.6570747037,-1.0,0.4375,1.1371756802,0.3636694064,1.627208602,-404.5,0.3529411765,-0.2452139379,298.6666666667,1.9214098028,0.2969538823,1.3864326988,-14.0,50.0,-9.9986154274,0.44837772800000003,6.0,0.7565756978,0.5036813498,1.6851229239,-0.18492968810000002,1.5470127024,0.2566712413,2.0847187842,73.0,0.11985018730000001,-0.2248990303,65.0,0.0095626474,-0.13235294120000002,1.0986122886681098,102.0,137.0,23.0,2.4607760751,0.2691590694,1.6364456114,-0.7533417978,5.6,3.9,253.6666666667,2.667927343,0.3099586344,0.5332994413722535,260.3333333333,0.5277777778,1.6246367289,0.3004617528560001,2.3851399276,0.009618557100000001,0.1333333333,-28.3333333333,5.6941058188,0.82,2.1092415701630003,0.336466655566,1.8507969692500006,-1.1518472152579997,0.15689193540000002,-0.5634966353,0.9558682438,0.09431074860000001,2.0756226568,-0.198365336,0.0316509605,2463.8333333333,-9.0,7.0,4645.2,0.5966857211000001,0.17864339840000001
s296,0.8167606273,0.2801710874,1.7172907761,1.9500000000000002,24.04,0.1666666667,20.5263157895,0.36666666670000003,-0.8325807292,-0.87248671,2.4832242629,0.28484423870000003,1.5600951754999999,-0.9653361880000001,0.6548535959,-1.0114367557528012,-1.8916100783386793,-9.02113423504968,-7.611706614799587,3.0814457325,0.3044826746,1.5455624207,0.33333333330000003,0.6666666667000001,8.3333333333,0.058333333300000005,1.0,-0.006,-0.5833333333,3.7916666667000003,0.07083333330000001,2.0,-0.0060980392000000005,-0.8921568627,-0.0127312512,0.2653061224,0.7564402228,7.3,7.0,1.2991784429,0.5126806222,2.060033033,-1.2622468162,-3.664813320647467,0.014769961000000002,0.30555555560000003,-1.9269534251,-0.7869600437000001,-0.5629734621,4.194188013,2.0349772096,0.1803678768,2.290093841,-0.8075379761,0.0857142857,4.3503317988,201.0,1.2928725743,0.0438060331,4.0,0.7604797363,0.0017645689,0.9964599609,0.0026513745,0.8333333333,0.5185185185,-1.9970890902,-162.5,0.6428571429000001,0.8899521238,0.4740830387,1.1827169539,-58.5,0.18092509537800003,-0.5254260749,326.0,2.2404272083,0.3305579775,1.2806275934,62.5,36.0,-9.0286246572,0.6736358227,13.0,1.4059849878000001,0.5506496046,2.4222787875,-0.0376425645,2.9684686885,0.38350160640000003,2.0012294783,-14.0,0.1035714286,-1.7975197096,129.0,0.0370157618,0.20433436530000001,0.6931471805599453,92.0,149.0,18.0,3.4968313608,0.3257544513,1.7954645595,-0.9317691927,6.4,6.7,301.8333333333,2.7216953038,0.3797736963,0.3058692419218568,274.4166666667,0.5,2.7736714589,0.2962870163,1.5861862064999999,0.0016667630000000001,0.0476190476,80.1666666667,52.322786588,0.0,2.6778686971,0.3987327811,2.2767203576,-1.1868666748,-0.40135995290000004,0.1579258289,1.6934394051,0.3549942081,1.5755802914,-0.49602365340000004,-0.6673903725,2786.3958333333,1.0,8.0,4364.3333333333,0.7255501360000001,0.2189318904
s297,0.965263827,0.1094962047,1.9486605764,2.25,8.7857142857,0.0666666667,6.9,0.0,-0.3645611648,-0.40113758800000004,3.9966836005,0.3309903048,2.6379660968,-2.12448138,0.117364726,-0.21846487304377474,-2.052279545017326,-6.533944112387798,-9.17866633269852,4.1866360132,0.322729506,1.4375090506000001,0.6666666667000001,0.1666666667,12.8333333333,0.033333333300000004,0.0,-0.0006666667,-0.75,5.0416666667,-0.0031802479,0.0,0.0001564723,0.0396260923,0.1873569638,0.25,1.0306676384,8.5,8.0,1.9488706484,0.6106229588000001,1.4878243987,-1.1049421845,-6.554667982962867,0.0009688761000000001,0.8888888889000001,-3.3029349322,-1.084384187,0.4207109379,4.4787130615,2.1538329074,0.19980974370000001,1.9308545074999999,-0.7017421781000001,0.0571428571,4.5619233948,229.0,7.6113128603,0.3752535483,7.0,0.7702789307,0.0015742123,0.8066543579000001,0.0019333463000000002,0.5277777778,0.8518518519,-0.8745752603,-14.5,0.0714285714,1.9079402274000001,0.43125526000000003,2.2008676148,436.0,0.0714285714,-0.1451867814,254.1666666667,2.9224053323,0.3672887241,1.2099063936,-1.0,120.0,0.7798380077,0.5655629598,7.0,1.7463867752,0.5573732844,1.5496861514,-0.3468144177,3.3638947866,0.4817284311,1.8528238579,33.0,0.09642857140000001,-1.3108679681,133.0,0.010323096300000001,-0.1310629515,0.6931471805599453,75.0,142.0,22.0,2.6508138714,0.3308082627,1.1457981834,-1.2728047705,6.0,5.6,314.1666666667,4.8414086716,0.31073368360000003,0.5421297587656926,293.3333333333,0.5111111111000001,2.7262616911,0.34504133800000003,1.3579967165,0.0031509999,0.0476190476,91.3333333333,90.804859335,1.0,3.0281238298,0.39264224740000003,1.9330672993,-1.5826405789,-0.3611501149,-0.0568883114,2.8344846783,0.3245350843,1.7708117374999999,0.6277297309000001,0.1225372004,1602.9545454545,-4.0,11.0,4250.4545454545,0.3817240736,0.2038620603
s298,1.3658202002,0.2597304475,1.2425540365,2.3,14.5217391304,0.2333333333,12.16,0.1666666667,-0.4396336679,-0.6677727257,3.8066372319,0.429471406,1.7732082588,-0.5888548443,0.5504075342,-1.4326539201048307,-2.5610910939811125,-8.117102834775212,-6.3594202516720735,4.9470458094000005,0.27570822510000004,1.3605333279,0.33333333330000003,0.5,8.4583333333,0.0041666667,2.0,-0.0118333333,-1.9583333333000001,12.5833333333,0.048402018500000005,0.0,-0.0025382675,0.2983599664,0.11076237350000001,0.1632653061,0.982622961,6.8,6.0,2.1483494771,0.40553691540000003,1.6451828491,0.7962939588,-4.441128789531517,0.0090314768,0.5,-0.294904267,1.4890689903,0.1910395678,4.9380558016,3.3035933879,0.2795140463,1.3978023772000001,-1.1195720593,0.22857142860000002,3.7262636324000002,171.0,59.8991114415,0.8568707964000001,6.0,0.6452968597000001,0.0010945202,0.7659505844000001,0.0012995194,0.4444444444,0.48148148150000003,-1.0573833347,-397.0,0.1428571429,0.7680147096000001,0.5356583995,1.7472546933,-282.0,0.141399427813,-0.4365598378,281.3333333333,3.1914500026,0.2775489477,1.5891198576,8.5,21.5,1.4501108601389994,0.44664061190000004,6.0,1.7366729538999999,0.4422764677,1.7159456547,0.3374768159,3.8070648088,0.45754475240000003,1.8853139672,-12.0,0.1,-3.3097853634,95.0,0.0121505003,-0.1350877193,0.0,84.0,134.0,20.0,3.2491833508,0.2795794737,1.2049870859,-1.5014996967,5.6,5.0,294.6666666667,3.8192146459689984,0.345904246,0.9637704568788351,270.6666666667,0.5055555556,3.5838374013369982,0.318379852,2.9186866918,0.0202989336,0.0023809524,30.0,12.099651325,0.0,2.4733862451,0.3897619928,1.8149352153,-2.2605337264,0.2196411161,-0.5949699116,1.8469359203,0.3642692375,1.548393994,-0.9644853322,-0.36559855890000004,3236.125,0.0,5.0,5412.9090909091,0.8647650837,0.2353931213
s299,0.973936698,0.146108954,1.5430691386,1.6,30.0454545455,0.2666666667,17.7826086957,0.2333333333,-0.7318152183000001,-0.7063187982,2.8491984551,0.40968922210000003,2.1446610339,-0.30108201630000003,0.7227825342,-1.9504160040904122,-3.197655656190087,-7.51709619678123,-6.658404789077432,2.6530677741,0.3137710835,1.5133585621,0.5,0.33333333330000003,12.1666666667,-0.075,0.0,-0.0036666667,-0.33333333330000003,10.375,-0.0072289157000000005,1.0,3.38983e-05,-0.8828874821,-0.0654523789,0.2083333333,0.5057451698000001,7.7,7.2,0.6942371894,0.18275848390000002,2.2047974649,-1.1513121579,-3.792918021708037,0.0144049517,0.33333333330000003,-4.4125472817,-2.6443296835,-0.0947678418,3.1917075756,1.7056433635000001,0.0776114952,2.0195325629,-0.9602865677,0.5428571429,1.7053043506,167.0,46.0626954627,0.8291899447000001,10.0,0.7207732201,0.0017815231000000002,0.8068893433000001,0.0022431973000000003,0.47222222220000004,0.33333333330000003,-1.1607529242,-96.5,0.5,1.6015684407,0.4441435228,1.4275417876,-140.0,0.0952380952,-0.26707102790000004,335.6666666667,2.6977415482,0.3962278796,1.6719787605,19.05,-28.0,-9.3259101131,0.523549913,10.0,0.7632835442,0.6234179825,2.036079486,-0.0200490251,2.2228485182,0.5287898117000001,1.6755018518,1.5,0.1078066914,-1.2588870901,134.0,0.0524602786,-0.1771929825,0.0,113.0,163.0,19.0,1.618796058,0.32396720362099996,2.2067143176,-0.22399770230000002,5.9,6.0,298.8333333333,2.9972764742,0.4329003289,0.8553175262869563,403.1666666667,0.5444444444000001,2.2133422747,0.3989985804,2.0263682228,0.0047645426,0.0666666667,74.3333333333,53.7308189655,2.0,1.7998301302000002,0.46921841540000003,1.3219803016,-1.2957878243,0.0806038619,-0.3049020927,0.6779603656000001,0.0289285855,2.1334635732000002,-0.4613008041,-0.1156836945,2006.405,7.0,7.0,2432.0833333333,0.39360614320000004,0.45393157570000003
s301,0.6532656039,0.12387343640000001,1.7373814094000002,1.45,32.0833333333,0.2,36.4761904762,0.30000000000000004,-0.9100750360000001,-0.9199595856,3.4350825639,0.39203170060000003,1.435514038,-2.1818955039,0.6676369863,-0.6430271770189847,-2.326990075678865,-7.595281287971204,-8.630301421025385,4.9218592107,0.21533844,1.6947174879,0.6666666667000001,0.0,5.4166666667,0.225,3.0,-0.008,-3.1666666667,8.875,0.22100529100000002,3.0,-0.0088402116,-2.1899470899,0.071415650654,0.2857142857,0.6236887961,6.5,4.3,2.5236572735,0.4598550577,1.5868571667,0.030730754000000002,-3.426387613169285,0.020929318000000002,0.2222222222,1.8411564507,2.3371077833,0.0,5.3201349372,4.4822690313,0.137754637,3.4503655225,-0.9575666758,0.1428571429,4.0502743994,155.0,10.925098711,0.2565783653,8.0,0.886328125,0.0007751817,0.9,0.0010083544,0.6388888889000001,0.40740740740000003,-0.9337157779,-67.5,0.375,1.8552065481,0.33913142360000004,1.3764490412,4.0,0.0625,-0.6536653096,272.8333333333,3.2186021257,0.3260212381,1.3481008066,2.0,49.5,21.8520841366,0.3341647071,6.0,1.8604390187000002,0.4367930698,1.7652500435,0.163911216,4.4101366123,0.3998515072,1.4226364614,-7.0,0.1035714286,-1.8295814055,107.0,-0.0050770152,0.0421052632,0.0,80.0,130.0,19.0,5.0682477679,0.3326877877,1.6415463474,-0.5069389826,5.3,4.7,209.3333333333,3.4183750785,0.4077393144,0.7625763557259359,218.8333333333,0.5333333333,2.8872805346,0.3509514802,1.7058277274,0.0041882013000000004,0.033333333300000004,-6.6666666667,152.8900797607,1.0,3.4588064574,0.3350757176,1.4364683144,-1.1099023382,-0.3586442979,-0.07062106700000001,1.3751794907,0.296201993,1.4279660654000002,-0.4611320921,-0.3620843306,2113.925,17.0,5.0,3427.0,0.8556654589,0.2894830708
s302,1.7538391575999999,0.2750756104,1.1203905772,2.3,39.15,0.33333333330000003,32.3125,0.4666666667,-0.5142671243,-0.9673358998,2.9496668953,0.3832384699,2.0483658413,-0.6334180092,0.5887517123,-1.4173998726718176,-2.1773262655003043,-8.341249848920626,-6.950256495106147,1.7998764871000001,0.20670457820000002,2.4943988414,0.6666666667000001,0.1666666667,10.125,0.0125,2.0,-0.0085,-2.625,9.0416666667,0.049796748,2.0,-0.0073252033,-2.112195122,0.49085315150000003,0.2340425532,0.8328205555,7.8,6.6,2.2022853235,0.4088751298,1.7176918647,0.1090159202,-5.316996153988864,0.0040301792,0.7222222222,-2.9543367644,-3.6117170362,-0.7995830311000001,2.3313787758,1.7261689921999999,0.1148859151,2.076319769,-1.2379163798000001,0.4,2.9825269658,117.0,7.6113128603,0.3752535483,7.0,0.6929619312,0.0008261982000000001,0.6758760452,0.0013511294,0.47222222220000004,0.6296296296,-0.9024513111,-23.0,0.2727272727,1.8040403755,0.4528849696,2.1935983313,132.0,0.0526315789,-0.1048583907,204.3333333333,3.507406269,0.2936589894,1.5761092606,2.5,28.0,6.318112794403,0.46802447210000003,9.0,1.4128983987,0.4522318393,1.7876717710999999,-0.12879067760000001,2.2849818545,0.4209482136,1.7952715818,-12.0,0.1254480287,-1.1915340541,121.0,-0.011177038,-0.2524509804,1.0986122886681098,84.0,137.0,21.0,2.8481558522,0.3072516247,1.5923668418,-0.6156425170000001,5.9,5.7,311.6666666667,3.8283302591,0.30385194460000003,0.6751355242992655,322.0833333333,0.5055555556,2.4444913851,0.3212766354,1.3577023792,0.0030121501,0.0904761905,127.8333333333,41.5220325747,0.0,2.1309991898,0.3490473501,1.7389499833,-1.2390850618,-0.1285945034,0.18916877440000002,1.3166951359,0.34984987040000004,1.4165913146,-0.9477421972000001,-0.7129201267,2277.3333333333,19.0,4.0,2586.9166666667,0.7169510894000001,0.6582344628
s303,0.7503890175,0.009217083000000001,1.481171264,1.3,29.380952381,0.30000000000000004,16.3636363636,0.2666666667,-0.5707760630000001,-1.2263877924,3.4211481192,0.3296950838,1.6877195499000002,-1.3517856567,0.6112517123,-1.3188533782026632,-3.3281681460641237,-8.458990323208697,-5.689444841509904,2.2319316346,0.2953204662,1.3427893036,0.1666666667,0.5,5.4166666667,-0.0083333333,0.0,-0.0013333333,-0.8333333333,11.125,0.0845070423,1.0,-0.0011267606,-2.0774647887,0.0630460449,0.1836734694,0.1468038455,11.1,7.2,1.5246197825999999,0.514579474,2.1384221834,-1.0419566406,-4.694609672086548,0.0049288998,0.5833333333,-1.096984264,1.2981661972,-0.14226252420000002,3.3527661372,2.148836241,0.0101477521,2.1566286232,-1.2816924151,0.33600000000099994,1.907240615,108.0,7.6113128603,0.3752535483,7.0,0.6493050575,0.0025105014,0.8467735291,0.0028174095,0.75,0.5185185185,-1.0592941869,-88.5,0.5,1.5262417547,0.3948748655,1.2816235381,-269.0,0.125,-1.0298592828,349.44000000000204,2.5979692579770015,0.31599233142799993,1.4413546981120005,24.88,63.73,-2.6298538247,0.4750307546,5.0,0.8029705022,0.46627396445099994,2.266120088,-0.2830387894,2.1701000544,0.42918953400000004,1.4463659374,6.0,0.097826087,-1.8916691285,65.0,0.034885665100000005,0.0639834881,0.6931471805599453,133.0,170.0,22.0,2.5893038245,0.33447037820000003,1.2731214069,-0.48440449960000004,7.8,5.7,325.928333333333,2.747721349722998,0.32158614286300025,0.36721289876535806,299.445416666666,0.5316666666719998,2.5203961863320004,0.315835689473,1.6002468428980001,0.007623011003000001,0.07776190475900004,25.94583333333099,31.168637285640997,0.91,1.242494594,0.3528377601830001,2.2832953018,-0.5118780806000001,-0.20227695850000002,0.1129141647,1.6854627642,0.3089144448,1.324772843,-0.5959875819,-0.3897957171,1402.9091630592,23.0,7.0,1820.9090909091,0.9467385392000001,0.2368048757
s304,0.8864807774000001,0.2057694692,1.6496592813,1.55,33.95,0.33333333330000003,22.5238095238,0.30000000000000004,-0.3378194223,-0.9884987901959998,0.8743307812000001,0.47913597210000003,1.3810660501,-0.261860936,0.26598287670000004,-1.0523399687527233,-3.250072311808583,-6.356183529173832,-6.821483000058205,3.59583955,0.2267393806,1.9931361615,0.6666666667000001,0.1666666667,10.9166666667,-0.1333333333,1.0,0.0053333333000000005,-2.0833333333,14.4583333333,-0.1021428571,1.0,-0.0015142857,-5.45,-0.047638561600000004,0.1020408163,0.9217549431000001,7.2,6.6,1.700774197,0.4635950353650001,1.5816513213999999,-1.1793696472,-4.542390429320432,0.0063959298,0.5555555556,-1.587677077,0.7018737908,0.0,5.3201349372,2.0849728263,0.17112476670000001,2.2969735864,-0.8903224109000001,0.1714285714,3.6777149035,192.0,10.925098711,0.2565783653,8.0,0.5728815079,0.0008933177,0.5483540773,0.0011062566000000001,0.5555555556,0.5185185185,-0.6493454747,-258.0,0.0666666667,1.561864065,0.6161506795,2.2483852991,-118.0,0.1666666667,-0.622421691,315.0,2.7041802184,0.2476006869,2.1042494115,6.5,96.5,1.6423131682,0.8688026763000001,4.0,1.4616329185999999,0.7466112416,2.1195007074,-0.07498488440000001,1.9480276143,0.5695781266000001,2.1237061308,-70.0,0.1146953405,-0.0446488141,111.81,0.042859051137000004,0.04454643963300001,0.4425718755355846,93.76,145.74,18.91,2.8181072753,0.3489064905,1.7833765804000001,-1.1148733166,4.9,4.8,282.8333333333,4.2030312066,0.33804372460000004,0.9620068215526091,259.6666666667,0.5222222222,2.2658815513,0.31141185977200014,2.8406672643,0.0034839607,0.1476190476,-44.3333333333,69.7605026257,0.0,2.6590695631,0.4004195035,2.5957447553,-0.7561318474000001,-0.6690756719000001,-0.36469694820000004,0.9731730304,0.224952227,1.9201721284,-0.0114447712,-0.5644870583,4039.6685185185,0.0,8.0,4362.8333333333,0.8999525494,0.3803488385
s305,1.9642575629,0.2110632245,1.6040051820999999,2.75,36.5,0.33333333330000003,30.4210526316,0.36666666670000003,-0.0315892762,-0.6257061599,1.5022515846,0.36315228804200006,1.8407106662000001,-0.2636205072,0.2597226027,-2.202274980077484,-3.0901182239898883,-7.3894516425847625,-5.203112610482417,2.32639505,0.2728051442,1.6564620155,0.6666666667000001,0.1666666667,8.4583333333,0.08750000000000001,1.0,0.0005,-4.5416666667,9.625,-0.0334586466,1.0,0.0002781955,-3.0695488722,0.1498296678,0.12244897960000001,1.2785032253,6.6,7.7,2.0363298615,0.5891934137,1.4110852452,-0.23279060640000002,-3.5014312510565966,0.024165337000000002,0.1944444444,-1.8917258561999999,-1.9145319232,-0.5638194763000001,3.4283377134,2.2211127079,0.2615676906,2.686624751,-1.1195720593,0.22857142860000002,3.7262636324000002,151.0,10.925098711,0.2565783653,8.0,0.8549575806,0.0022981446,0.9,0.0027954089,0.6944444444,0.1111111111,-0.3809317806,31.0,0.23529411760000002,1.3519433024,0.4218421064,1.7420698861,-461.5,0.0,-0.0147374772,244.5,3.9325197794999998,0.321483295,1.3188277961,39.0,31.0,5.0439239079,0.6391998429,8.0,2.5586591648,0.4678489383,1.739589394,-1.0504992016,2.2400239169,0.47542282500000005,2.1056976387,-86.0,0.0892857143,-0.4853501468,68.0,0.0798086105,0.201754386,0.0,122.0,162.0,16.0,3.9262339389000003,0.28320507500000003,1.6170996310999999,-1.0129856173,7.4,6.2,283.1666666667,2.6166406003000002,0.39203534100000004,0.9331419768682735,316.75,0.5111111111000001,2.5339641584,0.2994434682,1.5997000053,0.008378413900000001,0.0571428571,96.1666666667,6.2030075188,0.0,2.4501343323,0.3087936844,1.7639077319,-1.2782676469,0.0497756201,-0.34934086870000003,1.5709525147,0.3285541441,1.5304600729,-0.9446795287,-0.220506106,1185.5070887446,36.0,6.0,1878.5833333333,0.9168902907,0.3214755962
s307,0.7686350987,0.0430690409,1.4487382312000001,1.55,50.6666666667,0.5,27.9047619048,0.30000000000000004,-0.24005075850000002,-0.8613357762,3.4387209896,0.3788822196,1.858526096,-0.4819920214,0.9062585616000001,-3.042457788778669,-3.097579182497077,-8.7285718463263,-3.766603480008922,4.4057230989,0.2621894305,1.3606885656,0.33333333330000003,0.33333333330000003,13.2916666667,0.0375,2.0,-0.007500000000000001,-2.2916666667,14.0833333333,0.2065142364,3.0,-0.0092234685,-6.0925366695,-0.5050411183,0.061224489800000004,0.6135273273,8.8,7.0,1.6066502176,0.3421534714,1.5836153212,-1.3571709799,-1.461881786386407,0.013538092000000002,0.2777777778,-1.0422115348,0.6743010351000001,-0.2331515124,3.5345441135,2.804591532,0.061241952700000005,2.4190838531,-1.0170844173,0.1714285714,3.9312389163,206.0,7.6113128603,0.3752535483,7.0,0.7347021103,0.0013230094000000001,0.996875,0.0022656718,0.6388888889000001,0.2222222222,-1.4915167787999999,-55.0,0.3076923077,2.2257946398,0.4277201118,1.3103746785000001,234.0,0.0555555556,-0.06748100330000001,292.0,2.8721255318,0.2938688641,1.2601371235,51.0,40.0,2.2399541553,0.4597755545,11.0,1.3550540963,0.4324534776,1.6354068734,-0.4717654932,3.0218699397,0.2382660936,1.8672584177629998,-11.0,0.11191335740000001,-0.8468687754,43.0,0.0160701958,-0.0210526316,0.0,105.0,131.0,23.0,3.3573754589,0.2611164388,1.2319103154,-1.1963361613,5.1,4.1,299.0,3.725697503,0.3674148158,0.19269406501936365,242.8333333333,0.5222222222,3.5811978233,0.30124280771800016,3.1689189455,0.0233758102,0.0285714286,2.3333333333,34.6565736072,1.0,3.076566924,0.2963088048,1.6989530312,-1.0205658532,0.2344180535,-0.4396534286,1.8388006232,0.3222772765,1.512684139,-0.9466663976,0.2926819744,1881.3583333333,8.0,7.0,3203.0833333333,0.5661229983,0.38472391910000003
s308,1.2151220024,0.32786101430000003,1.5247219792,3.05,39.6666666667,0.4,35.4444444444,0.4,-0.6943921125,-1.3333220564000001,3.7291121091,0.3880673464,2.2764013786,-1.0831402247,0.6837517123,-1.2220867897806194,-2.979158059824444,-9.056746704394303,-5.676539302874922,4.3753281119,0.2566832754,1.4246086829,0.8333333333,0.1666666667,7.125,-0.08750000000000001,1.0,-0.0098333333,-1.0416666667,17.9166666667,-0.0025423729,1.0,-0.0004173984,-3.1746987952,0.15388154738100002,0.2916666667,-0.3165164013,8.4,7.7,2.4612710045,0.4380763696,2.1705890802,-0.0067476807000000005,-3.885802565438721,0.0105681998,0.4444444444,-1.3723670708,-1.5788610909,-0.42503709440000004,3.1507729495,2.3822342527,0.24407501720000002,1.8160243342,-1.0170844173,0.1714285714,3.9312389163,278.0,0.0331595576,-0.6040336065,3.0,0.7896205902000001,0.0022516099,0.9,0.0021833951,0.5277777778,0.40740740740000003,-0.7696186570000001,23.5,0.2,1.8398593411,0.47301990530000004,1.5647883389000001,-138.0,0.1,-0.261910949,296.3833333333329,3.077032768419999,0.31156504594899986,1.6535774576739997,13.035,71.94,16.0264874335,0.4229742302,12.0,1.4291769417,0.5970068055000001,1.6759742685,-0.19950013190000002,3.2965459807,0.4072473925,2.2062231795000002,-13.5,0.1079136691,-1.6920723165,184.0,0.0252396891,-0.0596491228,0.0,66.0,149.0,16.0,3.3648627752999998,0.3078963907,1.4870791632,-1.3009795249,6.8,6.4,252.8333333333,5.3463973644,0.4125723609,1.2216355263040901,200.75,0.5277777778,3.4991062337,0.3095497211,2.5963601722,0.0124914107,0.0166666667,-41.5,60.0378151261,1.0,2.3193887216,0.3686626035,1.4929065812,-1.5142370165,-0.6208944847,-0.41927636560000003,1.7702024292,0.3090531656,1.8268999332,0.0876108131,0.1739508296,1969.3939393939,10.0,8.0,3021.25,0.5986404696000001,0.5990158663
s309,0.8372673499000001,0.0082028721,1.8893964242,1.85,39.2380952381,0.30000000000000004,28.0,0.4,-0.6952912557,-1.3797509752,2.4975524435,0.3840927753,1.5102324099,-0.1813813323,0.5437619863,-0.6593878764809737,-2.2785391046190937,-8.2938428614822,-7.963243425107441,3.2027537772,0.3512982807,1.2037388079,0.6666666667000001,0.1666666667,13.9583333333,-0.0291666667,2.0,-0.008833333300000001,-4.375,15.5,-0.0970588235,2.0,-0.011352941200000001,-3.061826294979001,0.3173312336,0.20408163270000002,0.7661938214,8.1,8.6,1.2097880327000001,0.5010504535,1.6091136647000002,-0.6523501012,-5.446167910640023,0.0038804787,0.75,-3.9844784823,-1.4013014125,0.4181320954,4.4838707464,1.7965978741000002,0.010087995300000001,2.1497072649,-0.9471233902,0.4,2.4009409867000002,97.0,7.6113128603,0.3752535483,7.0,0.6070014,0.0020017531000000002,0.8753829956,0.0022072183,0.8611111111,0.7037037037,-0.7418666141,-95.0,0.3529411765,1.0449783397,0.5135548159000001,2.2612397883,-331.0,0.1538461538,-0.6667862928,442.5,1.3215056917,0.348998908525,2.3182407639,1.0,35.5,2.4068436377420004,0.3584788694,7.0,1.2975778484039995,0.5394145548010002,2.0025576628130004,-0.239434561832,2.6319474911,0.507145893,1.4170411563,68.5,0.0959409594,-1.1613741314000001,80.0,0.0433453703,-0.2167832168,0.3467091006137561,80.0,130.0,19.0,3.1744932905,0.3318686021,1.5265884621999999,-1.7050403797,7.6,4.9,238.3333333333,2.972268853,0.40130356570000003,0.6519433419485968,403.125,0.5,2.4254224579,0.4075519245,1.2206324187,-0.0031741264,0.08380952380499998,128.75,90.7871543779,0.0,3.3122390509,0.37385624100000003,2.192768395,-1.0507806229,-0.4436505651,-0.2370052657,0.5366662674,0.014465188200000001,1.9275251422,-0.021775638700000002,-0.5139851957,1933.2142857143,13.0,8.0,4146.4166666667,0.8941163659,0.4999891178
s311,1.2524153099,0.1670443469,1.8606363680000002,2.35,33.9090909091,0.2666666667,34.2,0.33333333330000003,-0.7066727399,-1.1686558221,2.9386554164,0.30548248570000003,1.8822883779000001,-1.8717274767,0.9625085616000001,-0.7179171933806374,-2.9386271329108116,-10.407135663054696,-7.960616301973353,3.4152250018,0.2620361087,1.2032347909,0.6666666667000001,0.0,6.6666666667,-0.033333333300000004,1.0,-0.001,-3.3333333333,11.6666666667,0.030212627500000002,1.0,-0.007177261900000001,-7.0844000868,-0.06803401440000001,0.1632653061,0.8412487302,7.1,6.2,2.129789167787,0.4189343232910001,1.956996465640999,-0.3022376918030001,-4.280059758100728,0.0092019166,0.47222222220000004,-3.6465414199,-2.1741318333,-0.1448413667,3.3579238221,2.7997792458,0.2607630206,1.3954362611,-1.1652624446,0.2571428571,3.6348828618,246.0,7.6113128603,0.3752535483,7.0,0.5,0.0013190456149999995,1.0,0.0014555085,0.6666666667000001,0.48148148150000003,-0.9540649981,-328.5,0.0454545455,1.4202143813,0.405797556,1.9660230605,38.0,0.2941176471,-0.2742756363,314.459999999999,2.9072411223270014,0.30953718053500007,1.5422612927340003,28.065,86.915,-0.7910599069,0.5137269162,13.0,1.3273719436,0.3925726715,2.5746581765,-0.8370149351,3.4546469385,0.41981785920000003,1.5247037672000001,-14.0,0.10752688170000001,-1.9094578493,107.0,0.046271326200000004,-0.2631578947,0.0,114.0,149.0,23.0,3.5533291177,0.3280933739,1.487760422,-0.8104726993,6.8,5.4,249.6666666667,3.4543308853,0.41959307560000003,0.8030086062384335,249.3333333333,0.5055555556,2.8401014405,0.3116063779,1.5684887156,0.0031180731000000003,0.09761904760000001,-49.0,-94.7856220888,1.0,3.1910462069,0.3392448522,1.6893101062,-0.1402870259,0.5058380180000001,-0.1916649855,1.4911830758,0.3612507894,1.5843650584,-0.8578469558,-0.290307829,2330.6525,15.0,7.0,2969.3333333333,0.8170605184,0.3853521985
s312,0.9952646673000001,0.283708544,1.1482728084,1.75,17.84,0.1666666667,9.9166666667,0.2,-0.0718723934,-1.7748995844,1.8240713913,0.3157191901,1.6973471561,0.26078469,0.3927328767,-2.5940414015895996,-2.265094669197612,-8.369758585437367,-3.5500733005333114,3.6008011358000003,0.24628203280000002,1.3892745534,0.33333333330000003,0.5,4.8333333333,-0.1083333333,2.0,-0.014,-4.25,6.6666666667,0.20759865660000001,2.0,-0.012970612900000001,-3.2619647355,0.1038863696,0.3541666667,0.5630176517000001,8.2,6.6,2.7723787481,0.3273612433,1.7532535673,0.6528807505,-2.6399310119645567,-0.023748094900000002,0.0555555556,0.2577765362,3.5017569844,0.1932209246,4.933693088,3.6913634603,0.061907726,2.6124393826,-0.8217169905910002,0.0,5.7118837382,213.0,25.7627506452,0.3968411315,9.0,0.8065356255,0.0013718656,0.9953124999999999,0.0021957916,0.5277777778,0.37037037040000004,-0.0622773147,-28.0,0.11764705880000001,1.4919655578,0.4085297707,1.9754695197,-160.955,0.0,-0.31043341700000004,150.8333333333,3.1590343276,0.2792288967,1.3403972912,4.0,80.5,-24.2950100523,0.4560821879,12.0,1.702175091,0.34885668210000004,1.6407801545,-0.5735372879,3.5127369999,0.3520653479,1.7336759635,9.0,0.0896057348,-1.5694178380000001,107.0,0.0224480602,-0.0192982456,0.0,81.0,127.0,22.0,4.0671137331,0.26334096100000004,1.9045469781,-0.6592138663,6.9,6.4,324.1666666667,3.8042614582,0.28950717800000003,0.2681668567424339,258.53666666667306,0.5202222222239997,3.242474261468,0.300218150024,1.741041221149999,0.009861304368999999,0.033261904754,12.826666666669,29.775868624267996,0.0,3.0453426265,0.2842974922,2.5952289297,-0.6206687124,-0.8614967152,0.0425141522,1.1348282372,0.06354554550000001,2.4247131547,-0.1166632279,-0.0096565061,1860.3233333333,11.0,7.0,2792.4166666667,0.6791405767,0.2862635186
s313,0.7138826104,0.2515281808,1.5771649465,1.65,33.6842105263,0.36666666670000003,33.1875,0.4666666667,0.040407964500000004,-1.0879921069,4.3778906361,0.43074299650000003,2.9402848726,-0.8854758803,0.9437619863000001,-1.5609250209869114,-3.0129864382213816,-12.11136264579788,-6.505907973905224,2.5992194228,0.25466758840000003,1.7442080173,0.6666666667000001,0.0,7.875,0.07083333330000001,1.0,-0.0011666667,-2.625,12.625,0.053571428600000005,1.0,2.8571400000000002e-05,-2.7071428571,0.12585833784400005,0.3469387755,0.2003384591,5.2,4.6,1.4644754726,0.5385431029000001,1.920605229,-0.8001369637,-1.6824211107677391,-0.0127948221,0.30555555560000003,-0.2274053987,1.9377115494,0.5418530125000001,4.2364289123,1.7905551878,0.0412716147,2.3475121524,-1.070541321,0.2,3.8243251091,219.0,0.0020301011,-0.5076156931,3.0,0.6927307129,0.0020009418000000003,0.8550415039,0.0018890247,0.3611111111,0.40740740740000003,-1.4267009232,-172.5,0.5555555556,1.6330872466000002,0.35842883480000004,1.8024417412,-53.0,0.0384615385,-0.484331188,409.8333333333,2.5348994119,0.3691987141,1.3027370343,81.0,100.0,2.5881766554,0.5884750328,7.0,1.3968951302,0.571354416,1.8110761564,-0.12518168100000002,2.4185026646,0.45141127313100005,1.9676669069939998,-10.5,0.1,-0.6913582768000001,101.0,0.0135977506,-0.23116615070000002,0.6931471805599453,89.0,133.0,23.0,3.9584352036,0.3669550917,1.5048952549,-0.9577223507,4.5,4.7,453.6666666667,2.5883693582,0.4032198373,0.22194058516047993,329.5833333333,0.5444444444000001,2.3754270129,0.3630974575,1.4173073214,0.012265240600000001,0.0904761905,17.5,23.7645342312,0.0,2.4091373759,0.4633883621,2.3413525853,-0.7166928957,-0.7012447698000001,-0.4111547205,0.9466776453,0.054294252800000005,2.815117948,-0.3390243429,0.0090054474,3057.0729166667,16.0,7.0,3161.25,0.5097746492,0.15407075820000002
s314,0.9234777825,0.0641965476,1.479295657,1.3,45.4545454545,0.2666666667,25.9523809524,0.30000000000000004,0.0867163554,-0.9597313876,3.0299808062,0.4175228969,2.1906205473,-0.4729955817,0.6447859589,-1.3088958205154277,-2.1880035232317967,-7.867655219384583,-6.26128941277931,1.8905667212,0.2471425908,1.5495604323999999,0.5,0.5,9.7916666667,0.054166666700000005,1.0,-0.0061666667,-4.375,11.4166666667,0.0130258078,1.0,0.0023361105,-4.2688477952,0.2744161807,0.1632653061,0.37554579,6.7,6.8,1.2489554588,0.3955853939,2.1480267615,-1.1440520919,-2.867214792100684,-0.0237645174,0.1111111111,-1.7643012135,-0.6922508576,-0.4577982659,2.6898896498,1.4792223031,0.0556959469,2.1195938353,-0.5702753737,0.11428571430000001,3.5486446675,177.0,25.7627506452,0.3968411315,9.0,0.5336376190000001,0.0011016754,0.8696380615,0.0019938994,0.30555555560000003,0.33333333330000003,-0.2772181376,-55.0,0.2307692308,1.148915358,0.4222751105,1.8288387341,-451.0,0.15789473680000002,-0.3497405706,378.6666666667,1.9036026473,0.2352954626,1.4093957439,26.0,52.5,2.413828048913999,0.5487029384000001,3.0,1.7997501771,0.4765105357,1.8659163324999999,0.1395186893,1.7020490916000002,0.4301664942,1.5065596577,43.0,0.1297709924,-1.2675445735,76.0,0.034305935600000004,0.5465686275,1.0986122886681098,85.0,131.0,24.0,1.3753670943,0.3541580599,1.4679831417,-0.9612907339000001,6.9,5.9,371.1666666667,2.6619765406,0.3064630795,0.3955603392350334,361.5,0.55,2.4821851358,0.3335737861,1.2588730149,0.0033856399,0.09761904760000001,36.361666666668015,11.549914383600001,1.0,1.8520378458,0.3780194965,1.9220918649,-1.0222751062,-0.2869662954,-0.2400227346,1.1205826765,0.0262318011,2.2774979307,-0.4370696824,-0.2986232794,1663.7347222222,4.0,10.0,4103.8333333333,0.6550417424,0.2235305136
s315,1.6291897094,0.2374634019,1.0632346217,1.6,35.5238095238,0.30000000000000004,17.85,0.33333333330000003,-0.7403728999,-0.6685265634,3.8144414083,0.3463301887,2.246638373,0.0938548911,0.6508835616,-1.420290390637773,-2.724921170440075,-9.382097133273694,-4.848972441427707,3.0050569173,0.24300243640000002,1.3660079534,0.1666666667,0.33333333330000003,12.6666666667,-0.1,0.0,-0.0106666667,1.5,12.625,0.0212121212,2.0,0.0061818182000000005,-3.6287878788,0.6782835467,0.27083333330000003,0.2461672199,6.7,4.6,1.1504486624,0.3821317703,1.3953995093,-1.2607610401,-1.5404450408804822,-0.0121769274,0.0,-1.2661680679,-5.404612232,-1.6096498199,0.1510585512,1.9185090662,0.2679245194,0.9284120254,-0.9928100529,0.22857142860000002,3.4727396196,175.0,2.3916188301,0.3492235958,5.0,0.8144592285000001,0.0022319445,0.9528320312,0.0028819229,0.3888888889,0.0,-1.0204198679,-64.0,0.1875,1.2172120002,0.3839573996,2.0065180346,-305.0,0.2222222222,0.08916360470000001,319.828333333334,2.5293121790590005,0.3084816176990002,1.4910595776580005,23.185,72.785,1.6581250063220008,0.5170343519,2.0,0.6550655883000001,0.2969012454,1.5097386502,-0.9333507649,2.6816417591,0.3930186225,1.7212768325,28.0,0.11510791370000001,-2.7855662441,91.0,0.0337465392,0.3428571429,0.3600508842135649,117.0,167.0,20.0,2.7469542106000002,0.31040233300000003,1.2063014506,-0.5242977021,5.6,3.6,210.0,2.7648350432,0.3077364642,0.29910742240446536,227.8333333333,0.5333333333,2.9388512151,0.3019338508,1.0644303035,0.0071545558,0.0738095238,34.6666666667,31.3141734417,0.0,2.014977914,0.3002884561,1.7677514359000002,-1.9603456011,-0.6234669006,-0.7049766116,0.8954630078,0.3422562991,1.4605051777,-0.4291950573,-0.40833816040000004,1602.5407407407,15.14,4.0,1271.0833333333,0.1643408864,0.345926789
s316,1.3297028957,0.2833396736,1.4874010881,2.05,39.3,0.33333333330000003,30.3636363636,0.2666666667,-0.7217626912,-1.4377916679,3.6167388241,0.36806640630000004,2.2986199129,-0.10155930590000001,0.6562619863,-0.7902051197462849,-1.2338966846770512,-9.482137284317801,-7.6294196364636875,4.7992525068,0.26868235760000003,1.4158703991000001,0.33333333330000003,0.33333333330000003,13.75,0.0416666667,2.0,-0.0183333333,-3.75,8.875,0.0791666667,2.0,-0.011166666700000001,-2.125,0.1270740954,0.20408163270000002,0.8256563451000001,8.2,6.8,2.307882115,0.3755521617,2.2733872475,-0.1974749686,-5.178147581445514,0.0036243736,0.6944444444,-0.24047376040000001,2.0916268756,-0.3719338943,3.8121088774,2.9559830635,0.3012057718,1.093194917,-0.8893284577,0.11428571430000001,4.1867508355,124.0,7.6113128603,0.3752535483,7.0,0.7073301315,0.0013157363,0.9288833618000001,0.0012716035,0.5833333333,0.6296296296,-0.5584796306,-219.5,0.0666666667,1.5131677574,0.5608167939,1.8945801226999999,-35.0,0.11764705880000001,-0.44596542520000004,298.6666666667,3.4069413544,0.2610034704,2.6636610312,1.0,177.5,3.6446965655,0.554232052,14.0,1.0528494424,0.4943978646,2.0380752556,-0.6327134507000001,3.2022805116,0.3994189634,1.4612195025,36.0,0.1678571429,-1.0513725774,85.0,0.0505727606,0.11403508770000001,0.0,101.0,137.0,19.0,4.475030053,0.2963072476,1.0605151027,-1.9403597923,5.8,5.7,290.1666666667,3.8334916906,0.3433428281,1.380187224616964,348.5833333333,0.48888888890000004,2.3569841316,0.2782004048,1.3557544679,0.0006815025,0.0833333333,109.8333333333,42.364761697,0.0,3.4178816150999998,0.36650933100000005,2.6859326998,-0.9739627738000001,-0.4058967331,-0.6150767536,2.0205630217,0.290847821,1.6784106078,-0.15339239370000002,0.3926003148,2194.937037037,4.0,7.0,4451.25,0.8402870943,0.5736837362
s317,1.200289379,0.2982591676,1.2498904469,1.65,42.5652173913,0.2333333333,21.95,0.33333333330000003,0.1158408107,-0.39485504860000004,2.4628487913,0.38119513728399995,3.5747616829,-0.1925925889,0.38489041100000004,-1.527479233099375,-1.2182697253169674,-7.245059201358088,-6.421308888414969,3.0909951362,0.32865865710000003,1.7028031737,0.33333333330000003,0.33333333330000003,17.6666666667,0.033333333300000004,0.0,-0.0023333333,-0.5833333333,9.0833333333,0.14011165990000002,1.0,0.000980889,-0.4479278505,0.0043264337,0.1304347826,1.0926365796,6.7,6.1,1.1254208742,0.40246435900000005,1.3386607915,-1.5330518162,-5.5894440849865425,0.0016207824,0.7222222222,-3.7809828306,-3.3702031874,-0.7181835497,3.1196095666,2.0115818247,0.2722361551,1.530547249,-1.1652624446,0.2571428571,3.6348828618,124.0,33.4975327575,0.7914198081,9.0,0.7326746941000001,0.0015744983,0.7935958862,0.001700424,0.1944444444,0.48148148150000003,-2.6528199518,-133.0,0.6842105263,0.9422247188,0.48416956440000003,1.4144191852,-249.0,0.22820249756600008,-0.1679547334,459.5,0.9607105526,0.3226442308979998,1.9770423248000002,41.5,65.0,0.08576174748100007,0.8381351496,7.0,0.8160698755,0.4823756038,1.3455988587,-0.3431563523,2.5975876636,0.40602647620000004,1.8801046692,39.0,0.0842490842,-1.8219148550000002,156.0,0.0767749199,-0.2083333333,1.0986122886681098,109.0,159.0,18.0,1.9194313103,0.3575485396,1.5630895947,-0.3842518263,6.4,4.7,397.6666666667,0.3344144436,0.35547561710000003,0.2773751031404274,320.1666666667,0.5330555555509997,1.4978519238,0.325433483,1.3862621887,0.00048576660000000004,0.09914285713899997,34.6666666667,28.9800831177,1.0,2.0643403413,0.36851600570000004,1.4674190929,-1.0580616274,-0.2881667828,-0.28991690540000004,0.6502482689,0.3305518112,1.5045690094,-0.9149563324000001,-0.5129200245000001,2005.96,3.0,9.0,4255.0833333333,0.1653728189,0.183541441
s319,1.0136228062,0.3366841756,1.5249761468,1.75,29.64,0.1666666667,18.8571428571,0.30000000000000004,-0.5856540003,-1.497068761,2.3310610615,0.4212389083,1.5621641144,-1.0474410837,0.10045376710000001,-3.1738844526954275,-3.2498294354778303,-6.71621336166414,-4.82826025576762,4.3279621164,0.2755358869,1.919628639,0.1666666667,0.33333333330000003,7.5416666667,0.0625,0.0,-0.0085,-2.125,9.5416666667,0.0890070922,2.0,0.0014633570000000002,-2.7174940898,0.0191028484,0.306122449,0.9138666212000001,7.4,5.1,2.5815416002,0.34766665210000003,1.8734477845000002,1.4044830216,-2.8068840816544487,-0.0194935754,0.1388888889,-1.5218790521,1.9820632099000002,0.3298219498,4.6604910377,2.5690003707,0.242672714,1.5614709684,-0.44725768790000003,0.2,2.577757843,169.0,25.7627506452,0.3968411315,9.0,0.6080402374,0.0013703817,0.7919845581,0.0017649725,0.47222222220000004,0.2962962963,-1.0307001635,-39.5,0.2666666667,1.4502526042000001,0.4632146579,2.0843689545,-137.0,0.0,-0.5297055005,336.79833333333505,2.883155083194,0.32645239131399995,1.6551013712219995,16.465,62.995,5.1763705987,0.557411611,5.0,2.0180377154,0.4206460225,2.0424867934,0.10199120960000001,3.0303361946,0.49429827870000004,1.5778474916,-54.5,0.1285714286,-1.1004853104,146.0,0.028184263600000002,-0.1589267286,0.6931471805599453,72.0,127.0,20.0,2.9547822932,0.3017029774,1.6327932069000002,-0.64537261,5.4,5.2,289.3333333333,2.886208755,0.3712405312,0.699684250831472,289.4166666667,0.5111111111000001,2.8348105995,0.3134218796,1.9143599360999999,0.013454057600000001,0.05,22.5,37.5955871125,0.0,2.6535684021,0.47418915030000003,2.3517575124,-1.4700870508000001,0.1809247002,-0.0281751722,1.3232379912,0.0453498948,2.2946458228,-0.9861350312,-0.5203218896,1971.6416666667,0.0,9.0,3495.5,0.5275765457,0.1634999285
s320,0.3705298973,0.0219649746,1.6811692824,1.2,18.72,0.1666666667,12.625,0.2,-0.24310770950000002,-0.5347855582000001,2.7576184345,0.36442030120599994,3.3368561017,-0.2643832754,0.0492585616,-3.3686837792425726,-3.418983036894744,-6.571939397581133,-4.79967578111036,3.3757962887,0.26693898650000003,2.1861967429,0.0,0.5,15.4583333333,0.08750000000000001,0.0,-0.00016666670000000001,-1.875,21.75,0.0974395448,0.0,0.0012469010000000001,0.49786628730000004,0.5276676829,0.2916666667,0.5113185976,5.9,5.4,0.6138860158,0.4599582275830001,1.6949579764,-1.5739253547,-1.5404450408804822,-0.0104976232,0.0,-1.7806096188,0.39482050550000003,-0.16659523950000002,2.6338892398000002,1.7219151054,0.2005008542,1.4487554238,-1.0385004382,0.2571428571,3.3813588491,139.0,1.2928725743,0.0438060331,4.0,0.6065191269,0.0012856274,0.6121253967,0.0014826140000000002,0.5833333333,0.0,-0.7694649807,21.0,0.5,0.5942071858,0.24757408020000002,1.3539531301,-43.0,0.4285714286,-0.0419425598,356.7733333333371,2.510599762557001,0.31114709512699984,1.6010142655060002,21.3,61.235,0.19281174741800008,0.3193217689,0.0,1.1899671596599999,0.505300717275,1.910830277763,-0.30684877493700013,2.8024420106,0.45958895850000003,1.5300423605,-21.0,0.1223021583,-1.7965518913,41.0,0.0054414032,-0.0122807018,0.0,92.0,131.0,19.0,4.0583369979,0.30975748010000004,1.8611100898,-0.1499340663,5.9,5.6,434.8333333333,3.0296475678,0.18491460910000002,0.8919104607571066,306.008333333333,0.5300000000009998,2.411497347315002,0.3160254208030001,1.759036653677,0.007285136038000001,0.08199999999700001,17.941666666659,41.68543198892102,0.83,2.3713103676,0.42835494960000003,1.3869904832,-0.6148184171000001,0.1337894868,-0.08194921570000001,0.4101924334,0.048056721000000004,1.8098232986,-0.4517342748,-0.40854833890000003,2041.060966811,26.0,4.0,2150.5833333333,0.15085408120000002,0.9116692333
s321,0.7907109291000001,0.06254775800000001,1.2511473755,1.25,22.2272727273,0.2666666667,20.1304347826,0.2333333333,-0.27501491910000003,-0.8496554373,2.7400519425,0.33378368880000003,1.5558900972,-1.8047382287,0.0316832192,-3.450671854267206,-2.8174141531613928,-6.769938378561552,-4.668254213513899,4.2035551517,0.2185676306,1.6720668925000002,0.33333333330000003,0.33333333330000003,13.7083333333,0.1375,1.0,0.00016666670000000001,-1.7083333333000001,19.875,-0.0291500105,1.0,0.0006379129,-3.1574794865999998,-0.38366632170000003,0.24489795920000001,0.0379288387,7.8,5.5,2.1768566618,0.3546252925,1.9506098728999999,-0.8023203702,-2.0313490428824137,-0.0152817339,0.1666666667,-2.375615431,-2.1230852181,0.3298219498,4.6604910377,2.2805001167,0.160292143,2.6096385078,-1.070541321,0.2,3.8243251091,113.0,2.2159153031,0.5396664592,8.0,0.6426935196,0.0021214159,0.6805908203000001,0.0020865739,0.7222222222,0.0,-1.1188194081,-63.0,0.5,0.7743466188,0.3006539567,1.2076329139,-62.0,0.3846153846,-0.3731348533,340.11166666667106,2.518383143369,0.2972578952329999,1.4993241413620007,23.815,66.24,-7.6429566308,0.3972849875,9.0,2.2039689233,0.41220044170000003,1.8367734734,-0.5951194657000001,2.676212886,0.370098184,1.2645900629,-36.0,0.053571428600000005,-1.2078133351,95.0,0.051511895700000004,0.1614035088,0.0,88.0,131.0,17.0,2.9852101536,0.23962084120000002,1.1395049047999999,-0.0257156664,6.5,6.4,211.1666666667,2.2510830042,0.32749586070000003,0.34451185305190796,316.375,0.5222222222,1.8573052154,0.17947517000000002,1.758235579,0.0001055414,0.0857142857,59.5833333333,134.6018569692,0.79,2.2238454163,0.30771718940000004,1.3192015869,-0.1425107239,-0.20352597290000002,-0.042588497100000004,0.6495343313,0.0776204752,1.7434948927,-0.458165973,-0.3800240621,1988.2770833333,25.0,5.0,2914.3333333333,0.5157987279,0.2250703199
s322,1.0655669879,0.025173453300000002,1.9442676045,1.85,27.95,0.33333333330000003,38.3333333333,0.5,-0.3845153807,-0.4625947072,4.0536574264,0.42881610410000004,1.7510650021,0.0144572148,0.0387910959,-2.4676657220205467,-3.205777057033553,-7.137583610310547,-4.302243874629957,3.8619219452999998,0.3196177156,1.3334068661,0.6666666667000001,0.1666666667,4.9583333333,0.0208333333,1.0,-0.00016666670000000001,-3.2083333333,15.125,-0.0894736842,1.0,-0.0018195489000000001,-3.9022556391,-0.3741496599,0.12244897960000001,0.2944606414,6.9,7.6,2.5521435471,0.4208104856,1.8150107549,-0.8756958321,-5.368898684662899,0.0027783418,0.7222222222,-1.4247856827,0.3926991362,0.0,5.3201349372,3.8014129072,0.0057469967000000005,3.9237266069,-1.0170844173,0.1714285714,3.9312389163,160.0,10.925098711,0.2565783653,8.0,0.7991960526,0.0009180071,0.9559326172,0.001637144,0.5833333333,0.37037037040000004,-0.6471941998,136.0,0.0714285714,1.978453682,0.4566566167,1.9622604886000001,-284.0,0.0,-0.6889006054,329.6400000000041,3.1230299785249995,0.31990634658999983,1.5437601389590005,18.82,76.035,-25.8478694977,0.4423011975,14.0,1.5033403073,0.5103574356,1.5360150100999999,-0.1720990702,2.7375505991,0.3936530261,1.4643727591,5.0,0.0857142857,-1.0881968059,68.0,0.0348015578,0.0298245614,0.0,130.0,159.0,21.0,2.8151292796,0.3610450423,1.3105631801,0.261188279,5.8,6.2,275.6666666667,3.6858318888,0.3566431297,0.6466209935441048,281.25,0.5222222222,3.403728197,0.32942652980000003,1.6007272691,0.0251410367,0.038095238100000005,6.5,21.2548857693,0.0,2.5671028713,0.4435693114,2.0428335442,-1.6340790376,-0.3745174208,-0.0526427998,1.7784294998,0.3609416985,1.6907080775,-0.18600988340000002,-0.1067020209,2106.8283333333,10.0,8.0,2958.9166666667,0.4955368578,0.3166881805
s323,1.5473519102000002,0.2550495896,1.3832418809,2.3,25.1363636364,0.2666666667,11.5714285714,0.30000000000000004,-0.28872503780000003,-1.4927147752,3.9804647722,0.33516710310000003,2.3842800062,-0.46202850640000004,0.4636643836,-2.004817068935512,-2.3551228529867485,-6.79867982227062,-5.794643419004227,5.9236001677,0.3202315027,1.6739035232,0.6666666667000001,0.33333333330000003,4.6666666667,0.058333333300000005,2.0,-0.008,-3.6666666667000003,7.3333333333,0.1203672788,2.0,-0.009692821400000001,-2.4958263773000002,0.36106050440000004,0.25,1.2154089558,7.7,7.9,2.9084501597,0.40628511040000004,2.1851483928,0.594186387,-5.98890043724916,0.0019892562,0.8333333333,2.5328902685,5.1491738625,0.0,5.3201349372,4.3752239112,0.1255451927,3.4708485182,-0.9575666758,0.1428571429,4.0502743994,168.0,7.6113128603,0.3752535483,7.0,0.8097320557000001,0.0012098777,1.0,0.0020477345,0.75,0.7407407407000001,-1.1532610757,129.0,0.13636363640000002,1.6670981964,0.4723822076,2.27026505,-122.5,0.0625,0.0565829735,282.6666666667,4.4400145357,0.3036723175,2.0520240912,29.5,16.5,4.218983818664002,0.4900670442,12.0,1.4878362003,0.4900845682,2.1473215183,-0.3768596991,3.6492349806,0.42097269540000004,2.0191643566,-12.0,0.0892857143,-1.5814408809,154.0,0.0574377463,0.2649122807,0.0,76.0,123.0,16.0,4.861860543,0.2974458451,1.6185163668,-1.6596063614,5.1,4.5,224.8333333333,4.1814042896,0.2684080855,0.8578747696798594,221.75,0.5388888889,3.0358867969,0.3489029809,1.3830423598000001,0.012943097700000001,0.0357142857,-37.8333333333,56.2984981227,0.0,3.5069898001,0.3445146106,2.7459775716,-1.2019696438,-0.39537853030000003,0.0036002436,1.9584400906,0.3370186726,1.5817184102000001,-0.2750979984,-0.3480357327,1951.0916666667,11.0,9.0,3655.75,0.8537444743,0.4118009198
s324,0.9083925781000001,0.0934698442,1.5854513731000002,1.9,35.48,0.1666666667,30.2222222222,0.4,0.1508064228,-0.5195678425,2.4702494403,0.3073605884,2.1016955624,-0.2122709191,0.3337517123,-0.8065210723927481,-3.374368730077063,-7.562886895366118,-6.449084246729389,5.1790206823,0.3030824573,2.2769061814000002,0.5,0.5,7.3333333333,-0.0833333333,2.0,0.0053333333000000005,-1.75,5.75,0.0637980085,1.0,0.0026230441,-2.0798618167,0.057015587763999995,0.2244897959,0.17936677180000002,7.9,5.9,1.8324722656999999,0.47702228690000004,2.3574640071,-0.7635731103000001,-1.5404450408804822,-0.0138099191,0.0,-3.4632397188,-4.7948183427,-1.0046304968,1.3719822656,1.4732764651,0.4141871261,1.3076819856,-0.7017421781000001,0.0571428571,4.5619233948,172.0,10.925098711,0.2565783653,8.0,0.6961903572,0.0013119089,1.0,0.0021250880000000002,0.47222222220000004,0.18518518520000002,-1.0927344768,184.0,0.0833333333,1.5970391348000001,0.4898147346,1.8783131015,-43.0,0.30000000000000004,-0.0339687523,354.3333333333,2.6658430044,0.3999152788,1.3365057901,6.5,49.0,-10.578393181500001,0.7030936066,3.0,1.1285406392,0.6566447554,1.5703871087999999,-0.3213441085,3.0995005172,0.3923043902,1.9006389345299988,48.0,0.1178571429,-2.7639624731,154.0,0.0059880104,-0.0842105263,0.0,78.0,140.0,23.0,4.2896019942,0.32249844050000004,2.1996002885,-0.3531133368,4.8,5.1,242.5,2.7051947698000003,0.4303792279,0.6731737560877584,242.5833333333,0.55,2.7448553928,0.38502665820000004,1.2405854626,0.0089111934,0.069047619,8.1666666667,42.9242424242,0.0,3.9914803492,0.4363719225,2.1082282817779996,-0.36535948220000003,-0.7174082202000001,0.059516977900000004,0.9494186049000001,0.1986066535,1.688940556,-0.1066178948,-0.039564489200000004,1596.4949494949,18.0,7.0,3368.4166666667,0.4735200015,0.546822491
s325,0.4868895004,0.0124074058,2.3421784496,1.6,14.8888888889,0.1,11.0,0.2,-0.2158515855,-0.8637351127,4.0878531186,0.33004892210000003,2.6703652109,-2.2231700508,0.050551369900000004,-3.2450062218879125,-3.3916709832298966,-6.586654214637227,-3.8206406521720657,5.6318310328,0.2782684624,2.0947916543,0.6666666667000001,0.1666666667,8.0,-0.0083333333,1.0,0.0006666667,-1.0833333333,17.6666666667,-0.0991444073,2.0,-0.0091702838,-2.5175292153999997,0.6621524016,0.33333333330000003,0.3053448899,6.7,5.2,1.9500561118,0.6390776666,1.6501270613,0.0786224853,-1.5404450408804822,-0.0077187666,0.0,0.5914378086000001,0.663821367,0.0,5.3201349372,4.7843130352,0.3127121587,2.3218340011870002,-0.8893284577,0.11428571430000001,4.1867508355,233.0,10.925098711,0.2565783653,8.0,0.8288330078,0.0012576161,1.0,0.0021488880000000003,0.5277777778,0.1111111111,-0.785531607,-252.5,0.1111111111,1.7412544598,0.576770039,2.198352266,-64.0,0.0,-0.2659900398,261.3333333333,3.0512933467,0.3254806645,2.1823050135,14.0,226.0,24.5580482578,0.5837892468,7.0,1.412288752,0.6078589515,1.8980549921,-0.1111393695,2.7141683281,0.4719005483,2.0705645454,3.0,0.09677419350000001,-1.5571761093,48.0,-0.0372655852,-0.1701754386,0.0,102.0,135.0,21.0,3.5518460803,0.3044293527,1.881722807,-0.5644440543,5.6,4.7,233.6666666667,3.2077760286,0.38588186090000004,0.49200862220034897,264.0833333333,0.5222222222,3.3633027456,0.31137733370000004,2.4174440051,0.0051143148,0.0119047619,-15.5,100.9336000379,1.0,2.7287470805,0.4339796376,2.1154059469,-1.4239568152,-0.8439299098,-0.2199786055,1.2716100457000001,0.2070514762,2.2589294076,-0.5321581461,-0.2559178784,3021.1,10.0,3.0,4249.0833333333,0.8794671563,0.4985713713
s326,0.7709955904,0.0061949493000000005,2.285578102,1.6,46.9285714286,0.5333333333,34.3571428571,0.5333333333,-0.0706340459,-0.7005713843,2.9136506342,0.3823799351,2.0941332011,-0.6056778308,0.4288544521,-3.1112661292630213,-2.9718418538538285,-7.46385637568734,-4.156031683666408,2.1840948568,0.2417656158,1.5718785408,0.8333333333,0.0,11.875,0.0375,0.0,-0.0018333333,-0.125,12.1666666667,0.0113475177,1.0,-0.000212766,-1.3617021277,-0.137237183,0.1304347826,1.0188565576,8.2,7.2,1.4019372444,0.42658707630000003,2.2589619136,0.47328007930000004,-1.342494572568371,0.0198443862,0.2222222222,-3.4245320456,-3.824369996,-0.95341663,2.604344651,1.3282825709,0.0057981675000000005,2.253367957,-0.8409013323000001,0.3714285714,2.3379468797,279.0,2.3916188301,0.3492235958,5.0,0.6633827209000001,0.0013894233,0.6546336174,0.0010662103,0.6666666667000001,0.37037037040000004,-0.7930374865,-206.0,0.4166666667,1.3925597392,0.2177678428,2.0628548307,518.0,0.058823529400000005,0.16277740640000002,334.90500000000196,2.505646225740001,0.32115159732699994,1.5456947975280002,26.935,68.96,5.3369044447689955,0.6699352913000001,7.0,0.7972490520000001,0.43319878770000003,2.6354912369,-0.4686112801,2.4907836212,0.3876684228,1.9334491266,65.5,0.12075471700000001,-0.9368273121,109.63,0.040152526033999984,-0.018102683177999995,0.3865989410793989,92.64,142.79,20.8,1.5250170779,0.30908227335900007,2.269235378,0.1480720817,5.8,5.5,281.6666666667,2.2352817289,0.3640880388,0.4147980953086332,264.0,0.5222222222,2.6347650134,0.3930074149,1.332932267,0.0184951644,0.080952381,-3.6666666667000003,13.5382969971,0.0,3.404650198,0.4265284131,2.108830112695001,-0.6441394829,-0.8720171280000001,0.1161548819,1.7414913188,0.3452513579,1.9905396673,0.0295364419,-0.2991939222,2807.5595238095,-3.0,6.0,4524.8181818182,0.1639690491,0.1580530631
s327,0.6739938691,0.036623275500000003,1.5055173977,1.4,13.4347826087,0.2333333333,12.7142857143,0.30000000000000004,-0.9381984101,-1.3689573826,2.0104887821,0.3424168148,1.4114562645,-0.2534476616,0.21290239730000002,-3.3809164246662218,-3.0603621225951616,-4.977527384771366,-4.973675170957698,3.4110477,0.23603887340000002,1.35370056,0.33333333330000003,0.1666666667,12.0416666667,-0.0041666667,0.0,-0.0061666667,-2.0416666667,21.0833333333,0.0571944177,1.0,-0.0062338787,-2.4056785371,-0.07423923660000001,0.1632653061,0.5676550447,6.6,5.3,0.40561448650000004,0.2594765785,1.5617082388,-1.6452862698000001,-1.5396068179542208,-0.013421877,0.0,-1.0768934644,0.8000195819,-0.3341481062,2.9689949732,2.5865265279000003,0.1589621029,1.4464692916000002,-1.3646783862,0.4,3.2360509786,141.0,7.6113128603,0.3752535483,7.0,0.7219559669000001,0.0019021311,0.709879303,0.0017899834000000001,0.2777777778,0.18518518520000002,-1.2783323874649997,-59.73,0.38430335541300004,1.3722494962919998,0.37580314135000015,1.5185420068350002,-110.565,0.19274846260300013,-0.30955816164300015,292.8333333333,2.2271876686,0.2390259756,1.2573469359,7.5,32.5,-1.1625645555,0.3064446643,5.0,0.9890239357,0.4299783209,1.9626932316999999,-0.8313838815,3.2494541354,0.37662689850000003,1.3743372588,-27.0,0.0892857143,-2.4198858501,52.0,0.0316719488,0.0639834881,0.6931471805599453,74.0,112.0,18.0,3.5134404053,0.2551091055,1.6118282598,-0.6325791904,5.5,4.2,362.8333333333,1.3420404628,0.30767351567500006,0.4645721361693444,160.0,0.5611111111,1.9376750101,0.21376514770000002,1.5227030691999999,0.00032793,0.09790476189899999,15.980833333330995,60.5315652803,0.94,2.5329100296,0.30741011090000003,1.6412383506000001,-0.46433057850000004,-0.7188806119000001,0.0949274031,0.8798525441,0.025299054600000002,1.9357006392,0.0152271257,-0.0034258390000000004,1867.2633333333,2.0,9.0,4229.5833333333,0.1624280434,0.352211781
s328,1.2434799661,0.2718442622,1.7814430910999999,2.25,56.25,0.4666666667,30.1111111111,0.4,-0.3560539408,-1.3971197693000001,3.0072571968,0.3376290537,1.3686108024,-0.1888532951,0.0362003425,-3.378503089262312,-3.4598355362492166,-6.718299659497962,-4.829361617905837,3.1990468486,0.2893409408,1.3824582245,0.6666666667000001,0.33333333330000003,11.75,0.0833333333,2.0,-0.0023333333,-2.0833333333,15.25,0.20899898890000002,3.0,-0.0102628918,-3.0798786653,0.031047388714000004,0.20408163270000002,0.12533360470000002,7.0,10.0,1.8270770532,0.2667587715,1.8365454889000001,-1.083569732,-2.3183946571091325,-0.0211543832,0.0277777778,-1.9053525055,-1.0466555228,-0.1396485122,3.347538113,1.8607350722,0.2039671481,2.7387577021,-1.2890129854999999,0.3428571429,3.38738178,131.0,7.6113128603,0.3752535483,7.0,0.7179199219,0.0016188029,0.9,0.0017327267,0.6388888889000001,0.037037037,-1.3676387146,21.0,0.2173913043,1.5211903563,0.4520537999,1.5723957994000002,8.0,0.1875,-0.5064660201,350.6666666667,3.2395757968,0.3828375061,1.2891317988,27.0,30.5,-30.1726240221,0.49807485030000004,7.0,1.7560167818,0.4841850802,1.726092511,-0.228276432,3.2414678123,0.3785566326,1.6224104594000002,-4.0,0.1107142857,-1.5606170604,165.0,0.048866025,0.2631578947,0.6931471805599453,84.0,155.0,24.0,3.0549942562,0.3243875039,1.4064531278999999,0.0301015357,6.1,7.1,386.5,3.6525019427,0.2970852254,0.3156957904029794,276.8333333333,0.5222222222,3.8677244897,0.331865495,1.8658100537000002,0.0071112899000000005,0.0738095238,51.3333333333,26.5240645987,0.0,2.5604378115,0.3978789945,1.8501777523,-1.0604108286,-0.1971750723,0.2795918482,1.3602921742,0.35045253800000004,1.5594113587,-0.7699326072,-0.1413833782,2873.2583333333,10.0,5.0,2790.6666666667,0.8618797458,0.39179920030000004
s329,1.3046144456,0.3070730166,1.634794099,2.35,12.2222222222,0.1,16.538461538500002,0.1333333333,0.0507439066,-1.2225729093,2.5394283429,0.3600102525,1.4300030737,-1.2414004187,0.5187517123000001,-0.5212825042004043,-2.4770200227490458,-7.569369490745442,-6.834015531757752,4.9732561099,0.2977593342,1.4112091851000002,0.5,0.5,24.25,0.075,2.0,-0.0043333333000000005,-2.6666666667000003,28.9583333333,-0.0180662135,1.0,0.0002617847,-1.0940583205,0.060721721000000006,0.306122449,1.1821651631,7.5,7.1,2.2699994633,0.5704980553,2.2570924644,0.3481530651,-3.775475362513504,0.0118293,0.3888888889,-0.7418184052,-0.1152950688,0.1910395678,4.9380558016,2.9723400741,0.0327829851,2.0272868477120003,-1.4013457528,0.4285714286,3.1627162453,129.0,25.7627506452,0.3968411315,9.0,0.6417585373,0.0008663908,0.9075439453,0.0011118678,0.47222222220000004,0.5925925926,-1.3801642037000001,-13.0,0.2307692308,1.6571809176999999,0.3959274007,1.2537697235,3.0,0.23529411760000002,-0.054344218900000005,340.1666666667,2.6377958658000003,0.28190254600000003,1.5908566385,-16.5,172.0,-2.6316993777,0.3899128991,12.0,1.883010845,0.4679519455,1.9978837604000002,-0.4845868863,2.3519942246,0.42181803500000004,1.9709542474,-22.0,0.1107142857,-0.9092842974,107.0,0.0117606505,-0.1333333333,0.0,77.0,126.0,20.0,2.1011287821,0.27370466450000003,1.1159866278,-1.9038303094,7.1,7.0,320.915000000003,2.9169616420229993,0.31732024535599995,0.46276724647324124,344.1666666667,0.5611111111,1.9659844116,0.2880953914,1.2247144895,0.0168068931,0.14047619050000001,15.3333333333,56.724866906,0.0,1.9256576036,0.3889393289,1.542649932,-2.1968620067,-0.0376715425,0.1125582843,1.1462408831,0.3132108685,1.1999505403,-0.0699220242,-0.2522391638,2589.7037037037,7.0,9.0,4734.8333333333,0.47427735460000003,0.2828473834
s330,1.3799450978,0.28265021690000003,1.8063723745,3.0,25.0434782609,0.2333333333,10.0,0.1666666667,-0.40418020530000004,-1.0057725691,3.3628203,0.3654581263,1.972608662,-1.4571257176,0.9345368151000001,-1.1685737063659785,-2.775516151673202,-11.84747555010879,-6.117355715007849,2.5225191767,0.24085053620000002,1.7957989359000002,0.6666666667000001,0.1666666667,7.875,-0.0125,2.0,-0.0031666667,-0.875,6.0,0.0066936299,1.0,-0.0087542973,-1.0330637007,0.2264629557,0.3469387755,0.9468762660000001,8.4,8.7,1.9136965816,0.4730535196,1.8280876531999999,-0.1566835135,-1.5409925361286207,-0.007608110600000001,0.0,-0.7742093497,0.9922607678,-0.7548590441,3.810416849,2.3159462853,0.0739595557,2.2738367293,-0.9575666758,0.1428571429,4.0502743994,225.0,25.7627506452,0.3968411315,9.0,0.7470348358000001,0.0017680884,0.996875,0.0020076705,0.7222222222,0.14814814810000002,-0.8028416532,409.0,0.1666666667,1.4772927803,0.4383535421,2.1643552443,-508.0,0.0,-0.2366925876,325.1666666667,2.3566544692,0.3029757944,1.3807772192,-7.5,83.5,0.5988156566,0.5066954981,9.0,1.1905200449,0.4894842334,2.0042639999,-0.2453870729,2.2890749028,0.4670564991,2.0102712228,87.0,0.0833333333,-0.5603713025,180.0,0.1062826746,0.0455882353,0.34958592133827393,68.0,128.0,18.0,2.572987746,0.3115321365,1.3072385779,-1.1681614229,6.1,6.9,291.6666666667,2.6316267680000003,0.1823948032,0.7947907357259698,266.8333333333,0.5222222222,2.7898213995,0.35716236630000003,1.5681030039000001,0.0061942776,0.0476190476,1.6666666667,63.8306650246,0.0,2.1208904362,0.3794131884,1.9346592337000001,-1.5233687993,-0.3648994103,-0.027436066800000002,1.4055738416999999,0.36733135910000003,1.7374547774,-0.5825257175,-0.1891115039,1715.0211904762,25.0,5.0,3030.0,0.8515293758,0.5628392688
s331,0.8216306848,0.1660349727,1.5917067625999999,1.5,22.4,0.1666666667,25.8947368421,0.36666666670000003,-0.11265297610000001,-1.5369823111,1.0340912686000001,0.371236700771,2.1006446385,-0.4958255622,0.3006592466,-2.5606640315008624,-2.1769939595822,-6.163537441316482,-4.8347277003565035,2.5797924778,0.26072944430100004,2.5855127309,0.6666666667000001,0.1666666667,6.5833333333,0.3166666667,2.0,-0.015,0.1666666667,14.4583333333,0.06711659757800004,1.0,-0.0046099291,-1.1377068558,0.176356792,0.1458333333,0.6405089979,6.5,4.7,1.058053459,0.48140226,1.6067490891,-0.8973110129,-3.72035618941381,0.0173629319,0.25,-0.4406077494,-0.42777616960000003,-1.2882078674,2.7437192025,1.6508204118,0.0786954015,1.8025423125,-0.7870721941000001,0.3714285714,2.2302886033,237.0,1.2928725743,0.0438060331,4.0,0.6705610275,0.0018096715,0.9834579468,0.0020197614000000003,0.5555555556,0.2592592593,-0.7175932668,50.0,0.4285714286,1.1732865052,0.32418887760000004,2.0129709901,-745.0,0.0625,-0.39359825740000004,363.42000000000206,2.6066181024480013,0.322680393231,1.4766375015200004,22.55,52.11,1.5719878885,0.5215458270000001,9.0,1.3378254705,0.5385153573,1.6410861412000002,-0.8779707221,1.8787521855,0.32566078470000004,2.423393357,6.835,0.0869565217,-0.7187274718000001,125.0,0.0027456505000000003,0.0433436533,0.6931471805599453,78.0,117.0,18.0,4.0788443626,0.2880013657,1.8318450412,-0.7102562881000001,7.9,6.1,387.0,2.4926323751,0.3715823012,0.3375934871419849,378.9166666667,0.5277777778,2.8558645124,0.3795215269,1.3324263189,0.0226886986,0.0523809524,39.5,-18.9555727554,0.0,2.3452971626,0.34085311220000003,1.7250251327,-1.8461085219000002,-0.050001647600000004,-0.2973401375,0.6699283204,0.0273569534,2.0154164811,-0.4226858162,-0.4915326887,1834.1791666667,15.0,6.0,3238.0833333333,0.8041443592,0.348881
s332,0.9152689029000001,0.034193334400000004,1.5631401521,1.9,20.4782608696,0.2333333333,14.1666666667,0.2,-0.22761299410000002,-0.8278475985,3.3195433242,0.3462494848,2.284936634,-0.2190789891,0.0316215753,-3.2193896543559646,-3.4440012199881385,-6.557422348052468,-4.758867019554009,2.0758732036,0.2512013437259999,2.0481576258,0.8333333333,0.0,8.9166666667,-0.0083333333,0.0,-0.002,-0.8333333333,8.5,-0.0072104019,1.0,-0.0034609929000000003,-0.2612293144,0.0318039244,0.0204081633,0.2248158144,7.3,5.8,0.9167212423000001,0.2861891353,1.979499051,-1.2971380798,-1.5408735816909516,-0.01305571,0.0,-3.3603224658,-5.4103024057,-1.4617689391,-0.1447032105,1.1432254977,0.2972373783,0.9940854302000001,-1.0385004382,0.2571428571,3.3813588491,132.0,10.925098711,0.2565783653,8.0,0.7669188976,0.0009014412000000001,0.9044677734000001,0.0016736344000000002,0.5555555556,0.2222222222,-1.7766748986,-491.5,0.2857142857,1.1263005971,0.3791456495,1.909246686,-594.0,0.4,-0.6099968619,359.866666666667,2.3677372860769994,0.3097944559619999,1.5694670649780003,28.665,54.0,-0.7242809695,0.5448360701309998,3.0,0.9066490311000001,0.5421498816,1.4912364653,-0.879391911,2.1159711525499993,0.3873164698990001,1.9154043148820004,-11.79,0.10256460819700002,-1.1739683572320003,136.0,0.0689465301,0.0268317853,0.6931471805599453,71.0,121.0,19.0,3.0237201581,0.2475557263,1.3559762728,-0.8938925462,3.7,5.7,379.1666666667,1.9729842477,0.26535825760000004,0.18187181084006981,327.0833333333,0.5343888888919998,0.883085705,0.29565009185499996,1.7357458053,0.0043353929,0.10073809523600001,-14.1666666667,30.6049053247,0.0,2.1248914315,0.2502163837,2.4709379831,-0.7887442366,0.0124760505,-0.3320555089,0.8528845975,0.0638130538,1.8252440579,0.0182872896,-0.3557415293,2732.6388888889,0.0,7.0,4094.7916666667,0.4727509258,0.1761898109
s333,1.4414434874,0.1074528153,1.8688973341000001,3.0,48.7,0.33333333330000003,34.7368421053,0.36666666670000003,-0.6481591144000001,-1.6325184947,3.2994246398,0.324221558,1.6964406138,-0.9952868988,0.6546678082,-0.857739167946378,-1.8866724674194404,-9.059440685190568,-7.210085716789323,3.4544788975,0.2308665843,1.6028738897,0.8333333333,0.1666666667,7.875,0.10416666670000001,3.0,-0.008833333300000001,-1.2916666667,12.0,0.2036585366,2.0,-0.0041463415,-6.2195121951,-0.2494014695,0.061224489800000004,0.6938826055,7.2,7.7,1.9151616479,0.37071517190000003,2.1410891413,0.1130685847,-3.617842000610025,0.0181022564,0.25,-0.9312529277,2.3983502593,0.1910395678,4.9380558016,3.1520680673,0.2223647466,1.6123598189,-1.1652624446,0.2571428571,3.6348828618,149.0,7.6113128603,0.3752535483,7.0,0.5,0.0014490959620000006,1.0,0.0018575071,0.47222222220000004,0.40740740740000003,-1.3725990741,-89.0,0.2941176471,1.7582274981000001,0.3252515642,1.5741745473000002,-263.0,0.1428571429,0.0554549674,311.478333333333,2.750651722757,0.30967196931599983,1.4501339412590004,19.675,64.625,23.0928017558,0.45771528580000004,10.0,1.1441131913,0.49189481160000004,1.8849855962,-0.0797481981,3.5556892448,0.3920096604,1.9225778865,18.5,0.1071428571,-2.330320946,130.0,0.0341174241,0.19824561400000001,0.0,92.0,141.0,18.0,2.8804962616000003,0.22241427290000002,1.4724473839,-0.6003647184,6.7,6.0,298.6666666667,2.8973240224000003,0.32806987600000004,0.3272698617820503,236.25,0.5388888889,2.8370899129,0.3149989139,1.3615313479,0.018071958200000002,0.0571428571,7.1666666667,24.6184865626,0.0,2.1963414419,0.3220938903,2.1473713125,-1.0325799285,0.1154246901,0.0823820469,1.7453446650000002,0.3677303576,1.7317199911,-0.7099356357000001,-0.2003078948,1706.0185185185,-2.0,9.0,3690.3651515151496,0.1737936359,0.2088398715
s334,1.1408753517,0.1381325618,1.7116682161,2.3,2.7666666667,0.0,0.9642857143,0.0666666667,-0.16890002540000001,-1.1360518423000001,3.0626388744,0.3961188905,1.9872838553,-0.8618227782000001,0.9437619863000001,-1.06074620396002,-2.184713165276065,-11.971316778887799,-12.342465270435728,1.9205509005999999,0.2542266741,1.3558081610000001,0.6666666667000001,0.33333333330000003,13.2083333333,0.0291666667,1.0,-0.0098333333,-0.9583333333,23.5,0.018402426700000002,1.0,-0.0087280081,-4.1868554095,0.2485903814,0.1875,0.8539800995,8.0,6.6,1.3744698073000001,0.45710192390000004,2.063669779,-0.5542799860000001,-8.303595456782087,0.0005361481,0.9166666667000001,-2.0207266204,-1.2184226299,-0.5420764413,3.3056961159,1.8137963659,0.020647824000000002,2.1233208232,-0.9928100529,0.22857142860000002,3.4727396196,236.0,25.7627506452,0.3968411315,9.0,0.5509701610000001,0.0016862709,0.7022446156000001,0.0021035041,0.5,1.0,-1.3523621602,-161.5,0.3076923077,1.5651601432,0.4773483679,1.7576896614000002,-313.5,0.1818181818,-0.6051820242,354.3333333333,2.0565756827,0.30135000430000003,1.7791569632000002,-9.5,210.5,3.4619176492,0.6159293093,6.0,1.3845313971119995,0.52686984463,2.054152532347001,-0.2854812580940001,2.0994844535,0.3167521357,2.579294897,31.0,0.0733590734,-1.2585946101,182.0,0.10862231800000001,0.0578947368,0.0,83.0,154.0,16.0,2.1093074435,0.2535815936,1.4827533506,-0.1817189345,5.4,5.4,463.3333333333,2.2105568079,0.3548758758,0.2936194507846714,289.25,0.5388888889,2.2447632874,0.2977945146,1.5772062387,0.015110006200000001,0.0714285714,67.1666666667,-68.7677291158,0.0,2.8760995724000002,0.4435677491,3.0622572073,-1.0233010669,-0.6631152085,-0.20015053670000002,1.4988133763,0.27539043760000004,2.1204351674,-0.3007772489,-0.5751349065,2314.5083333333,6.0,6.0,5044.5833333333,0.813591548,0.45504032120000004
s335,1.7433186759,0.1864293708,1.4807294159,2.35,40.04,0.1666666667,31.625,0.4666666667,-0.6877966784,-1.630020443,2.9874778723,0.3506409491,1.3497711571,-1.008337042,0.9687585616000001,-1.1797564160066534,-1.3867259610457403,-10.694128495181904,-8.00618828372257,3.0702994394,0.2736278743,1.4139655066,0.5,0.33333333330000003,4.0,0.0,2.0,-5.746271514000001e-18,-1.0,11.4583333333,-0.0042168675,1.0,-0.0018934041,-4.5326730651,-0.0817681489,0.387755102,0.1629247838,8.9,9.1,2.0640156826,0.4038983944,2.0032008846,0.2696033212,-5.679583818188412,0.0047701476,0.7777777778,-1.2685627835,-0.3238988721,-0.2674148576,2.8355284759,2.0172085042,0.0413184856,1.9435705408000001,-1.0041893257,0.3142857143,2.9758557574,220.0,10.925098711,0.2565783653,8.0,0.6717735291,0.0014504373,0.6789158821,0.0013587498,0.5277777778,0.48148148150000003,-0.532584228,-124.5,0.0909090909,1.8751543416,0.3534996096,1.9336724238,-138.275,0.0,-0.4401826004,351.6666666667,2.9065437853000002,0.3295948611,1.342222285,85.0,62.5,8.491859421258004,0.5107650785,12.0,1.6089223049,0.46416477310000004,1.7378893391,0.6064991705,2.1061623599,0.3339359832,1.4350660374,41.0,0.10035842290000001,-0.9800380206,121.0,0.0994771749,-0.2786377709,0.6931471805599453,102.0,133.0,20.52,2.1918278352,0.23374856600000002,1.5193803794,-0.6452467631000001,6.3,5.6,274.6666666667,5.1157950673,0.3242089119,0.7367952637670181,262.0833333333,0.5222222222,2.6722045815,0.34602751670000004,1.4285168831,0.014195134100000001,0.059523809500000004,70.1666666667,-8.6502521273,1.0,2.1842397516,0.3265446728,1.7056376603999999,-1.073000189,-0.017635706,-0.4283741856,1.6100792971,0.3180884546,1.4975531243,-0.5335997399,-0.1114711943,1839.4924242424,8.0,9.0,2341.0833333333,0.2212962149,0.1554085136
s336,1.1259469973,0.030649582300000002,1.3015233233,1.8,42.15,0.33333333330000003,32.5714285714,0.30000000000000004,-0.7673538727,-0.9518815926,2.9890729278,0.2948013081,1.3498494087,-1.051869099,0.6485933219000001,-2.435510015844259,-3.142124882190097,-8.591440019363825,-5.321391551577882,2.5500707022,0.2379498982,1.3231258606,0.6666666667000001,0.1666666667,16.5416666667,0.12916666670000002,2.0,-0.011166666700000001,-2.125,12.4166666667,0.1785136502,3.0,-0.006450960600000001,-2.4216380182,-0.26353623,0.0408163265,0.5623739233,6.3,2.9,1.615509305,0.3395460353,1.3169306923000001,-0.7323480887,-2.4972247878895373,-0.013433288500000001,0.0555555556,-1.2202989657,-0.6230495302,-0.4940725711,2.3371246427,1.757674255,0.0566662692,1.5238189731,-1.1652624446,0.2571428571,3.6348828618,194.0,7.6113128603,0.3752535483,7.0,0.7138366699,0.0027829412,0.9084777832,0.0033518298,0.47222222220000004,0.037037037,-1.087106039,-16.0,0.5384615385,1.2613049791,0.34765637850000003,1.4227915104,-100.0,0.1764705882,-0.7367808719000001,269.1666666667,1.8904688718,0.3117278483,1.3715375482,-3.0,27.0,5.152574478118005,0.3999988171,5.0,1.0161520069,0.31169554790000004,1.5454576009,-0.4991923635,2.103816925,0.36694013540000003,1.4192091806,70.0,0.0690909091,-0.12534237210000002,88.0,0.0613135838,-0.0526315789,0.0,108.0,172.0,17.0,2.5757160359,0.2600845069,1.7556520748,-0.29038588060000003,6.7,5.8,319.5,4.0594692897,0.3684159174,0.3018157052170896,266.3333333333,0.5555555556,2.2883663202,0.3392818289,1.0410212947,0.01327281,0.13809523810000002,18.0,-8.8733676173,1.0,1.9973713998,0.29441966550000004,1.3251135114,-1.5838389389,0.16166137020000002,-0.00019847740000000002,1.3183136859,0.2876436998,1.4851608158,-0.9047666198000001,-0.6300076893000001,1464.6641414141,13.0,9.0,2053.5833333333,0.6317804694,0.2336825489
s337,0.5038279497,0.3486367091,1.4435463946,1.2,31.9444444444,0.4,18.0434782609,0.2333333333,-0.3601703946,-0.7985777243000001,3.0694127471,0.306886755,2.2028519556,-0.0748091204,0.4152773973,-2.0699185369689648,-3.223983021925179,-7.520602738745402,-6.233214631324553,3.3349267735,0.2424833268,1.2970967364,0.33333333330000003,0.6666666667000001,8.8333333333,-0.075,1.0,-0.0006666667,-4.3333333333,19.25,0.0073619632,1.0,0.0014180543,-1.4312007011,-0.0476951007,0.33333333330000003,0.5089852008,7.0,5.6,1.1450597433,0.41477959480000004,1.5202906407999999,-0.888823153,-4.333176571346059,0.0075904341000000005,0.47222222220000004,-4.3496754795,-0.8969314230000001,-0.5629734621,4.194188013,2.0630631663,0.18876561860000002,1.1641877681,-0.8742787237,0.22857142860000002,3.2356769612,124.0,59.8991114415,0.8568707964000001,6.0,0.8363471985,0.0008168549,0.996875,0.0016293738,0.5833333333,0.40740740740000003,-1.0455413746,-199.0,0.2777777778,1.111670058,0.31048686600000003,1.7254236924000002,-146.0,0.3846153846,-0.1112446349,336.2000000000051,2.3900149674260005,0.28871473149399995,1.4431124679570002,18.755,53.39,1.3874160482589994,0.5147262994,5.0,0.9983183841000001,0.3881864431,1.554939765,0.2177468979,2.5735665786,0.25415865730000003,2.1469391899,24.5,0.0857142857,-1.9066392496,98.0,0.0111630212,-0.022807017500000002,0.0,100.0,142.0,18.0,2.8803647347,0.2368867995,1.2466552255,-0.728873231,6.3,4.2,327.053333333336,2.396918641805,0.31330396294699997,0.3819579642845469,251.25,0.5333333333,1.4386649655000001,0.287269181849,2.0302048361,0.0074347296,0.1214285714,27.8333333333,25.8478340118,0.0,1.7423464877,0.2732730137,1.6319681397,-1.8728982395,-0.0907268457,-0.4773026003,0.6098031070000001,0.046956207900000005,1.730051926,-0.7179074910000001,-0.4474657584,2057.64,5.0,9.0,4796.3333333333,0.8437605604,0.2424068804
s338,1.0472261475,0.012744415,1.9947897367,3.1,34.0,0.4,18.2272727273,0.2666666667,-0.5590248887,-0.4915944434,3.5089249915,0.3833816961,1.8499248326000002,-0.5309968190000001,0.8037517123,-0.9950231182062809,-1.29487092784741,-9.178662457416713,-7.519646764758031,3.4684510147,0.3257379703,1.1979538452,0.5,0.1666666667,3.875,0.1125,2.0,-0.0155,-3.2083333333,12.625,0.3038814691,2.0,-0.0029432387,-3.8731218698000003,0.08381099460000001,0.3265306122,0.5588191619,9.5,7.1,1.7483556013000001,0.44683197550000003,1.8817045843,-0.4764908447,-5.227507194440823,-0.0008239184,0.9166666667000001,0.2101436207,0.2412613077,-0.5629734621,4.194188013,3.1203406543,0.0171581284,3.3593556692,-1.327315884,0.3714285714,3.310775983,232.0,59.8991114415,0.8568707964000001,6.0,0.6499176621,0.0012139399000000001,0.7887969971000001,0.0015866204,0.7222222222,0.6666666667000001,-0.0847024425,-412.5,0.1428571429,1.48819374,0.5159039152,2.1145675631,-282.0,0.0,-0.4367989497,341.1666666667,2.1453790372,0.2800212696,1.2769749585999999,31.5,33.5,0.7320002192659999,0.5694362401,16.0,1.4463996529,0.5558074425,1.9273062479,-0.9497444146,1.6965469006,0.4670727874,1.8951943006,3.685,0.1182795699,-1.3765424259,182.0,0.0343411137,-0.2992776058,0.6931471805599453,77.0,159.0,17.0,3.6136104258,0.3240982989,1.282305435,-1.5742110972,6.2,5.0,331.0,2.7499513264,0.36168116770000003,0.04413302336149739,303.9166666667,0.5333333333,2.5934134373,0.3554930971,1.0943746424,0.012317742000000001,0.0952380952,19.5,15.5959841193,0.0,2.2358343781,0.33441764820000003,1.7469671823000001,-1.626511566,-1.0066504748,-0.5812451791000001,1.3135140016,0.399439916,1.9786023042,-0.4849640338,-0.3111697657,2106.0462962963,4.0,8.0,3162.8333333333,0.2121870404,0.2166163694
s339,1.2495222623,0.1949316919,1.5444854122,2.75,21.3333333333,0.30000000000000004,18.0952380952,0.30000000000000004,-0.8119331692,-0.5399872927,3.9576419809,0.3952911193,1.6997991174,-0.168040516,0.8012619863,-0.21846487304377474,-2.2439450892275965,-9.355562695133251,-9.17866633269852,3.7352342683,0.2675339216,2.0360472119,0.33333333330000003,0.6666666667000001,7.5416666667,0.0625,0.0,-0.0025,-1.375,11.5833333333,-0.0861445783,1.0,-0.0030847458,-2.2957933429,-0.0885734819,0.0,0.174845576,6.9,8.6,1.6777452831000002,0.4684950042,1.9207826504,0.3939745203,-5.3882698621955365,-0.0025216638,0.9722222222,-0.3919680481,1.5012810957,-0.5616381195,3.4239749998,2.4326218902,0.2251828694,1.2188958832,-1.0816155204,0.2857142857,3.2951286846,102.0,25.7627506452,0.3968411315,9.0,0.8337783813,0.0013142468,0.8609886169000001,0.0014572048,0.75,0.8148148148000001,-1.0760977897,-234.0,0.2727272727,1.5788825193,0.3859611261,1.8000787758999999,-134.5,0.1,-0.5216269218,351.89000000000203,2.7603619066669993,0.3114793569049999,1.5429811034309997,17.125,69.885,2.454115548677002,0.724668799,13.0,0.9872725880000001,0.4526090981,2.021667902,-0.3926777804,1.9908951715,0.378690479,1.7484354972,-3.0,0.1310861423,-0.9723267670000001,79.0,0.0061874694,0.10294117650000001,1.0986122886681098,64.0,109.0,15.0,3.1080935726,0.2879905311,1.4876479777,-0.9805343399,5.1,4.1,331.35833333333096,3.0107282465480005,0.3324213526540001,0.5504065079239561,310.75,0.5277777778,2.5891449281,0.2607075907,1.3269434147,0.0133314034,0.0857142857,-19.5,18.7818288165,1.0,2.7996731523,0.39215074200000005,2.1945837495,-0.3505834034,-0.2940747108,-0.0996632222,1.5009425698999999,0.0662933842,2.1105398403,0.07834656,-0.9899426207,2665.3645833333,-9.0,8.0,5323.7727272727,0.8962782542000001,0.3676788297
s340,1.1096825644,0.2943142937,1.6642029014,2.25,41.1764705882,0.4333333333,46.1538461538,0.5666666667,-0.1068760727,-1.0595671593,3.2204345012,0.4326347735,2.1788571821,-0.0669218592,0.8312619863,-0.6581056966939135,-1.209708399449325,-10.18013737137348,-7.6365887062872915,2.3814716991,0.2082654858,1.8580847359,0.8333333333,0.1666666667,12.0416666667,0.1708333333,2.0,-0.0135,-5.0416666667,20.4166666667,0.07689873276099993,2.0,-0.007094562600000001,-3.7163120567,0.17930576410000001,0.3191489362,0.6519265018,8.1,7.5,1.2014821862,0.3579503275,2.5462898245,-1.4750396502,-5.476851169945667,0.0038541385,0.7222222222,-1.8822436583000002,-0.6322721204,-0.2893970564,1.556346935,0.7788094209,0.010594457600000001,1.7186617066,-0.6980313333,0.1714285714,3.2931327483,159.0,59.8991114415,0.8568707964000001,6.0,0.5,0.0015761022570000003,0.9500000000000001,0.002689079,0.7777777778,0.6296296296,-1.523889708,212.0,0.4285714286,1.4394286475,0.3974321005,1.4743772312,-147.0,0.1818181818,-0.1429342272,475.1666666667,2.3008198892,0.3507850858,1.3819250419,47.0,42.0,3.1786639857,0.3815096384,9.0,1.2001727032,0.5563499525,2.1440785489,0.1699730048,2.0556974727,0.4283121365,2.2386686137,30.5,0.10112359550000001,-1.3100031021,19.0,0.0189187894,0.37667698660000004,0.6931471805599453,85.0,110.0,20.0,1.9057345465000002,0.3127858595,1.5387327601,-0.1546623133,7.4,6.2,365.8333333333,2.0809561896,0.40145003900000004,0.31536338017192456,337.1666666667,0.55,2.2164538542,0.39649185140000004,1.4041483343,0.0073406206,0.1476190476,-1.0,19.7244699506,0.0,2.2403743497,0.2672601504,2.016808624325,-0.4675019315,-0.6350009360000001,-0.34809394720000003,1.1974557554,0.2907223631,1.9618478014,-0.1254336687,0.0124410434,1145.0128571429,28.0,7.0,2212.0833333333,0.8269681437,0.21687489170000002
s341,0.9122202740219997,0.17796471359300006,1.555320833003,1.719500000000001,45.5714285714,0.30000000000000004,24.55,0.33333333330000003,-0.4541870323,-0.5925895582,4.1525107436,0.4154159556,2.7128188032000002,-0.2206973583,0.036260274,-2.217837978262529,-3.3991788732217034,-7.259478099111468,-4.964582372760194,2.5280538647,0.3628454311,1.5078608301,0.33333333330000003,0.6666666667000001,13.7083333333,0.0208333333,2.0,-0.006500000000000001,-3.7083333333,6.9583333333,0.24457831330000002,3.0,-0.0090377782,-2.4100469675,-0.0767150907,0.2916666667,0.2819262782,7.7,6.4,1.2339118831,0.6259057564,1.2340629585,-0.2927124884,-3.8576380167565425,0.015746462,0.30555555560000003,-3.0764952147,-2.1932907459,-0.22163103680000001,2.026539289,0.9002429808,0.0042271025000000005,1.8479147737,-0.7017421781000001,0.0571428571,4.5619233948,150.0,46.0626954627,0.8291899447000001,10.0,0.8558349609,0.001058811,0.9327636719,0.0012552243,0.5,0.4444444444,-1.627566635,-47.5,0.3571428571,1.541217641,0.4939364728,1.5646865439000002,-240.5,0.2307692308,-0.5250639884,384.961666666668,2.4244120470590005,0.34936352962299994,1.4874413454530002,27.14,57.435,1.7848955443999999,0.5631717142,3.0,0.3921707683,0.5648968132179999,2.264453553,-0.2560601783,2.1231914654,0.45675193540000003,2.4653932835,29.0,0.1066176471,-2.2838159723,141.0,0.025725972000000003,-0.2578947368,0.0,103.0,160.0,22.0,2.2850587584,0.34993807520000003,1.7195655973,-0.8681510414,4.4,3.9,406.3333333333,2.1284085002,0.4405339164,0.2520443828880948,312.835416666667,0.5222222222,2.2522434197,0.3733681706,2.0863687897,0.006229559700000001,0.0857142857,-89.6666666667,123.9758928571,1.0,2.193166688,0.39856018732500004,1.9455778351,-1.9326208722,-0.2166210976,-0.9348183424000001,0.7980828213000001,0.3343178356,1.9739338655,-0.4364493674,-0.3377543396,3863.45625,8.0,6.0,4545.0833333333,0.8188064987,0.5853648789
s342,0.8334488813,0.13562426500000002,1.6271731141,1.9500000000000002,37.0526315789,0.36666666670000003,37.1764705882,0.4333333333,-0.5384248059,-0.33075230450000004,3.6618330096,0.278097346,3.068189762,-0.26628973300000003,0.8358390411000001,-2.425778715261179,-3.245577626026807,-8.466150328384002,-4.606428297078054,3.3985081558,0.2324240048,2.2653819143,0.1666666667,0.6666666667000001,16.0,0.1083333333,1.0,-0.002,-3.6666666667000003,13.5416666667,0.013968254000000001,1.0,-0.0018412698,-1.8650793651000002,0.2973560304,0.3125,0.2207533502,8.0,6.1,1.9047010164,0.5972009924,1.7572725585,-0.26847276330000003,-1.2581543495568726,-0.016815203,0.0277777778,-0.0994638675,-0.651299398,-0.8864604548,3.5472140276,2.7913732311,0.3437290565,2.6426032472000003,-0.7625664513,0.11428571430000001,3.9332268227,136.0,1.2928725743,0.0438060331,4.0,0.7493302345,0.0017953188,0.6615069389,0.0023014823,0.4444444444,0.18518518520000002,-1.9098389655,-41.5,0.5625,1.3843016154,0.16398257430000002,1.3735766286,51.5,0.0,-0.0715119491,388.3333333333,2.7555872554,0.39617948620000004,1.2479726926,27.0,45.0,-25.8020312252,0.44804762870000003,1.0,1.2880271187,0.5201308262000001,2.0994579523,-0.4620753108,2.0915546904,0.5333195859000001,1.7186738711,-35.0,0.1079136691,-1.2991955569,76.0,0.0313485156,-0.11052631580000001,0.0,91.0,128.0,18.0,2.8644975494000002,0.2977436106,1.8474564820000001,-0.5571688719,4.8,5.8,257.3333333333,4.472473544,0.3305128393,0.6899013161871005,264.0,0.5111111111000001,2.8777999512,0.34824623120000003,1.3831613646,0.0169778116,0.0785714286,35.3333333333,-34.6627527723,0.0,2.6144577252,0.3530390518,2.8318202247,-0.9424161820000001,-0.3276601691,-0.152647319,0.6829512054,0.0117792789,2.0483476215,0.0776939875,0.076494618,1564.0555555556,9.0,6.0,6393.6666666667,0.2275538176,0.2276165564
s343,1.9188191946000002,0.3085918386,1.2910839234,2.7,33.4285714286,0.30000000000000004,22.5714285714,0.5333333333,-0.3965316259,-1.1926738718,2.6444059026,0.3211247699,1.4767703872,-1.8185818793,0.2265856164,-0.45370970193066634,-2.42415025439477,-5.971489581721688,-9.032392532621815,2.2509111188,0.2495396088,1.6576026912000001,0.6666666667000001,0.33333333330000003,5.8333333333,0.125,3.0,-0.009000000000000001,-1.6666666667,17.8333333333,0.0380176582,0.0,-0.000439773,-0.20695816690000002,0.2984480254,0.17021276600000002,0.8761729551,8.8,7.0,1.2857689706,0.40565429610000003,1.8172511046,-0.46674543343299996,-4.771038132570834,3.3837900000000003e-05,0.8611111111,-1.3783540911,-1.2647517292,-0.2701361246,2.84097101,1.9236478494,0.2156696092,2.2923962498,-0.9630841912,0.2857142857,3.0580660263,142.0,59.8991114415,0.8568707964000001,6.0,0.7330337524,0.0015849951980000001,0.9468749999999999,0.0026676233,0.6388888889000001,0.5925925926,-1.482469939,-70.0,0.6428571429000001,1.2435273736,0.4862289665,1.6226914101,-34.0,0.1428571429,-0.029489613600000002,327.8333333333,2.4106307005,0.2926638568,1.3458184798000001,39.5,49.5,-6.5140475636,0.5008287644,14.0,1.2102671971,0.3845783864,2.1148753247,0.12734731230000002,1.6697676650000002,0.3792621572,1.7241791551999999,4.41,0.0716845878,-0.9149589732000001,168.0,0.068485313,-0.2912280702,0.0,103.0,184.0,21.0,2.8651983594,0.2823978402,1.2200186867,-1.101109216,6.7,6.1,286.8333333333,2.3554378971,0.323478439557,0.9234848442802118,253.6666666667,0.5166666667,3.2848175006,0.3467858996,1.1784710816,0.0137316654,0.0476190476,44.6666666667,-15.0827922078,0.83,1.3639157774,0.37535078250000004,1.7565343738,-0.3835078501,-0.16689653070000002,-0.5043280363,1.3087926022,0.19297198270000002,2.3014431473,-0.4253510639,-0.45898764000000003,1273.81,21.0,7.0,2685.1666666667,0.6456747858,0.1459673651
s344,0.9805054635,0.0864492244,1.3801963799,1.35,28.5185185185,0.1,20.7916666667,0.2,-0.496266945,-1.028824744,2.863278356,0.3948736231,1.3715147069,0.3104521389,0.4602671233,-1.900080985658428,-2.4833599010208616,-7.746130795459616,-6.797231147762979,2.6423468508,0.27130001670000004,1.0404094266,0.8333333333,0.1666666667,19.25,-0.1166666667,0.0,-0.0026666667,-0.8333333333,16.75,0.0434619507,0.0,0.0016205788,-0.3289389068,-0.0419299905,0.08163265310000001,0.7386187323000001,6.8,5.4,1.7708474272350005,0.41036209058499984,1.7818073594000001,-0.4716488035729999,-5.934615514454791,0.0025268769000000003,0.7777777778,1.7313548334000002,2.1589474165,-0.2331515124,3.5345441135,2.7273378014,0.0672930654,2.3173337999,-0.7122733402,0.1428571429,3.5596877282,127.0,-31.14061609,0.2733471749,0.0,0.7239557266000001,0.0020909873,0.8856933594,0.0024812187,0.5833333333,0.48148148150000003,-1.2760981762,-101.0,0.4666666667,1.0183154172,0.43631122980000003,1.6163202345,-410.5,0.2142857143,-0.3930821232,290.5,2.5298915978,0.29312446000000003,1.2549751854,11.5,64.0,8.2925032856,0.49295950850000003,7.0,1.4186647004180006,0.47177991040700007,1.7760609832820002,-0.2953892080090001,3.1120226784,0.37419359100000005,1.3457127641,20.0,0.0892857143,-1.6168216066,91.0,0.0706941876,0.19824561400000001,0.0,78.0,141.0,17.0,2.724191542,0.2930384405,1.3002135206,-1.071625789,5.3,6.4,305.591666666667,2.7271712267729997,0.310810583788,0.3804829564972597,261.1666666667,0.55,2.6287293949,0.3518795739,1.0086754978,0.0146777474,0.1047619048,32.6666666667,10.2198219238,1.0,2.0735486531,0.309231653,1.6000494824,-1.4079420098,-0.844041542,-0.3866528926,1.1740852513,0.258937899,1.463452557,-0.2440010863,-0.1286994586,1221.3821428571,7.0,8.0,1914.5,0.5031147605,0.3111352555
s345,1.0598396021,0.3020363056,1.2026859853,1.2,3.7,0.0,18.9523809524,0.30000000000000004,-0.0727098691,-0.9295815479,3.5202893316,0.3400804102,1.7573438181,-0.9325715726,0.1973535959,-2.46608153421842,-2.3129468096447483,-6.936832966977703,-4.291406059350059,2.7676357232,0.3250486084,1.2073749953,0.33333333330000003,0.5,8.5,0.046083333334,1.0,-0.013000000000000001,-1.6666666667,12.3333333333,0.39548319330000004,2.0,-0.0060483601310000025,-2.5044117647,-0.0657732221,0.1428571429,0.7888169362,6.4,5.3,1.6726696410000002,0.4187302738,1.6471764257000001,-0.1220296243,-1.2790186355679354,-0.02282812,0.1111111111,-3.3218474359,-3.2905237272,-1.0354171329,1.0932814436,0.9417305461000001,0.1593671464,1.440018236,-0.5402436899,0.0285714286,4.8849203713,191.0,25.7627506452,0.3968411315,9.0,0.7274875488339997,0.0013948765620000003,0.8863221663230001,0.0018226893040000005,0.5524999999989997,0.33333333330000003,-1.304876439,-597.5,0.2222222222,1.2572975764,0.4866288617,1.829585163,-209.5,0.2666666667,-0.1611596237,342.9950000000031,2.5767578775759996,0.320906930155,1.444414872472,21.365,55.19,6.2096174006,0.7316095162,8.0,1.4178322617,0.4297654987,1.8709207488000001,-0.1121224522,3.2773578186,0.3745525156,1.5449408733,-38.0,0.0896057348,-2.2010461221,125.0,0.0330510836,-0.4251805986,0.6931471805599453,72.0,136.0,23.0,2.7761330899,0.33517137690000004,1.0084731765,-2.0528111796,6.1,7.1,258.8333333333,2.7719839805,0.31485454360000004,0.7906724666130355,272.0416666667,0.5222222222,2.6701032639,0.3610248438,1.2732937095,-0.0002066651,0.09761904760000001,-26.75,72.3674470649,0.0,3.576376774,0.3897676027,2.1534055917,-1.296236876,-0.18172181780000002,-0.5990282307,1.2406899163,0.3507464471,1.3228583372,-1.3458212969,-0.0496991082,1876.7685185185,20.0,6.0,3819.25,0.19068955510000002,0.2494668163
s346,0.6429838585000001,0.3188984092,1.3964992172000001,1.5,45.0,0.33333333330000003,25.0,0.4333333333,0.2774913961,0.0416873883,2.122433794,0.3431419542,2.8778414021,-0.3429903589,0.44033133560000004,-0.4149979875622936,-1.3833739720103724,-8.887762067707074,-8.970442757086303,3.2113493364,0.3148088201,1.3039699291,0.8333333333,0.0,7.7083333333,-0.054166666700000005,1.0,-0.016166666700000002,-1.7916666667,7.7916666667,0.0474895856,0.0,-0.003933348000000001,-0.7273624205,-0.036858775,0.3265306122,1.076119303,7.3,4.5,1.2845241795,0.223468723,2.1103638225,-1.7590642137999999,-1.5404450408804822,-0.01584325,0.0,-5.028434388,-3.5926318239,0.0,5.3201349372,1.8121846808000002,0.0810403741,2.6712060411,-0.8346819503,0.2857142857,2.8012615445,135.0,59.8991114415,0.8568707964000001,6.0,0.7500499249,0.0009478006,0.7351318359,0.0017600532,0.5555555556,0.5555555556,-0.9054773496,49.5,0.3157894737,1.0811761855,0.4970460224,1.746184882,-119.0,0.3684210526,0.18985881840000002,325.1666666667,2.8236010091,0.3229203352,1.1646633273,4.0,44.5,3.0934820697350007,0.8151176961000001,6.0,1.3669915590000001,0.7121675007,1.7812192143,-0.4132472774,1.9178878879,0.48872708210000004,2.5489658557,16.0,0.09701492540000001,-0.3994659433,78.0,-0.0087608042,0.302373581,0.6931471805599453,76.0,125.0,18.0,2.9332395112,0.3506329228,1.2929477387000001,-0.9740172356000001,5.5,4.5,437.6666666667,3.438672948,0.3604695285,0.33861763090196056,340.1666666667,0.5222222222,3.6496228365,0.26302435890000003,2.1057382986,0.009993113500000001,0.033333333300000004,40.0,7.8850574713,0.0,2.5484472421,0.4281377294,2.351440817,-1.0176392484,-0.43881666,-0.38870398230000003,1.511468719,0.3200322987,1.5877260965,-1.1323862588,-0.5175541887,2835.9479166667,-1.0,8.0,5530.75,0.8204286553,0.7310295102000001
s347,1.1081775203,0.0732871474,1.6808766382,2.5,46.1176470588,0.4333333333,29.0,0.33333333330000003,-0.613066407,-0.9030351105000001,4.5311677199,0.3342641863,2.4820881559,-1.6108962376,0.5828116438000001,-2.976971015745827,-3.2127729105918177,-8.314914607481667,-4.308153764440164,5.0864981409,0.289965941,1.2120124533,1.0,0.0,3.4166666667,-0.1,1.0,-0.0133333333,-2.1666666667,3.875,0.0322033898,2.0,-0.0105480907,-0.2726158873,-0.3848891045,0.0204081633,0.5973797537000001,8.5,6.5,2.7493493345,0.3758636192,2.1674429483,-0.38737407956100006,-1.5399592501626016,-0.013187612100000001,0.0,1.3219401278,5.0241190105,0.1910395678,4.9380558016,3.8010364685,0.19549289020000002,2.1876339332,-0.8075379761,0.0857142857,4.3503317988,291.0,25.7627506452,0.3968411315,9.0,0.7394464493,0.0011214949,0.890625,0.0021730487,0.6666666667000001,0.2962962963,-1.700707962,-264.0,0.2307692308,1.8978923444,0.30991674620000004,1.6239009436,-159.0,0.13636363640000002,-0.4008080806,480.1666666667,3.2813333753,0.3432459603,1.3031826643,36.0,62.5,3.8637110211170005,0.45298949250000003,14.0,1.9362281345999999,0.4031937575,2.1660410145,-0.0829640491,3.6078612988,0.3854605111,1.605381197,-36.0,0.1326164875,-1.9338798727,159.0,0.0519060082,0.0964912281,0.0,107.0,200.0,19.0,3.5451215469,0.31284570510000004,1.2450455091000001,-1.0647165979,6.6,6.1,297.83666666666596,3.6805139066919996,0.33577688785600013,0.526582297205644,303.6666666667,0.4944444444,3.9945624597,0.3130746837,1.4877001699,0.0049405709,0.021428571400000002,76.3333333333,64.6318886199,0.0,2.6137461721,0.32538396950000004,1.8664009498,-0.5124905967,0.019894160100000002,-0.2244095039,1.6961357925,0.056093715200000005,2.4053498139,-0.5646056014,-0.486033396,1883.3333333333,-1.0,11.0,3462.25,0.1728583906,0.31905227
s348,0.5415095898,0.0110909539,1.5018034901,1.15,14.0416666667,0.2,10.9545454545,0.2666666667,-0.3415647705,-0.957101787,1.1536938077,0.3568439630440002,1.8782260960000001,-0.3247317785,0.0545359589,-3.3156168233054752,-3.455866953475767,-5.104103916109499,-3.23204195421317,2.0215993276,0.2886837144,1.3447462007,0.0,0.5,7.7083333333,0.0208333333,0.0,0.0041666667,0.7083333333,5.25,0.0025609756000000003,0.0,-0.001702439,-0.1290650407,-0.0171822816,0.0208333333,0.3350325189,6.7,4.3,0.5086701584000001,0.2735555535,1.8749815597000001,-1.2764331297,-1.5404450408804822,-0.0128744691,0.0,-2.814307768759999,-1.870007329674,-0.5049459377889999,2.455470231988,1.4567510671110002,0.130552537544,1.7896283378889992,-0.7742705470000001,0.3428571429,2.3578969031,121.0,-31.14061609,0.2733471749,0.0,0.4911901474,0.0014368772,0.5,0.0017696737120000002,0.48972222222500006,0.037037037,-0.1323305254,48.0,0.5,1.135574572746,0.39492394336400005,1.4605596723,31.5,0.3846153846,0.2507893187,355.16166666667414,2.236402724428001,0.316897740536,1.4681173561199998,24.045,59.3,0.8800113012449993,0.6086678203,1.0,0.37582062980000003,0.2027352915,1.7881473039,-0.037528262,1.6919153614,0.38955232429,1.8990004310000002,45.0,0.0599250936,-1.1696892497,24.0,0.0107906393,0.1210526316,0.0,109.0,146.0,16.0,2.3578952759,0.3202488599,1.64377927,-0.8368183335,5.6,5.1,357.04666666666094,2.018611210047999,0.31397183855500016,0.4610457221465147,316.7887500000041,0.5394444444479997,1.959251104264001,0.31901039167800005,1.7292713143129996,0.005902930876000001,0.10440476189800003,20.692499999998,31.16364812918099,1.27,1.4778552657000001,0.2571312952,1.5139757280000001,-0.6703982028000001,-0.135972392514,-0.3022246551599999,0.7350324752110001,0.12094062640900007,1.9685426398460006,-0.4564018705319998,-0.202605057944,2248.6833333333,12.0,7.0,2872.5,0.6976070538,0.43289239030000004
s349,1.1238048413,0.0314638667,2.2132289898,2.4,27.0833333333,0.2,16.25,0.2,-0.7695821216000001,0.23607976290000002,3.5519234860999997,0.3501167338,1.6930256155,-0.5289632081,0.2564375,-2.8956390308543973,-2.0605794585174357,-6.327182516260435,-5.389707937506301,3.1942548109,0.2511491477,1.3516554333,0.6666666667000001,0.1666666667,15.0,3.1918911959999997e-16,1.0,-1.9081958240000003e-17,-8.881784197e-16,18.0416666667,0.3238721805,3.0,-0.0139548872,-3.6353383459,0.0791421799,0.1428571429,1.0682002662,8.0,9.0,1.7764846963,0.3189056986,2.3406205494,-0.5928751584,-1.3777725447613414,-0.0132349343,0.0833333333,-0.9677256956,1.9540823167,-0.5629734621,4.194188013,2.3401668838,0.0050283875,1.9181205033,-0.8893284577,0.11428571430000001,4.1867508355,111.0,46.0626954627,0.8291899447000001,10.0,0.6123267055,0.001551368,0.9,0.0014392480000000002,0.6666666667000001,0.1111111111,-0.8832275374,30.5,0.25,1.7880516987,0.3905333467,1.7967659041,238.0,0.0769230769,-0.3075698427,300.6666666667,2.3443783517,0.27946350600000003,1.444093603,23.0,84.5,24.3594079869,0.3632103916,14.0,1.7419156676,0.5296267760000001,2.1412433618,-0.5555799758000001,2.8703818179000002,0.24405424520000002,2.5574229223,-5.0,0.1035714286,-1.0601313731,102.0,0.0292979888,-0.1393188854,0.6931471805599453,150.0,200.0,20.0,3.4654076479,0.2574966467,1.1827816468,-1.049797891,7.3,6.1,232.1666666667,2.1106941592,0.3015409866,0.645101909890951,248.6666666667,0.5388888889,2.5875271178,0.29074191860000004,1.8197209758000001,0.0050011615,0.0571428571,86.0,6.2636363636,0.0,2.0732231029,0.2780890999,1.8632400026,-1.011724811,-0.6456182259000001,0.030657691900000002,1.3682355514,0.3078116437,1.7912851863,-0.2217058582,-0.8005238195000001,1451.7569444444,0.0,12.0,2417.6666666667,0.8584639513000001,0.5083707189000001
s350,0.9165008568,0.0282824403,1.360218367,1.5,50.05,0.33333333330000003,30.25,0.33333333330000003,-0.7808909184,-1.2107370002,2.2264721848,0.4096867161,1.1939022204,0.0285798045,0.0313030822,-3.323689495628512,-2.7439613283816686,-6.804878242707148,-4.934149719499987,3.9748613543999998,0.27583197400000004,1.5523387362999999,0.33333333330000003,0.6666666667000001,17.5,-0.05,1.0,3.0357660830000002e-18,-3.3333333333,11.2916666667,-0.10821428570000001,3.0,-0.0053285714,-1.9928571429000002,-0.048972085500000005,0.15217391300000002,0.193306377,8.4,4.2,1.4465872015,0.480087476,2.0383966056,-1.3945424691000001,-2.6230458108438497,-0.0068408850000000005,0.33333333330000003,-1.4109519404,0.9467976528000001,0.5852987131,4.1495375109,1.923316159,0.10358238800000001,1.6711549272,-1.0082628,0.3714285714,2.672669815,153.0,46.0626954627,0.8291899447000001,10.0,0.5906561852000001,0.0009514380000000001,0.5250734329,0.0013354346000000001,0.5277777778,0.2962962963,-1.1418625035,-48.0,0.6428571429000001,0.9262697755,0.31510354090000003,1.5950783491,11.0,0.2105263158,-0.6421815280000001,355.0,2.889615076,0.33402308410000003,1.4641908772,2.5,116.0,2.0730077628999997,0.6596532043000001,9.0,1.9246156384000002,0.43749148790000003,2.2355403404,-0.09507906940000001,2.6164376535000002,0.43267461420000003,1.4180406154,26.5,0.11428571430000001,-1.7680690746,158.0,0.024518525700000002,-0.1807017544,0.0,81.0,149.0,24.0,2.6089753309,0.29250405700000004,1.2057172666,-1.5460792488,6.4,5.7,411.8333333333,3.5245130248,0.3337907633,0.44798942674018255,371.8333333333,0.5333333333,2.5739639959,0.35507233,1.3756697759,0.010247634700000001,0.059523809500000004,70.0,-6.6934508291,2.0,1.8508340705,0.3014986638,1.6428389754000001,-1.2547903341,-0.31948041389800014,-0.238548116323,1.1254930366900007,0.209262851948,1.8389626217519999,-0.4063612799860002,-0.27908266379,3651.4583333333,-8.0,4.0,3996.3333333333,0.8727224474,0.6088645476
s351,0.9155757165,0.03413625,1.4537970906,1.8,20.8518518519,0.1,19.6,0.33333333330000003,-0.1125186828,-0.7798295921,3.8946709359,0.3783005951,2.4400084355000002,-0.9008003296,0.0316215753,-3.4531036965399564,-3.3414595340902755,-6.743591716161681,-4.655835611382695,3.4062605181,0.31779982300000004,1.2072766604,0.33333333330000003,0.6666666667000001,5.6666666667,-0.025,1.0,0.0003333333,-2.8333333333,7.1666666667,0.05837209300000001,0.0,-0.0012651163,-0.3720930233,-0.3409832803,0.0408163265,0.5448580149,7.6,6.6,1.9725916195000002,0.4901161364,1.8830978495,0.0741668411,-1.5388958539572235,-0.012296244500000001,0.0,-1.7395266816000001,-0.8400086637,-0.2574195315,2.2891321811,1.4795980414,0.0142723768,1.93984223,-1.070541321,0.2,3.8243251091,119.0,46.0626954627,0.8291899447000001,10.0,0.6846064568,0.0008920561,0.6677507639,0.0008973793,0.5555555556,0.0,-1.0325739212,132.0,0.1818181818,2.040042682,0.3733901799,1.9390616192,-53.96,0.0,-0.6942981908,325.56833333333907,3.0339907317340002,0.33011070194899994,1.5988600149669998,21.19,65.655,-1.8342786483970004,0.8048818031,3.0,1.7284388079,0.4373673322,1.8663586253000002,-0.2691737831,3.3233082401000003,0.4459251595,1.8519732738,-12.0,0.1285714286,-2.6109537212,148.0,0.0548417158,0.0385964912,0.0,61.0,109.0,17.0,4.2766143894,0.3480227229,1.5640577893,-0.9985133078,5.7,5.7,312.45499999999396,3.3800403232450016,0.33971112297600004,0.6036044605733192,284.074583333335,0.5186111111109999,3.1845138707880016,0.3301874410050001,1.7869849863970007,0.00904809328,0.037238095235999996,22.553333333330993,28.433773988206998,1.0,2.679644092,0.3455203679,1.6352498310999999,-0.8940894894,-0.24637650162100003,-0.270666709552,1.5531682645840004,0.28490494493600005,1.7876757497349995,-0.3796704039379999,-0.27908345376200006,3636.9185185185,3.0,7.0,3417.5833333333,0.7845162893000001,0.3015691942
s352,1.0383859516,0.28677173,1.5344866018,2.25,31.2692307692,0.1333333333,21.0476190476,0.30000000000000004,-0.2521075119,-0.9294625154,2.8038996432000003,0.3982643615,2.3583470731,-0.752427473,0.0384109589,-3.392001778118263,-3.3455812531997773,-7.038694860771802,-4.928626362043067,3.1649855535,0.3341155116,1.6817859567,0.33333333330000003,0.33333333330000003,17.375,0.0791666667,0.0,0.0018333333,0.875,20.0,-0.0744186047,1.0,-0.0034496124,-3.5988372093,0.2824160857,0.33333333330000003,0.5988629515,7.2,7.2,1.2832195088,0.22597132860000002,2.7805330527,-0.3784622534,-2.8747222316209924,-0.0237958455,0.2222222222,0.2682448612,1.2999122911,-0.5792170898,3.3799774129,2.107118038,0.24348267680000002,1.8486870144,-0.8308046694000001,0.1428571429,3.7967503866000003,149.0,-73.4395344485,0.9806199769,2.0,0.6485661507,0.0014449959,0.6128261805,0.0012705404,0.3888888889,0.14814814810000002,-1.4403510586000001,-414.5,0.2307692308,1.5563546911000001,0.5126370469,2.2144354834,-594.0,0.1428571429,-0.1119442036,329.599999999998,2.718818918555,0.323917390497,1.5695094063330002,23.875,68.105,24.1750464972,0.4221720809,4.0,1.1660920441,0.3526418121,2.2298568998,0.22772868470000002,2.9691904492,0.48603843900000004,1.8836559512000002,-4.5,0.1071428571,-2.2366743829,118.0,0.0198895096,0.125,1.0986122886681098,92.0,132.0,21.0,2.1000684761,0.2878919346,1.733481291,0.12432118260000001,6.1,6.2,278.1666666667,2.4230545311,0.2807569696,0.7909550696715593,229.75,0.5166666667,2.7923291135,0.3523022655,1.8244381805,0.009932912300000001,0.0619047619,56.8333333333,21.584812936,0.0,1.8723019298999999,0.397832063,1.9454021514000002,-1.152505049,0.055585831,-0.3559136798,0.8806602206,0.0318090864,2.0762453461,-0.4484800371,0.025311098900000002,2448.0533333333,9.0,8.0,4632.0,0.8707651344,0.4365913662
s353,0.8745526557000001,0.31293301300000004,1.4345005813,1.45,2.4666666667,0.0,5.4166666667,0.2,-0.17974742030000002,-2.0149757832,1.1704168906,0.4159554036,1.4219824618,0.0055922179,0.0313030822,-3.4598355362492166,-3.463847277775256,-6.919611819600861,-5.2579092954065665,2.6616922939,0.2064323099,1.828402941203,0.0,0.33333333330000003,13.4583333333,0.0291666667,0.0,0.0021666667,1.4583333333000001,13.625,0.031402439000000004,0.0,-0.0057439024000000005,-0.3158536585,0.07785700520000001,0.3125,-0.0030834458,5.4,3.8,1.303905923596,0.41012597328499983,1.7524713404710002,-0.9059519196029996,-1.394226651918321,0.033055431100000005,0.2777777778,-2.8148717151,-0.8068975198,-0.6009226092000001,2.1793980407,1.1457567144,0.09980116110000001,1.6262499925,-0.7108247741,0.2571428571,2.7260075208,120.0,46.0626954627,0.8291899447000001,10.0,0.7838623047000001,0.0022897627,0.6406832695,0.0023923517000000003,0.30555555560000003,0.0,-1.4340008571,-93.5,0.6923076923,1.0012005921,0.35713979570000004,1.1913192565,-229.5,0.0555555556,0.029276620700000002,338.656666666669,2.6524926601360015,0.3181356036939999,1.614280270579,15.07,62.905,-0.6740473156819999,0.5385197065,1.0,1.0844038700150003,0.47023197216300017,1.8791970203449995,-0.22574270512100006,2.2096505837000002,0.38223845710000004,1.9903469571,-7.08,0.1178571429,-0.8712756952,64.0,-0.0021665093,0.1058823529,0.4726534234711104,72.0,109.0,16.0,3.3884577754,0.2936695013,2.0631117416,-0.35749893450000003,3.7,3.8,346.41333333333097,2.5570327159420003,0.32002533679800016,0.5292316669810158,331.6666666667,0.5111111111000001,2.6592970291,0.3084578108,1.8546706699,0.000617826,0.0285714286,86.0,41.51926101073799,0.0,4.1865784897000005,0.354422885486,2.9865691601,-0.8529120684,-0.28360783888100016,-0.25352636853500005,0.9316835467790002,0.14481821416299998,1.920369119141,-0.297631588644,-0.21348495549900007,2281.5928835298287,-2.0,6.18,1368.3333333333,0.4375209029,0.2530606655
s354,0.8233135719,0.031673512,1.8132137019,1.7000000000000002,30.5,0.33333333330000003,24.8235294118,0.4333333333,-0.6278179589,-1.294605431,2.3019616161,0.3937675626,1.4014259545,-0.0480043179,0.42875171230000003,-2.7693883688382455,-3.133244181356532,-7.5994017861159175,-4.579489593318124,3.7962384798,0.2567566128,1.2161576529,0.6666666667000001,0.33333333330000003,3.5,-0.1416666667,0.0,-0.0023333333,-0.8333333333,13.2083333333,-0.0519635496,1.0,0.000372749,-3.7356259492,-0.0225520051,0.2653061224,0.746515119,7.2,6.5,1.8715428198000001,0.3365060285,2.2839424201,-0.5057784321000001,-3.2936920369954232,0.0268523624,0.25,-4.1971133995,-3.0973925249,0.4181320954,4.4838707464,1.6737616053000002,0.2117900721,1.6229101159,-1.1227206548,0.3142857143,3.2129184158,117.0,25.7627506452,0.3968411315,9.0,0.8833053589000001,0.0024355561,0.830506897,0.002317223,0.6666666667000001,0.33333333330000003,-0.3098554436,265.5,0.058823529400000005,1.452882253,0.32231823060000003,2.1716639387,-259.5,0.0434782609,-0.6135538497,263.0,2.7937249581,0.3351539229,1.2367010222,36.5,66.0,1.4705636183489994,0.5925496952,8.0,1.2206717043,0.4020340328,2.149043572,-0.2077524037,2.960240598,0.4207295895,1.344774477,34.0,0.08633093530000001,-2.0653886533,89.0,0.0510333373,-0.0070175439,0.0,95.0,130.0,23.0,2.5899591486,0.28424102300000004,1.1691477101,-1.8829677092,5.7,5.1,304.8333333333,2.8267049891,0.31897019660000003,0.4040524876295034,270.0,0.5277777778,3.1755483355,0.35120305890000003,1.5551733856,0.0073430011000000005,0.0404761905,-6.6666666667,6.3364290748,0.65,2.0673122837,0.3141285599,1.3617264986,-0.8834753751000001,-0.3487914513,-0.5679039611,1.8513489463,0.3301504791,1.2797871248,-0.7898136751,-0.20933271380000001,2447.5242424242,3.0,10.0,3690.6666666667,0.8730385052,0.1625765578
s355,1.2628455416,0.2071021002,1.2939769523,1.8,34.4090909091,0.2666666667,26.0476190476,0.30000000000000004,-0.4547641243,-1.1938838233,3.7611904839,0.3647676442,2.2392736061,-0.4934233693,0.5937517123,-1.4724567833735909,-2.6785246479571,-8.342743788881085,-6.8748183056959835,3.7389812811,0.2592099693,1.6436969543000002,0.8333333333,0.1666666667,7.5,0.1416666667,1.0,-0.002,-2.5,7.375,0.2683785991,3.0,-0.0094237288,-2.1746987952,0.103423411,0.1428571429,0.7007519830000001,7.9,6.3,2.3237963412,0.3878230324,2.1027024668,-0.6435596654,-3.0093216685364372,-0.0153726897,0.1111111111,-2.7567006828,-1.1172276211,0.1910395678,4.9380558016,2.5392376812,0.0061635139000000005,2.2234110931,-0.9575666758,0.1428571429,4.0502743994,131.0,10.925098711,0.2565783653,8.0,0.7870628357,0.0011209995,0.98671875,0.0015731746,0.6666666667000001,0.37037037040000004,-1.5138657228999999,-382.5,0.33333333330000003,1.4204988685,0.4752402345,1.7380056702000002,-388.5,0.1666666667,-0.5041731216,314.1666666667,1.9966069696000002,0.2708840245,1.6117508102,24.0,206.5,3.9866494983490015,0.5332813351,9.0,2.0711589942,0.3817818877,1.894830431,0.0615613722,2.9695591582,0.4108653477,1.8188569016,14.5,0.0793650794,-1.7473578940999999,66.0,0.015208461900000001,0.22941176470000002,0.22010810741122847,64.0,125.0,16.0,2.8352018008,0.2859143924,1.8297317391,-0.42526825900000004,6.9,6.3,304.8333333333,3.8053861029,0.3232298615,0.6947732624718631,250.4166666667,0.5333333333,2.4464309184,0.3610586677,1.6002653210000002,0.0032053842,0.0428571429,23.1666666667,40.48176587519101,1.0,1.9678287589,0.2859705831,2.3789284146,-0.7146442576,0.0988286952,-0.20389988150000002,1.8498532359,0.3426370059,1.46419691,-0.22468981740000002,-0.2171665865,1706.3088744589,11.0,8.0,2393.5833333333,0.8397258084,0.4324323353
s356,0.591588723,0.0362905153,1.8305942823999999,1.65,46.6875,0.4666666667,23.6,0.33333333330000003,-0.644522938,-1.4641494466,4.3295592361,0.3698383482,1.8961147851,-1.6504494411000001,0.1663878425,-2.6575247534084943,-3.3427184936986967,-6.364433462595058,-4.14564299346495,5.3520207205,0.2998225163,1.4440505535,0.6666666667000001,0.33333333330000003,9.0,0.19166666670000002,3.0,-0.0116666667,-4.25,19.5217391304,0.2102390852,1.0,-0.0105925156,-5.8140592516,-0.3204809497,0.125,0.6305616153,7.8,6.8,2.033156446,0.5303504444,1.8090638959,-0.9604565326000001,-2.6399579004074307,-0.0237478539,0.0555555556,-0.23476369660000002,2.1461066465,-0.5629734621,4.194188013,2.8666794058000002,0.2141712687,1.7082113697999999,-1.0170844173,0.1714285714,3.9312389163,137.0,7.6113128603,0.3752535483,7.0,0.9999877930000001,0.001019727,0.9984375,0.0015104493,0.6111111111,0.14814814810000002,-0.1177539603,118.0,0.1428571429,1.114471612,0.4581591817099997,2.6820685858,-307.0,0.05,-0.7824650385,347.9966666666701,3.046558077140999,0.331993457146,1.6451572599650004,22.43,66.635,6.119400340251997,0.4191997953,14.0,1.7315255552000002,0.5658208189,1.4888069968,-1.0907438353,4.0762565585,0.4782507151,1.3425372768,0.0,0.09642857140000001,-1.647662564,177.0,0.0675130914,-0.3446852425,0.6931471805599453,81.0,163.0,20.0,4.4265508192,0.28823163360000004,1.9857323662000002,-1.0778571862,6.2,5.3,300.6666666667,4.6950433968,0.3771850161,0.6621218898891521,323.8333333333,0.5388888889,2.9577755102000003,0.3399044977869999,1.8624166661050001,0.0016847155,0.019047619000000002,30.16583333333601,117.0380774032,0.0,2.5708868436,0.3838500047,1.5575214349,-1.3256302713,-0.9949266494000001,-0.5994098298,2.0813091843000002,0.3796471554,1.7075948603,-0.1479508963,0.0945203715,2893.7092592593,11.0,6.0,5638.0833333333,0.22259866220000002,0.2240025472
s357,0.7541273514,0.0513711773,2.1384607291,1.85,40.0,0.33333333330000003,30.625,0.4666666667,-0.3746165160799999,-0.9173192539710004,3.2145286098630006,0.3819210624720001,2.0861516376820006,-0.7827779990689998,0.36433304790000004,-1.251045266340757,-1.242134717432535,-7.5440511595234225,-4.7146352471127315,5.2028587238,0.26845073140000003,2.0199727281,0.8333333333,0.0,5.0,0.0416666667,2.0,-0.0116666667,-2.0833333333,4.5416666667,0.062261904800000004,2.0,-0.0057238095000000004,-1.294047619,-0.34429734570000003,0.0,0.7902079779000001,8.0,7.0,1.7216226038,0.4736499212,1.9743114271,-0.6749794241,-3.7094141920577277,0.015953100300000002,0.2777777778,-3.3114046636,-2.5557380148,-0.8017492914000001,2.9524780832,1.7461881036,0.290415058,1.6463387953000002,-1.1195720593,0.22857142860000002,3.7262636324000002,166.0,10.925098711,0.2565783653,8.0,0.7831634521,0.0006216525,1.0,0.0009331378000000001,0.5833333333,0.48148148150000003,-1.0967047714,-470.0,0.1818181818,1.3265168242,0.5142886019,1.9630937116,-496.0,0.25,-0.35434382950000004,237.5,3.2403982095,0.32816784990000003,1.5214761240999999,32.0,31.0,7.9599000158,0.6929966585,12.0,1.996291438,0.6959328263,1.8382642100000002,-0.0942945266,2.2155167696,0.4806291294,1.8463747036,-36.0,0.1052631579,-1.6813623754,89.0,0.06518304800000001,0.13684210530000002,0.0,113.0,147.0,16.0,2.9597223833,0.30514352440000003,1.2878364469,-0.8819431843000001,5.4,4.7,336.3333333333,2.9441244941,0.2990602048,0.43853091432810487,269.8333333333,0.5222222222,2.8181106743,0.3131223319,1.4769413678,0.012344056800000001,0.0523809524,12.0,24.7442100111,0.0,3.2893452042,0.3143857805,2.2215383597000002,-0.8089500917,-0.6569283836,-0.18000581400000001,1.2531977261,0.35646275520000004,1.5643751359,-0.5643844369000001,-0.4788492864,2957.5716666667,-2.0,9.0,4167.0833333333,0.8691864431,0.5056954299
s358,1.5396355661,0.24369934000000001,1.1139484213,2.05,31.25,0.2,25.0,0.36666666670000003,-0.6645113029,-0.3478447075,2.996234586,0.3118604598,1.7336514661,-2.0361474374,0.1137696918,-3.1710238053808153,-2.3533017694471488,-5.734283136608382,-4.742170267355125,3.9637465652,0.278523687,1.3101524306,0.6666666667000001,0.1666666667,10.0416666667,-0.0791666667,0.0,0.0061666667,-2.2916666667,14.5416666667,0.0708128079,1.0,0.0003850575,-3.6366995074,0.011224869773000001,0.24489795920000001,0.7143561017960001,8.2,8.0,1.6275680049,0.3916634641,1.479670798,0.097322666,-1.5413203146207501,-0.0083197529,0.0,-2.5460419822,-0.8209893003000001,-0.695420887,3.165134892,2.3792665799,0.103188017,1.6243236105999999,-1.0170844173,0.1714285714,3.9312389163,223.0,7.6113128603,0.3752535483,7.0,0.694033432,0.0014426780000000002,1.0,0.0013762836,0.47222222220000004,0.14814814810000002,-1.3237236301,50.0,0.7272727273,1.4949134748000001,0.3178627902,1.0865882761,40.0,0.1111111111,-0.8302601608,414.3333333333,2.0342273744,0.2516977733,1.2682215999,6.0,26.5,-10.533511711100001,0.2804871653,10.0,1.2958633764,0.39469079090000003,1.8875544967,-0.2487242224,3.188862889,0.4061839749,1.3452022503,-16.0,0.125,-2.4621496554,90.0,0.0527837389,-0.0192982456,0.0,115.0,157.0,17.0,2.7765773457,0.30688611250000003,1.3863642309,-0.0876419658,6.4,5.7,291.8333333333,3.6954962522,0.33055168430000004,0.26610048011319304,314.6666666667,0.5222222222,3.0632307746,0.2846768832,1.4307609517,0.0056098826,0.059523809500000004,87.3333333333,13.730538922200001,0.0,2.3598075269,0.3286152102,1.3442750231,-2.2111729691,-0.8407901068,-0.0179103386,1.344662773,0.3014370879,1.2036853021,-0.3215685193,-0.5118564805,1986.1888888889,14.0,6.0,2310.1666666667,0.8493125810000001,0.15558175940000002
s359,0.9348011695,0.22575895070000002,1.4344716955,1.65,35.2666666667,0.5,13.4545454545,0.2666666667,-0.7147236674,-0.033403078100000004,2.2913831099,0.41016861930000004,1.6309449979,-1.0168569601,0.5190616438,-1.3155359256919663,-2.519157813329409,-8.004496219714532,-6.189951193786415,3.7712002035000003,0.2646942254,1.8131264887,1.0,0.0,4.5,-0.025,0.0,-0.0013333333,-0.0833333333,6.25,0.18968749999999998,3.0,-0.0087875,-2.321875,0.2203347175,0.25,0.6070215176,6.5,8.2,1.1933851893,0.4030152061,1.9511262897,-0.64263406,-5.7828881839498605,0.0017587292,0.8055555556,-2.0516782588,-0.9781596816,0.1910395678,4.9380558016,2.1551728299,0.2148498695,2.1719214343,-0.8075379761,0.0857142857,4.3503317988,218.0,59.8991114415,0.8568707964000001,6.0,0.7597815990000001,0.0012499298,0.8596725464,0.0013257659,0.3888888889,0.6296296296,-1.5095725371,-120.0,0.6153846154,1.0806945754,0.4214960642,1.6257971600999999,-351.5,0.3529411765,-0.41913860410000003,366.4866666666741,2.6359031877859995,0.322041847395,1.5383928151669999,30.32,66.88,4.0178541405,0.5819245377,11.0,1.4536844603999999,0.5951456138,1.9034271661000002,-0.5186734362000001,2.1519380017,0.2666414368,2.8250558852000003,-6.0,0.08633093530000001,-0.6093696337,78.0,0.0453860124,-0.1671826625,0.6931471805599453,98.0,145.0,22.0,2.6262783669000003,0.3014207371,1.6812647950000001,-1.2327829157,6.1,5.7,376.8333333333,1.9845323191,0.33858591310300007,1.0037100493147633,301.207500000002,0.5266666666729996,2.594864414756001,0.310755711728,1.6894905970760001,0.007702431789000002,0.06461904761899999,23.30583333333501,37.10507298042301,0.0,2.2083949778,0.3351077798,1.7697668597,-1.4545868548,0.0151141196,-0.4975371254,1.2630116828,0.3269692879,1.6797121101,-0.5499121967,-0.5221641936,2957.5240740741,11.0,4.0,3881.0833333333,0.5161367447,0.7588016832000001
s360,0.7025912882,0.2683038326,1.8423480803999999,1.3,20.25,0.2,12.8636363636,0.2666666667,-0.6492774166,-1.0392995013,4.7670948362,0.3666543082,2.8441779013,-0.43785307700000003,0.0431866438,-3.221490542765627,-3.41728499922028,-7.538668207466401,-3.566130472315126,6.4830119552,0.2594790663,2.2103705009,0.33333333330000003,0.33333333330000003,11.2083333333,0.0625,1.0,-0.00016666670000000001,-1.2916666667,10.125,0.0092436975,0.0,0.0004941176000000001,-0.0235294118,0.1995309624,0.3469387755,1.0064834056,6.7,6.2,2.7305479903,0.43234387500000004,2.0046087164,-0.24100138540000002,-5.420246113803711,0.0032717026000000002,0.7222222222,-4.1347978906,-3.3805526306,0.1910395678,4.9380558016,2.8198114501,0.2601253962,2.6738416897,-0.9575666758,0.1428571429,4.0502743994,154.0,46.0626954627,0.8291899447000001,10.0,0.7627120972,0.0019383791,1.0,0.0020946694,0.47222222220000004,0.40740740740000003,-0.2718852009,-146.5,0.1428571429,1.3532144031,0.5800840504,1.9115847602,3.5,0.0714285714,-0.6366518368,254.5,3.4293143971,0.3530941195,1.4793697758,18.5,86.0,-1.2471184713199996,0.5162324134,4.0,1.6794702239000001,0.48522380200000004,2.0077200234,-0.8344715997000001,3.9015027728,0.4274665787,1.4816722689000001,-21.0,0.11428571430000001,-1.8861585521,111.0,0.0542502994,0.3140350877,0.0,82.0,129.0,20.0,4.0692821917,0.34792206670000003,1.5923457587,-1.7507280663,5.9,5.3,285.8333333333,5.2897114147,0.3015587031,0.7207026605599031,261.6666666667,0.5166666667,3.1556302808,0.3506818806,1.4837741278,0.0044921273,0.0238095238,30.0,143.2700669907,0.0,4.2322456957,0.3435916256,2.3260225755,-0.7778784321000001,0.0797533575,-0.43140571440000003,1.896359966,0.3310306125,1.5944223864,-0.48095415300000005,0.1128828568,2798.8611111111,4.0,7.0,3567.7272727273,0.1727163776,0.493951334
s362,1.1362717216,0.2985907921,1.2553220447,2.6,36.3636363636,0.2666666667,30.9523809524,0.30000000000000004,0.2866815558,-1.5052912106,3.380068967,0.4004871438,1.6648773803,-0.33351597380000003,0.9687517123,-0.6563299066233995,-2.0080643002368865,-12.48684530968102,-8.178598922185376,7.3455000521,0.2563467477,1.7622315885000002,1.0,0.0,2.625,0.0458333333,3.0,-0.0031666667,-0.7083333333,5.125,0.08433540910000001,3.0,-0.002996779,-1.9350440198,0.30874895620000004,0.2857142857,0.9781185327,8.4,8.5,2.1813250794,0.4809213036,1.6738635850999999,-0.9080183857,-5.966328559652043,0.0023055687000000003,0.8333333333,0.2789126175,4.0238567366,0.1910395678,4.9380558016,4.8031657032,0.3237409438,1.6766236692,-0.9575666758,0.1428571429,4.0502743994,245.0,25.7627506452,0.3968411315,9.0,0.7395568848,0.0008603869000000001,1.0,0.0011286296000000001,0.75,0.8148148148000001,-1.5555567377,-59.5,0.1739130435,1.8812903649,0.3773431036,1.636116446,-137.0,0.1818181818,-0.5285045198,278.0,2.9285260717,0.2794996783,1.3821815715,5.0,94.5,-14.7755061527,0.3751760732,14.0,2.5718697143,0.521267216,1.5724163165,-0.4418405817,4.3473374639,0.3792557307,1.9468931529,1.5,0.0714285714,-1.5129483096,209.0,0.1119287373,0.0192982456,0.0,66.0,147.0,23.0,3.5098315086,0.28818154430000004,0.8905402621,-2.2644003616,6.2,6.5,288.5,3.6852115649,0.3245945034,0.24200091811006433,251.75,0.5166666667,3.1903182842,0.2696431326,1.6978253834,0.0053013582,0.021428571400000002,3.5,137.7068042629,0.0,4.1044688361,0.2800690334,2.3297160243,-0.6499697178,-1.0117045379,-0.8560600159,2.5165761605,0.35582769000000003,1.3122817984,-0.33307518210000003,0.8094950954,2720.3203703704,6.0,5.0,2683.1666666667,0.6941334583000001,0.34777572770000004
s363,1.0156205047,0.2383182381,1.4978848169,1.75,31.1111111111,0.4,23.125,0.4666666667,-0.3703319782,-0.299657859,2.9958310967,0.4058666455,1.7595318463,-2.502295174,0.5187619863,-2.043902518406167,-2.1177695030546007,-8.075252159285387,-5.1000835505936415,4.8056474901,0.28899455350000003,1.8713513216000002,0.6666666667000001,0.1666666667,3.2916666667,0.0041666667,1.0,-0.0055000000000000005,0.0416666667,1.7083333333000001,0.022988260400000002,2.0,-0.0033195304,-0.5384204909,0.06591201452000002,0.3125,1.6538959172,7.3,7.6,1.7062009027,0.5177082907,2.0922654469,-1.7404506898,-4.458676638747053,0.0073071601000000005,0.5,-2.1432249684,-1.6052672858,-0.33672694870000003,2.9741526582,2.3834917542,0.396504126,1.4159847448,-0.6385135918,0.1428571429,3.4121682313,129.0,59.8991114415,0.8568707964000001,6.0,0.7365007401,0.0007415615,1.0,0.0010268392,0.6388888889000001,0.4444444444,-0.6581677485,-1.0,0.4666666667,0.9239739543000001,0.4545872030750001,2.0478595712,-323.0,0.0714285714,-0.15163882010000002,469.1666666667,4.7815804418,0.3373774251,1.75611852324,57.5,36.5,0.5081272416059996,0.5991408642,10.0,1.3444197545,0.5702363748,2.1110494969,-0.42809930430000004,2.4748248124,0.4480197489,2.091039309,-28.0,0.0788530466,-1.2790190251,108.0,0.022431979,0.0629514964,0.6931471805599453,87.0,123.0,23.0,3.0973452646,0.3194042147,2.0045475795,-0.9998474329,6.1,5.3,376.8333333333,3.4919829676000003,0.4368779679,1.0123392237862798,277.8333333333,0.5111111111000001,4.7915588016,0.3766502984,2.2529087453,0.018600021,0.0071428571,-11.0,21.3787623066,1.0,2.4631931342,0.3728771444,2.1173850813,-0.8795208967,0.2796508551,-1.3136818257,1.4192243801,0.1510922459,2.5051371776,-0.7034177291,-0.2177370264,3830.5833333333,1.0,8.0,4422.3333333333,0.8300000756,0.5252741892
s364,1.9703876463,0.251765585,1.1747589552,2.624333333332999,20.6818181818,0.2666666667,37.8571428571,0.5333333333,-0.1123575623,-0.2692548798,3.8158447303000003,0.2516962381,2.1590102663,-2.6823483841,0.5250017123,-2.230304253602661,-3.355494168656088,-8.09496897169955,-4.152446810274638,4.5636211077999995,0.27212657090000003,0.9911250475000001,0.8333333333,0.0,11.5,0.0666666667,2.0,-0.0053333333000000005,-4.8333333333,8.7916666667,0.0777047523,1.0,-0.0034256825,-3.4659251769,0.1906452333,0.25,0.48957356550000003,8.4,9.6,2.8544548306,0.3806953759,1.4831691621,0.9469913999999999,-2.65617573724436,-0.0222770748,0.0277777778,-0.45756875360000004,1.4309834068,0.0,5.3201349372,2.6527219252,0.1471412927,1.8027591685000002,-1.2494826612,0.3142857143,3.4664424285,298.0,59.8991114415,0.8568707964000001,6.0,0.7449871063,0.0024021116,0.9048263550000001,0.0025558530000000003,0.7222222222,0.37037037040000004,-1.1394382981,-156.5,0.1111111111,2.2241746016,0.3141206428,1.7001757469,-349.5,0.0,0.1988200741,245.6666666667,2.3262703477,0.2635313541,1.5338944184,-20.0,228.5,-2.6022896759,0.4362903274,6.0,2.2262202018,0.3941997084,1.8135856039,-0.1787733567,3.1613465984,0.3623838441,1.4485337008,-3.0,0.125,-1.7275878249,146.0,0.1020859565,0.1526315789,0.0,82.0,162.0,17.0,4.3112578441,0.2700927221,0.9736602213000001,-2.1154580497,7.0,6.8,179.3333333333,2.9605771985000002,0.4097662232,1.0081773441350492,222.1666666667,0.5444444444000001,3.5604637771,0.21265435840000002,1.879225785113999,0.0036645096,0.0023809524,-17.0,126.1467456997,0.0,3.0242708535,0.2736280213,1.5557247055999999,-0.9592061843,-0.4722711069,-0.7077482955000001,2.6609783487,0.3081528806,1.3489635273,-0.4915952766,-0.7312379295,2059.7583333333,25.0,4.0,5083.4166666667,0.8425611634,0.1594525324
s365,1.4641527887,0.25972209960000003,1.9452766853,3.45,44.6315789474,0.36666666670000003,35.3125,0.4666666667,-1.1432017395,-0.8167922616000001,4.6541354077,0.37271832650000003,3.1056907254,-0.7242982121,0.1359006849,-2.5764588314809633,-3.2196038297994964,-7.201764949793436,-3.4797001376701457,4.0266336549,0.2919321607,1.6730562409,0.8333333333,0.0,12.2916666667,0.1625,3.0,-0.006500000000000001,-4.2083333333,16.0833333333,0.14404761900000002,3.0,-0.0064047619,-3.3154761905,-0.0384615385,0.1632653061,0.9644293615,7.8,6.3,2.0385855475,0.48099050200000004,2.1504137672,0.0022224034,-1.8559497770789102,-0.02380044,0.2222222222,-2.1551106434,-0.004504340700000001,0.4181320954,4.4838707464,2.3410640308,0.1802729539,2.2117849856,-1.0170844173,0.1714285714,3.9312389163,207.0,7.6113128603,0.3752535483,7.0,0.7488295436,0.0012370783,0.9463121414000001,0.0015674109,0.5555555556,0.18518518520000002,-0.8909280874000001,-169.0,0.0,1.9518842631000002,0.4759613407,2.391857748,-141.035,0.0,-0.3308665487,337.6666666667,2.7396006847,0.32789521250000003,1.4433689247,-8.5,171.0,4.0394669721500005,0.6515861938,15.0,1.4501070414,0.4363610766,1.9044016758,-0.5084479575,3.559414373,0.4989784859,2.4088013555,82.0,0.0788530466,-1.4307060837,213.0,0.0622563412,-0.0298245614,0.0,71.0,153.0,19.0,4.1916940892,0.3375793393,1.5954684086,-1.0309894258,6.6,7.7,300.3333333333,3.4913241798,0.3476746671,0.6073254843648562,219.75,0.5222222222,3.436894326,0.3277930766,1.6131579975,0.0111205009,0.033333333300000004,-5.1666666667,54.1638095238,1.0,2.504677456,0.3500781181,1.6372361086,-0.7029603623,-1.1643269323,-0.8195917765,1.6757151222000002,0.3496396044,1.6867233983,-0.2648486102,0.32929760750000003,1680.5074074074,13.0,8.0,3807.5,0.9242486025000001,0.6780894572
s366,1.1534988104,0.37152126160000004,1.6970578925000002,2.15,46.3333333333,0.5,25.55,0.33333333330000003,-0.6186206228000001,-0.21391487380000002,3.7377460529,0.35185774480000004,2.5919424565,-0.9209181562000001,0.8037517123,-2.4299515746503264,-2.423399259138416,-9.555835189943258,-4.709307361343004,4.2241304206,0.2911903406,1.4297899579,0.6666666667000001,0.1666666667,8.4166666667,0.0666666667,0.0,-0.0003333333,0.5,8.5416666667,0.12216624690000001,0.0,-0.0013853904000000002,-0.21725440810000002,-0.2890873721,0.12244897960000001,1.0101141234,9.0,7.7,1.4973708974,0.4251478551,1.9461429838000002,-0.8356962283,-4.461830933590511,-0.0128414103,0.9722222222,-3.2118393215,-1.2825158424,0.0,5.3201349372,2.4680100591,0.3001226025,1.7265432395,-0.8025984338000001,0.3428571429,2.4145526767,141.0,59.8991114415,0.8568707964000001,6.0,0.8977890015000001,0.0007749375,0.9296875,0.0011728415,0.5555555556,1.0,-0.9755930557,177.5,0.2777777778,1.4096747305,0.46722787200000004,2.0867723957,-150.185,0.0,-0.4618882757,376.80666666666895,2.6691254523679997,0.323460636855,1.56950132275,29.1,65.14,1.6153562849540004,0.7559471339,9.0,1.2986055115,0.5513455819,1.8988235909000002,-0.6133963006,2.6990848275,0.4464290866,1.9544329836,-4.5,0.1214285714,-1.8254694186,177.0,0.052008147500000004,-0.0666666667,0.0,93.0,203.0,23.0,2.034206818,0.32710908250000004,1.4491986161,-0.1806507648,6.7,5.5,376.1666666667,2.4490325229,0.19157387950000002,1.0152914097327805,357.5833333333,0.5315000000009996,1.4375483758,0.3422902477,1.5162477574,0.0057382832,0.1619047619,-14.1666666667,57.5387458746,2.0,1.9190540058,0.3687878812,1.9444632741,-0.3005572643,-0.296994376,-0.25042313780000003,0.7598845317,0.0240212044,2.2853343896,-0.5606867145000001,-0.6441382438000001,3323.4527777778,3.0,4.0,4755.8333333333,0.8322445896,0.8572740319000001
s368,0.6974854077,0.2082925952,1.1685176512,1.4,23.8260869565,0.2333333333,19.5652173913,0.2333333333,-0.5178728816,-0.6797053676,5.0691564194,0.35540477,3.3073630439,-0.5055077410000001,0.41911986300000004,-2.051666481593862,-3.4141577171575435,-7.575540802519176,-6.528864973673539,3.989969505,0.3172715035,1.4282714077,0.33333333330000003,0.1666666667,6.6666666667,0.0666666667,1.0,-0.0013333333,-1.6666666667,7.375,0.0051061678,1.0,-0.0021496461,-2.0749241658,0.0177959519,0.1875,1.2030733617,9.2,9.6,2.3190444646,0.4662843729,1.6039119297000002,-0.4423564475,-2.933002345765112,-0.0203874331,0.0277777778,0.5169103821000001,1.8316880222,0.0,5.3201349372,3.5807002599,0.1423510782,2.7915438094000002,-0.9575666758,0.1428571429,4.0502743994,160.0,59.8991114415,0.8568707964000001,6.0,0.6585773468,0.0010137876000000001,0.752665329,0.0013005752,0.5,0.33333333330000003,-1.0521696682069994,-144.2,0.22366796357100005,1.6261868899139995,0.4217529087820003,1.9192584276970004,-147.145,0.08318285468199998,-0.34936661507299993,310.6666666667,2.9824538296,0.2932501607,1.4851972455,15.5,137.5,-13.564050225,0.5906872276,3.0,1.9890482998,0.48105534510000003,2.1008372943999998,-0.4603898692,3.1377364992,0.4010483877,1.5498678402000001,-43.0,0.1182795699,-2.0279481749,141.0,0.0579277245,0.11228070180000001,0.0,63.0,120.0,21.0,4.3605974808,0.2841248265,1.7425716910000002,-1.0569805342,5.5,4.8,247.0,1.9779783801000002,0.1951045382,0.9372984545942095,244.8333333333,0.5222222222,3.9039393355,0.2855710897,2.059597392,0.0061868842,0.0142857143,29.0,68.0617893156,0.0,2.8975162156,0.3133528792,2.2197668726,-1.2629399915000001,-0.5496111726,-0.6023719486,1.7486565245999999,0.2201178892,1.8237785353,-0.181379863,-0.0619743795,3765.1071428571,15.0,3.0,2873.1666666667,0.7495800309,0.1527003144
s369,0.4042139189,0.06685029420000001,1.4180653243,1.4,8.3076923077,0.1333333333,8.6296296296,0.1,-0.0670822076,-0.0315978647,2.6589614539,0.4140377257,1.3828966432,-0.6673120138,0.0316215753,-3.323333020864332,-3.454267668703206,-6.530045309824221,-4.8563003394351725,3.2147991972,0.3329026876,1.4298606428,0.0,0.6666666667000001,10.9166666667,0.058333333300000005,1.0,-0.0016666667,-6.8333333333,5.7083333333,0.026437715900000002,1.0,0.0007717944,-2.2866287339999998,-0.1097893492,0.4081632653,0.48840576210000003,8.9,9.1,1.7528109986,0.5290403,1.6248020702,-1.4047473837,-1.5411027195036198,-0.0106138214,0.0,-3.6822287126,-2.8801521081,-0.2618582637,2.8244152882,1.4609502187,0.040573562,2.6439676558,-0.9575666758,0.1428571429,4.0502743994,196.0,1.6267277906,0.2574809202,9.0,0.7332446337,0.0008505253000000001,0.8987304688000001,0.0013563795,0.3888888889,0.14814814810000002,-1.1267039812,99.0,0.3636363636,1.2663638903,0.3686341134,1.5429866426999999,-248.0,0.1764705882,-1.0739037657,325.1666666667,1.5576503957,0.324811795157,2.0876747398,8.0,43.5,1.4640590014,0.5709905453,6.0,1.1990250367,0.6053859776,1.3044947949,-0.2439340248,3.3250614103,0.44237312391500017,1.9281536362889997,0.5,0.11191335740000001,-1.0534112834,146.0,0.0921792659,0.0701754386,0.0,104.0,196.0,14.0,2.3592390283,0.3494747275,1.3226191306000001,-0.4405697161,5.1,4.5,286.1666666667,1.6125296324,0.1735097485,0.6346766638953334,311.75,0.5666666667,1.6352187895,0.3137045780660001,2.1166155521,0.017943168500000002,0.11428571430000001,7.1666666667,62.1087483569,2.0,1.5332627835000001,0.40439850600000005,1.5523554302,-1.3797515382,-0.2341067255,-0.7575030937,0.7029087851,0.2126453785,2.105522684,-0.08605621620000001,0.5727804836,3713.9285714286,-7.0,7.0,7814.6363636364,0.2380514042,0.6809804716
s370,1.0091498044,0.24698706650000002,1.5066478324,2.0,35.0,0.33333333330000003,28.0,0.33333333330000003,-0.2706334398,-1.3471751097,3.1784069455,0.34701167390000004,1.3938382616,-1.6146902706000001,0.5262517123,-2.1760429659816345,-3.2127729105918177,-7.59567952285309,-5.309864498810265,2.9399920116000002,0.3144893667,1.4044135495,1.0,0.0,15.9166666667,0.1,1.0,-0.004,-4.5,6.5,0.2243498818,2.0,-0.0163073286,-1.256501182,0.042799874200000004,0.1632653061,0.579783053,7.7,5.4,2.5073045006,0.46077094100000004,1.7783614972000001,-0.4817117105,-2.666443853147549,-0.0146457402,0.0833333333,-1.0059322289,1.4034120002,0.1910395678,4.9380558016,2.8285454497,0.2515597845,1.4055348871,-0.9575666758,0.1428571429,4.0502743994,160.0,46.0626954627,0.8291899447000001,10.0,0.7132042885000001,0.0015517525000000002,0.8484268188,0.0017601824,0.6111111111,0.33333333330000003,-1.1570442305,49.0,0.36217096472700006,0.7328478997,0.2658892894,1.1405457159,78.0,0.2941176471,-0.8783980685,325.19500000000306,2.766309180871001,0.308872703334,1.4891963020699996,12.155,75.215,22.1270804238,0.4280351552,12.0,2.4591429653,0.4515100334,2.1763173939,-0.2099959301,1.8029199502000002,0.4868167256,1.457190648,-45.5,0.1,-0.4406861876,126.0,0.0756799695,-0.0350877193,0.0,102.0,183.0,23.0,2.9143484458,0.3110888874,1.0594217385,-1.1613565967,5.6,4.2,244.5,4.0309970478,0.2762829973,0.747366714561627,256.4166666667,0.5444444444000001,2.4860884845,0.31881175370000003,1.2412754423,0.0069571939,0.080952381,36.8333333333,65.1858860742,1.0,2.7453724115,0.3806212976,1.7744725548,-1.4141435417000001,-0.5611377569,0.2760784779,1.6855038579000001,0.3327050354,1.3546312972,-0.4554476042,-1.1999039328,2715.3278911565,32.0,5.0,2381.5833333333,0.22071338980000002,0.3330898404
s372,1.2168179068,0.2307521518,1.9269428608,3.95,32.6086956522,0.2333333333,5.1363636364,0.2666666667,-0.274951918,-1.2043334915,4.4211865683,0.424025256,2.7726307375,-1.7441530326999999,0.4573587329,-3.0157427993395642,-3.4071052095618404,-6.348687869950373,-4.620026080367086,3.9633753542,0.3056952855,2.5166794763,0.6666666667000001,0.1666666667,13.9583333333,-0.0208333333,1.0,-0.0008333333,-3.9583333333,10.2916666667,-0.0164284213,1.0,-0.0008602060000000001,-4.0807231448,-0.1924850194,0.1020408163,0.7676026088,8.8,7.7,3.0857034938,0.5381912688,2.4189084478,1.0519828037,-1.049733643556089,-0.023625074200000002,0.0277777778,-4.2418956161,-3.2076676537,-0.1448413667,3.3579238221,2.0432098584,0.1567406106,2.2074784583,-0.5402436899,0.0285714286,4.8849203713,157.0,7.6113128603,0.3752535483,7.0,0.7025615215000001,0.0014150189,1.0,0.0018501374,0.5,0.0740740741,-0.6394018957000001,-541.0,0.125,1.5824536154,0.6138109071,2.2173194622,-45.0,0.0769230769,-0.3080233177,314.341666666666,3.296988414565999,0.326710577904,1.9385224871510003,17.885,91.62,23.0237295167,0.39965884490000003,13.0,1.9197853660000002,0.5008312225,2.3376892394,-0.050707885200000004,2.7997849511,0.5035689029,2.1112904782,32.5,0.1111111111,-1.121393517,162.0,0.07254279500000001,0.17368421050000002,0.0,91.0,151.0,17.0,3.623601632,0.3637863524,1.5555022316,-0.6119510359,5.7,6.1,261.8333333333,4.4349306763000005,0.2908362881,0.8686769557016398,227.1666666667,0.5333333333,2.6101949592,0.3356327344,2.3492501459,0.0022642513,0.0142857143,121.3333333333,56.5225362872,0.0,3.4968839158,0.387472776,2.9439553475,-1.0405066672,-0.6806577094,-0.1794853464,1.3769993419,0.20841117110000001,2.2840616396,-0.3739683145,-0.8932419515000001,2472.575,1.0,10.0,5237.5833333333,0.3516561801,0.3514290987
s373,0.6306359968,0.042006755300000004,1.8932179966,1.75,26.88,0.1666666667,20.4545454545,0.2666666667,-0.1045946666,-0.8870601457,2.5027032386,0.3894070478,1.6602648081,-0.0108845324,0.1040351027,-3.3428880885046093,-3.387000688292197,-6.908114641429802,-3.25946197220259,1.1939898149000001,0.3240663271,1.7299591962,0.5,0.0,9.0416666667,0.1208333333,0.0,0.0011666667,-1.4583333333000001,3.875,-0.0818971061,2.0,-0.0043344051,-2.1655948553,-0.0548063482,0.2127659574,0.6089548557000001,7.6,5.9,0.8625675842,0.3281678042,2.1854432866,-0.7537352630420002,-1.5389310361643453,-0.004784017000000001,0.0,-2.319889452882,-1.2573711947880002,-0.4425470754599997,3.0165221048970023,1.8132476211910011,0.11545778884800001,2.0712054384700003,-1.070541321,0.2,3.8243251091,107.0,7.6113128603,0.3752535483,7.0,0.7075508118,0.0013395134,0.9040328979000001,0.0018738852000000001,0.47222222220000004,0.0740740741,-0.7694219255,-448.0,0.2,1.5897365143000002,0.47848524810000004,1.8125809098999999,-410.0,0.1428571429,-0.7263208790000001,283.3333333333,2.6992828051,0.36497493410000004,1.1262682868,50.0,14.0,4.7098674673000005,0.8421906552,6.0,1.2368026394,0.4942284525,2.1137624237,-0.2015585786,2.34651175,0.3633981671,2.8083877365000003,-87.0,0.09285714290000001,-1.1893305771,128.0,0.0103362488,0.039215686300000004,0.6931471805599453,88.0,172.0,24.0,2.0200920983,0.3408162423,1.4346638098,-1.0495651445,6.2,5.5,341.074999999995,2.3955865868289994,0.33120603215000005,0.4862917344161237,233.6666666667,0.5333333333,2.1251520832,0.2041491477,2.0608285855,0.005148826400000001,0.09761904760000001,57.3333333333,70.7686606361,2.0,1.3941305462,0.4929432063,1.5175417752,-1.1258254082999999,-0.35807632980000004,-0.2129702115,0.7940903119,0.0740008567,2.1187472403,-0.2635511694,-0.046704609300000005,2955.2857142857,3.0,4.0,5605.6666666667,0.8329577398,0.1528869618
s374,1.6179758624,0.2723260618,1.6753018910000002,3.15,44.5789473684,0.36666666670000003,21.6666666667,0.4,-0.3232471241,-1.470097813,2.7586745684,0.4289394778,1.4916401182,0.2958811179,0.4402328767,-0.3548883803656809,-2.1780659518634993,-9.276091361189524,-8.913722592138473,4.8479674987,0.2828549123,1.4732259144,0.8333333333,0.1666666667,10.0833333333,0.3166666667,3.0,-0.0106666667,-2.9166666667000003,10.2083333333,0.2254923903,3.0,-0.0056866607,-3.2235899731,0.1230039462,0.2244897959,0.9937426198,8.2,8.2,3.6022036522,0.6514856949000001,2.4487926342,0.5254300761,-7.98497356021258,-0.0102705409,1.0,-0.5327870437000001,5.8646736636,0.0,5.3201349372,3.9753113204,0.2232861489,1.4084235425,-1.1227206548,0.3142857143,3.2129184158,274.0,2.3916188301,0.3492235958,5.0,0.8504882812000001,0.0019247636000000001,1.0,0.0017744553,0.5555555556,0.9259259259,0.13298462660000002,77.5,0.0555555556,1.6460721496000001,0.5119901913,1.7711790596,-266.0,0.0625,0.2035955654,335.093333333334,3.016163687417,0.3111832401459999,1.5990348701279993,23.99,84.225,10.2678845451,0.3395910974,16.0,2.4875872871,0.6573549009,1.9296956918569999,-0.250695969,3.4072789312,0.24028956840000001,2.9279073441000003,5.0,0.0857142857,-1.6313463957,151.0,0.058792760900000005,0.0350877193,0.0,91.0,175.0,18.0,3.6422288738,0.29496524,1.0482147563,-1.3233617436,7.0,6.1,317.44499999999897,3.7924051310189997,0.3510603669239999,0.545552265730571,345.625,0.5,3.1005716832,0.2935661915,1.1493976876,0.0135805128,0.0738095238,-6.25,25.6673650282,0.0,4.4348515306,0.3511740714,2.0710120562,-0.7727855794,-0.0446246525,0.3370923716,2.2674194381,0.3646233828,1.522192842,0.41719824050000004,-0.3344002981,2196.025,3.0,10.0,4431.5,0.870005043,0.5809758803
s375,0.9091211488000001,0.1781384389,2.2103177945,2.15,26.0,0.1666666667,13.8518518519,0.1,-0.2543004465,-0.6286537754,3.6571526152000002,0.3533244769,2.506685634,-0.7328412203,0.4468921233,-2.3436568332815124,-3.0071672686158446,-7.550165429841049,-5.072404214122231,2.7531363748,0.2912104109930001,1.8183728228099998,0.5,0.5,11.8333333333,-0.025,0.0,0.001,1.9166666667,11.1666666667,0.033983451500000005,1.0,-0.0030260047,-2.1601654846000002,0.5532498042,0.1458333333,0.7836074132,7.9,6.6,2.2030070675,0.5984501823,2.439194364,-0.3871935623,-3.555434552729673,0.0222082546,0.1944444444,-1.9540408924000001,-2.0067233735,-0.5769779016000001,3.3754990364,1.8202855901000001,0.0965263771,3.0734233388,-0.7017421781000001,0.0571428571,4.5619233948,167.73,25.7627506452,0.3968411315,9.0,0.7024764419,0.0007889705,0.9637896538,0.00108559,0.5277777778,0.4444444444,-0.4381816421,207.0,0.1875,1.1810847138,0.6003250877,2.0018413554,-236.5,0.125,-0.4197853304,418.3333333333,2.6386208459000002,0.3184890383,1.917968522,46.0,166.0,2.1554758769849993,0.5404637809,7.0,1.5002506046000001,0.6163732566,1.8244227556000001,-0.7980014962,1.1867793731,0.5572670191,2.2103875393,3.515,0.10328638500000001,-1.0084072519,128.0,0.045906888300000004,0.092879257,0.6931471805599453,128.0,186.0,14.0,3.211082746151999,0.3157745440689999,1.685641661303,-0.6873231641849995,5.4,5.3,301.8333333333,2.5162353190999998,0.434249223,0.5400874562659006,268.4166666667,0.5222222222,4.6267287095,0.35423177716700016,2.05612989683,0.0155127037,0.009523809500000001,22.5,17.8434811305,0.0,2.3168369211,0.4023445051,2.2203416711,-1.4263221996,-0.8833739787,0.1882688147,1.4182364988,0.3474916918,1.7342553722,-0.7261968588000001,-1.1475578146,2374.8854166667,1.0,6.0,5656.1666666667,0.7082745506,0.211140865
s376,1.8983933826000001,0.33688488650000004,1.1709671302,2.4,45.4705882353,0.4333333333,23.380952381,0.30000000000000004,-0.0617980065,-1.6628096123,3.1544614322,0.4548441795,1.1427984437,0.0433170578,0.8312585616,-1.291195909910301,-1.8049175764770895,-8.440809168575003,-6.562211527539325,5.0239326591,0.2737125696,1.0736095875,0.8333333333,0.0,15.4166666667,-0.15833333330000002,0.0,-0.0046666667000000005,0.0,14.2916666667,-0.0048330404,2.0,-0.0052618629,-3.1028119508,0.060538062100000005,0.1836734694,0.9461370835,7.9,7.1,2.6182212134,0.3823509325,2.2298401233,0.3882778531,-5.728465222795227,0.0028915432,0.8055555556,-1.5908497577,0.8662414357,-0.5629734621,4.194188013,2.9540943352,0.18019629680000002,1.4120400392,-1.327315884,0.3714285714,3.310775983,232.0,1.2928725743,0.0438060331,4.0,0.6838272572,0.0011879462000000001,0.9025817871,0.0020234748,0.6111111111,0.6296296296,-1.3552850346,-80.5,0.1666666667,1.8533852033,0.3910061265,2.056484153,-198.0,0.0666666667,-0.3339201967,359.5,3.7639571645,0.3363405065,1.8740502785,67.0,61.0,-0.3236858192,0.4749172009,12.0,1.5876783962,0.5241656047000001,2.0505615283,0.2366030547,3.3131275454,0.3988043302,1.3241074189,-1.0,0.11428571430000001,-2.1343608189,73.0,0.0659368574,0.056140350900000004,0.0,116.0,166.0,25.0,3.6650987059,0.2950915945,1.0585791092,-2.3125621285,5.3,5.5,364.3333333333,3.8473468659,0.33913770590000003,0.5865345528925034,227.0833333333,0.5388888889,4.0150491241,0.35887688230000003,1.7482043663,-4.8999700000000005e-05,0.080952381,64.8333333333,90.0935725642,1.0,2.8864817832,0.2974354551,1.9288525377,-0.9311026097,-1.2181268316,-0.2224698404,1.1094525361,0.0097159199,2.2251548343,-0.8739091054,-0.5476302934,2112.0277777778,-1.0,9.0,5257.4166666667,0.8426674882,0.1591469161
s377,1.1350217178,0.2939715182,1.7135882351,2.9,30.7894736842,0.36666666670000003,26.4705882353,0.4333333333,-0.7329224733,-0.8156696050000001,4.3222255628,0.28524953410000004,2.636279852,-0.35362682300000003,0.2214229452,-2.1424688767012086,-2.3304879038365334,-5.600197272936023,-6.108414045253299,3.0763189724,0.3041211575,1.2592044555,0.33333333330000003,0.33333333330000003,7.625,0.22916666670000002,2.0,-0.0141666667,-4.4583333333,17.3333333333,0.0584337349,1.0,-0.002,-4.4939759036,-0.11492268430000001,0.1666666667,1.0239453536,7.9,7.2,2.0239257127919994,0.394580283344,1.9794120247629998,-0.385800402167,-3.026550337172438,0.0242189657,0.2222222222,-2.6710875094,-2.1683938363,-0.5629734621,4.194188013,2.6548228822,0.1110574054,2.621454156,-0.9928100529,0.22857142860000002,3.4727396196,239.0,25.7627506452,0.3968411315,9.0,0.8323959351,0.0012774115,1.0,0.0022077821,0.5555555556,0.37037037040000004,-1.0362756523,-297.5,0.1,1.6519239052999999,0.3427635073,2.2210774707,-145.985,0.0833333333,-0.13971890750000002,269.1666666667,2.7990751496,0.2692403571,1.7706565018,7.5,162.5,-34.6183620078,0.42509410880000004,11.0,1.6795847667000001,0.4579987438,1.9983444723,-0.5929868103,2.943963498514998,0.39936386000000007,1.97834103208,0.92,0.100009353454,-1.5527513936989996,145.0,0.0872245168,-0.021978022,0.28197019365023335,52.0,100.0,21.0,2.5760931124,0.2601830774,1.4874759425000001,-1.0159121284,5.3,5.6,213.1666666667,3.3811023464,0.2729527378,1.3300059973295455,259.5,0.5111111111000001,4.033520793,0.3166819205,1.4362522288,0.0194139854,0.0166666667,30.6666666667,8.0359848485,1.0,1.9983336877000002,0.3048817446,1.7330063739,-1.0415385013,-0.0786473147,-0.06430436590000001,1.4932501711000001,0.2739782577,2.3113903674,-0.1591894523,-0.4790623171,2012.7053872054,28.0,5.0,3554.3333333333,0.7081363398,0.3118434765
s378,1.244823812,0.2388572797,1.2809335699,2.05,51.25,0.4666666667,30.7692307692,0.5666666667,-0.06994907,-1.4158192551,2.9245030357,0.3159071349,1.2658278795,-0.3046528731,0.6187517123,-0.18482262710442027,-2.0191221003737185,-8.459807220136113,-10.180936825781858,4.8510700816,0.27251915790000003,1.1821574421,0.6666666667000001,0.1666666667,23.8333333333,0.075,1.0,-0.0133333333,-2.25,25.7916666667,-0.060449957900000004,1.0,0.0012010093,-3.8179142136,0.16609996600000002,0.3469387755,1.0673240394,8.2,8.1,2.9508144486,0.3355732065,1.7321321873,0.5681872672,-5.638305006966942,0.0032330263,0.8055555556,-2.2660490518,-1.0188023901,-0.5629734621,4.194188013,2.7544613968,0.0965329807,1.7394492224,-1.1652624446,0.2571428571,3.6348828618,224.0,59.8991114415,0.8568707964000001,6.0,0.6921993732,0.0013923455,0.899609375,0.0018405046000000002,0.6944444444,0.7777777778,-1.0240429447,-217.0,0.1666666667,1.9727238086,0.3594103615,1.4478603046,-158.0,0.0952380952,-0.17822382420000002,305.796666666668,3.115170856962001,0.29610684798000003,1.4538117412420006,14.24,70.015,-3.4953045836,0.2164238179,12.0,2.5019922726,0.38098494250000003,1.7446992410000002,-0.2329758968,4.3374776957,0.3592868902,1.453715125,0.0,0.09285714290000001,-2.4809138325,133.0,0.1191689351,-0.1666666667,0.0,86.0,135.0,21.0,4.7432939833,0.270074594,1.3372038272,-0.7948306234,6.0,6.4,323.0,3.7295935949,0.3492317813,0.20481225784974952,239.4166666667,0.5111111111000001,3.6952906698,0.2149991505,2.0762893664,0.0076701598000000005,0.0357142857,12.8333333333,47.3042670235,0.0,3.7135880341,0.3105706774,1.6165306798999999,-1.7868841351,-0.4261197847,-0.7704539224,1.9743733449,0.313497219,1.2116559881,-0.0254719633,0.3822232109,1597.4393939394,9.0,8.0,2724.6666666667,0.9233023358,0.22235794420000002
s379,1.2108305792,0.1131552618,1.7973214363,1.8,9.4814814815,0.1,6.96,0.1666666667,-0.3053122988,-1.1471030997,4.3263110102,0.3551194422,2.3024673448,-1.6383929495,0.7030907534,-1.1499506452288395,-3.0625382038553077,-7.600068207627001,-5.695752818802101,5.6257830368,0.2490838765,1.9871540757,0.5,0.1666666667,6.1666666667,0.05,0.0,-0.0016666667,-1.0833333333,15.7916666667,-0.0354518265,1.0,-0.0083127537,-4.7509079257,0.0876387102,0.20408163270000002,0.8913584092,7.8,6.9,1.4611077444,0.3556068666,1.7519471838,-1.5374731169,-2.9822933931876214,-0.0237841885,0.2222222222,-1.61898953,-1.0757827311,0.0,5.3201349372,3.6330887537,0.18166869100000002,1.8920847991,-0.7017421781000001,0.0571428571,4.5619233948,125.0,59.8991114415,0.8568707964000001,6.0,0.6538500786,0.0019768299,0.8074039459,0.002328545,0.5836111111109998,0.40740740740000003,-1.418534154,-171.0,0.4444444444,1.2012168442,0.4670757063,1.8662472194,-652.0,0.2307692308,-0.061474215900000004,321.346666666665,2.9169020641889993,0.31530714806300003,1.5653348927509998,20.055,68.16,3.6962215970899996,0.5990429331,12.0,1.1981084313,0.40284151630000004,1.9934834685,0.5816121339,3.0700995538,0.3580415498,1.9576068154000001,18.5,0.11428571430000001,-1.5166709827,168.0,0.0438659707,-0.1245614035,0.0,82.0,150.0,21.0,4.1199196563000005,0.2627520867,1.9901144781000002,-1.2412843288,5.0,5.0,309.6666666667,3.8563655173,0.3232152665,1.219428681589181,260.9166666667,0.5388888889,2.8662672865000003,0.34604619070000003,1.6538114838,0.0057419776,0.0404761905,-23.8333333333,59.8247046997,1.0,2.6059696487,0.35211507410000004,1.9085032218,-1.2645410922,0.2942015,-0.18655421530000002,1.6214079226,0.28199448250000003,1.5970380962,-0.674083514,0.11278482000000001,2487.5740740741,3.0,8.0,3584.6666666667,0.7041193531000001,0.5352664362
s380,0.8334464721,0.19088583350000002,1.6114074785999999,1.85,22.2413793103,0.033333333300000004,11.12,0.1666666667,-0.5711132254,-0.6389989513000001,3.8337023406,0.2766627934,2.0181853128,-0.9644949096000001,0.0405068493,-0.7682250645260952,-2.6561094281741373,-5.21827055426754,-6.699151722935725,4.5591155016,0.2726834574,1.3027984823,0.1666666667,0.36166666666699987,12.0416666667,-0.0208333333,1.0,-0.0038333333,-3.9583333333,9.9583333333,0.10677966100000001,1.0,0.0024222994000000003,-5.2831325301,0.2367869128,0.20408163270000002,1.0420581655,7.5,6.5,2.3365241687,0.2997232775,1.6625094587,0.0581794904,-3.0882809151174264,-0.0190461318,0.1388888889,-3.6895911357999998,-2.0230322356,-0.21300603170000001,2.7267108241,2.031294689,0.22700088840000002,1.4186564312,-0.8075379761,0.0857142857,4.3503317988,168.0,46.0626954627,0.8291899447000001,10.0,0.7169265747,0.001101299,0.6999206543000001,0.0010039147,0.5,0.5925925926,-0.5072399809,-8.0,0.1052631579,1.7785699108,0.46484582290000004,1.9191775888,-236.5,0.0,-0.5668043774,310.59500000000395,2.807707930096999,0.295372303659,1.5515886145610012,8.655,82.53,-1.6815373852460007,0.6006494851,16.0,1.7994969016,0.4265915044,1.9634005927,0.49066345310000004,2.6728567365,0.28809697770000003,1.9300521388,14.0,0.075,-1.2071156846,117.0,-0.0009699596,0.0017543860000000001,0.0,68.0,111.0,19.0,3.3480244967,0.2671354247,1.2852255865,-1.7071420936,5.7,5.6,285.8333333333,2.8070573991,0.2846239333,0.32314451638107894,214.5,0.5388888889,2.8924141176,0.1931621407,1.9816599969,0.013307246,0.0476190476,22.3333333333,13.2726579188,1.0,2.4075864695,0.3128556214,1.897066846,-0.8656386742000001,0.0605089086,-0.259116078,1.8453528464,0.3090462996,1.6919886115,-0.9143120759000001,-0.6106008387,2239.4895833333,-9.0,7.0,7034.25,0.8429855481,0.36096338450000004
s381,1.2645045425,0.0751344423,1.7210429321,2.55,32.1111111111,0.4,22.7368421053,0.36666666670000003,-0.2718673514,-0.3735907302,3.0733345743,0.4308085159,1.4175003902,-1.9045931231000002,0.24205650680000002,-1.057281382577318,-2.9468442665522776,-7.114809830181797,-6.315872403904557,2.6398532981000002,0.2835413969,0.9576905113,0.33333333330000003,0.1666666667,12.5833333333,0.125,1.0,-0.001,-3.3333333333,14.0833333333,0.0651725546,1.0,0.0052575046,-2.3305084746,0.0083402836,0.4285714286,0.3651190807,7.9,6.9,2.1179535802,0.4043102602,2.2712006147,-0.0950032321,-4.47026163835426,-0.0036605015,0.8611111111,-0.7037960866,0.0165197727,0.0,5.3201349372,4.1722966207,0.0374511294,2.3000885571580008,-1.1652624446,0.2571428571,3.6348828618,206.0,1.2928725743,0.0438060331,4.0,0.5629843235,0.0010864932,1.0,0.0019290660000000001,0.5555555556,0.6296296296,-1.4989436484,-64.0,0.3181818182,1.6849754614,0.37544323760000003,1.4067515495,-113.5,0.2142857143,-0.2913870823,352.48833333333505,2.7077238165149997,0.32610324078600017,1.3793942274339994,21.55,62.69,4.4651912707,0.4004480862,12.0,1.7567399551600003,0.504146845504,1.947980423394001,-0.350440348093,3.338427632,0.461759156,1.5762368117999999,18.5,0.1071428571,-2.4877516724,136.0,0.024747106300000002,-0.1135190918,0.6931471805599453,74.0,145.0,23.0,3.1087877258,0.3046821685,1.1560403085,-0.9785769531,5.6,4.9,316.8333333333,2.418012383,0.3512854897,0.30473582114364073,295.5416666667,0.47222222220000004,2.1411767027,0.338649421,1.4305006121,-9.668030000000001e-05,0.1595238095,31.112500000000008,102.0837357543,2.0,2.8304986904,0.37978794800000004,1.4512351467,-0.5122880463,-0.7458095014,0.4307298953,2.2912881493,0.366552759,1.5005504735000001,-0.0101805039,-0.1494043365,2700.4833333333,4.0,10.0,3710.0,0.6273074265,0.2438067711
s383,1.3002077038,0.3467035933,1.4037149668,2.3,22.2916666667,0.2,16.8181818182,0.2666666667,-0.6660414087000001,-1.1578322546,5.4219758492,0.39070276130000003,3.0563458698,-0.7717775762,0.1234520548,-2.551375800111328,-2.368366395664772,-5.504160339650562,-5.376701289099972,5.7764498031,0.3076569585,2.3518176636,0.6666666667000001,0.33333333330000003,10.1666666667,1.804112415e-16,2.0,-0.0083333333,-3.4166666667,10.6666666667,0.0190140845,2.0,-0.008281690100000001,-2.2112676056,-0.0245476292,0.306122449,1.2127317202,10.3,8.8,2.2388794793,0.5487363101,1.8894948282000001,-0.2673659993,-3.79782435936105,0.020157784800000002,0.2777777778,-0.0667626558,1.9999411377,0.3346735035,4.6507879302,2.9518380299,0.2792659576,2.1365057149,-1.0170844173,0.1714285714,3.9312389163,114.0,7.6113128603,0.3752535483,7.0,0.7467205048000001,0.0007761008,0.9500000000000001,0.0012691968,0.6944444444,0.37037037040000004,-1.2639419955,-627.5,0.2222222222,1.5410970983999999,0.6626256070000001,1.6668798723,-116.0,0.4444444444,-0.0650130867,370.1666666667,2.7395174254,0.29410476550000003,2.4459635307,-30.0,99.345,-3.407818445,0.5574353758439997,13.0,2.421542468,0.461138786,2.6591410096,-0.157183226,3.5936947445,0.4766675832,2.4049899023,27.0,0.1035714286,-0.3911160906,139.0,0.0482522591,1.665334537e-16,0.0,91.0,149.0,20.0,3.9753574251,0.3323115193,1.7084252669,-0.6891834387,5.4,4.3,312.1666666667,3.4760968404,0.47869328110000003,0.9301653955398225,323.5833333333,0.5166666667,4.2078605456,0.330903245,2.0784703631,0.0071046304,0.009523809500000001,36.5,40.9502824859,0.0,2.2724652224,0.45570469900000005,1.724592576,-1.2271118556,-0.8436469613,-0.6913240759,1.7762435894,0.379741694,1.6664528976000001,-0.2034101671,-0.7068152157,2725.1458333333,0.0,7.0,5323.5833333333,0.5720711466,0.3876208893
s384,1.2371867544,0.43866169050000003,1.8170297475,3.05,47.7826086957,0.2333333333,15.0476190476,0.30000000000000004,0.0867631304,-1.4133098826000001,2.3218630257,0.359857959,1.3209116213,-0.9604126695,0.7546678082,-1.4361503327403544,-2.9645123972911476,-9.307431837328032,-6.983143485671102,2.9328135393,0.18035463710000002,2.0184400723,0.33333333330000003,0.33333333330000003,10.0,0.2083333333,3.0,-0.0156666667,-2.5,8.0833333333,0.225,3.0,-0.0168333333,-2.9166666667000003,-0.1672345391,0.1739130435,0.6788798133,8.0,7.8,2.1235265833,0.3813678189,1.6608549890000002,0.1872686174,-4.432316247655013,0.009239431000000001,0.47222222220000004,-0.9883458946,-1.0823767285,-0.4683283594,2.7109498368000002,2.3466798021,0.2149347084,1.6375387217,-1.2494826612,0.3142857143,3.4664424285,199.0,59.8991114415,0.8568707964000001,6.0,0.7352020264,0.0016061897,0.9582443237,0.0021511002,0.5277777778,0.2592592593,-1.076647571,-363.0,0.0666666667,2.0470522333,0.38511547490000003,1.4985586746,52.0,0.0833333333,-0.4092236288,373.6666666667,3.0805873862,0.37548915050000004,1.300234382,19.5,46.5,2.1111024333,0.36436119110000004,10.0,1.5125660333000002,0.4876989855,1.4598575495000001,0.5722483945,2.3591396615,0.4624033194,1.6304188254,4.5,0.1309090909,-2.0013638531,105.0,0.08656446050000001,-0.3611971104,0.6931471805599453,105.0,155.0,20.0,2.9490100631000002,0.29754511040000003,1.1115272056,-1.1271740997,6.6,6.6,295.0,3.547356145,0.34653366890000004,0.5173414115404681,276.4166666667,0.5277777778,3.4609084165,0.3107009474960001,1.6617368555890009,0.0038907865,0.0285714286,1.8333333333000001,125.074789916,2.0,3.0448370658,0.31135896500000004,1.9501371127,-0.4450500598,-0.6402002016,-0.5153569239,1.5877560871,0.088570856,2.1948787843,0.096994987,-0.08888780410000001,2322.75,8.0,7.0,5043.75,0.7946124525,0.38111010440000004
s386,0.5034949321000001,0.0647619014,1.8200460405,1.7000000000000002,3.6666666667000003,0.1,2.5,0.0,-0.7933971239000001,-0.9636977928,3.6936156444,0.3920763426,2.9219843029,-0.8654196285,0.4539674658,-2.1582179283430354,-3.4640387134407113,-7.80857456331778,-5.864042499113729,2.4681616677,0.3590069039,1.3610543228,0.0,0.5,24.25,-0.2,0.0,-0.0046666667000000005,0.5,12.875,-0.08726884780000001,0.0,-0.0039776468,0.2198740093,0.586611038,0.33333333330000003,0.07388684990000001,6.2,3.9,0.39951911560000003,0.5929583387,1.4664573914,-0.8763187555,-2.8336235630456796,-0.0237607118,0.1111111111,-2.235938598630001,-1.5593592502900002,-0.36979832109,2.9080667150410004,1.7156885472489998,0.14504176886600006,1.978960933363,-0.7122733402,0.1428571429,3.5596877282,187.0,0.0331595576,-0.6040336065,3.0,0.7355377197,0.0012641714,0.8479827881,0.0012915203,0.1666666667,0.2222222222,-1.082051294,83.5,0.75,1.3419075953,0.4349654415190003,2.1200856256,198.0,0.0,-0.000288957,448.6666666667,1.6132446835,0.4032537357,1.3542255258,75.0,85.5,9.8871339942,0.36624309390000004,3.0,0.4839630253,0.7319750446000001,1.6897358318,0.0434556397,1.3392814884,0.5224331052,1.2950914529,-37.0,0.1083032491,-1.2327331862460003,130.0,0.040376578600000004,-0.1617647059,1.0986122886681098,97.0,153.0,18.0,0.9500563550000001,0.36918002,1.3601946174,-0.10297272910000001,5.5,5.1080000000000005,473.3333333333,1.7960516972,0.41515277650000004,0.20602575984900773,368.7916666667,0.5055555556,2.1094068309,0.4247775402,1.3200324985,0.0024216512,0.1,-2.5833333333,34.8946043686,0.0,3.0594749993,0.3954430796229999,3.0282945902,-1.6566934284000001,-0.3037037722770001,-0.16971232703999994,0.9720067871860002,0.164115053614,1.911223160643,-0.316133896028,-0.22279670112299996,2661.2830848979747,-5.0,5.0,4925.1666666667,0.1782253107,0.3690721484
s387,1.223924639,0.4021270838,1.6829567255,2.4,14.6923076923,0.1333333333,11.8,0.1666666667,-0.032433556,-1.0118377544,3.2505161696,0.3780630153,1.7820827967000001,-0.4973058349,0.8012517123,-0.7195509309919973,-3.312885480970204,-9.259083237264225,-7.3121719369063305,3.6864289878000003,0.3485144203,1.2541224675,0.5,0.33333333330000003,5.9583333333,0.0041666667,1.0,0.0011666667,-0.7916666667000001,9.2083333333,-0.12454090150000001,1.0,-0.0017128548,-0.4031719533,0.0855535035,0.1020408163,0.544100841,8.6,6.7,1.6637687697999999,0.3612635148,1.8768350345,0.23974225000000002,-3.703949340596824,0.020935195900000002,0.2777777778,-4.5368198896,-4.8126788735,-0.1448413667,3.3579238221,2.6224153293,0.24708863120000002,1.8926657696,-1.1195720593,0.22857142860000002,3.7262636324000002,190.0,1.2928725743,0.0438060331,4.0,0.7000763893,0.0007086128,1.0,0.001120045,0.6944444444,0.6666666667000001,-1.3095651517,123.5,0.2857142857,1.854142344,0.4172220384,1.4430174917,-28.0,0.0555555556,-0.2962843771,421.1666666667,2.2603391529,0.3684206051,1.0926826345,19.5,39.0,-21.9797134374,0.6584958245,11.0,1.5031218111030002,0.5301930471260001,1.87017158714,-0.299941496634,3.0273665683,0.4351328866,1.5344461883,-15.0,0.1321428571,-1.99964749,75.0,0.035833168400000004,-0.0980392157,0.6931471805599453,116.0,157.0,18.0,3.5101608127,0.31398801400000004,1.4760219023,-1.6348753407,6.3,4.5,448.8333333333,2.5075304007,0.35093972170000004,0.04199620713471479,314.0833333333,0.5222222222,2.5234943659,0.37212853300000004,1.1251689616,0.0092045648,0.09285714290000001,76.5,14.3725694054,0.0,1.903260726,0.2967082202,1.8267568833,-1.2039982263,-0.15626879100000002,0.0221921796,1.5063215517000001,0.2774813069,2.0604508751,-0.5331001916,-0.1331493499,2255.7916666667,11.0,8.0,3334.6666666667,0.6649126225,0.3548908267
s388,0.9785479853030001,0.14922261187700003,1.6585238041110006,1.9165000000000003,40.1666666667,0.4,32.3571428571,0.5333333333,-0.5104794169,-1.0193327504,3.2661951492,0.3372803914,2.1390404324,-0.3447917225,0.8244811644000001,-0.8483000747362701,-2.077306835387478,-10.331017304371713,-7.455618227895384,2.3213466382,0.2717040459,1.1740049334,0.6666666667000001,0.33333333330000003,19.5833333333,-0.033333333300000004,1.0,0.0006666667,-0.75,18.1666666667,-0.10305288950000001,2.0,-0.0010361446000000001,-1.1389626302,0.07393782360000001,0.1836734694,1.11979426,10.4,9.8,1.1042163611,0.4486592203,2.1850450301,-1.6139626554,-4.139941199730393,0.0131412696,0.3888888889,-2.3613314669,0.21488666250000002,0.49583813730000004,4.3284586626,1.7132180292,0.0293231031,1.8678065821,-0.9575666758,0.1428571429,4.0502743994,131.0,59.8991114415,0.8568707964000001,6.0,0.6615714073,0.001218169,0.7209503174,0.0016159402,0.7222222222,0.37037037040000004,-1.4689039282,-40.0,0.1875,1.6281742187,0.40931392120000004,2.1449157322,-18.5,0.058823529400000005,-0.6904864940000001,277.1666666667,2.8107761206,0.2968071578,1.5548334458,-25.5,43.5,2.9384313616879996,0.3726976604,8.0,1.4557420204,0.4257487254,2.4386979052,-0.5277816213000001,1.7721884124,0.4513369836,1.6892856708,-65.5,0.08849557520000001,-1.1778152145,122.0,0.0408359633,-0.3240454076,0.6931471805599453,109.0,157.0,22.0,2.3912545714,0.2945230089,1.2698669558,-0.3885350021,6.2,3.9,328.6666666667,2.7954245999,0.2804511414,0.280367104188121,340.7916666667,0.5,2.0994761192,0.300180743187,2.0379375696,0.0061953600000000004,0.1785714286,-28.9166666667,22.3169958875,0.0,1.8152293122,0.2879681033,2.03883919,-1.318520858,-0.5936594199,-0.1501497106,1.0646178939,0.2135286691,1.827127612,0.1660227424,-0.7202300693,1920.2681818182,16.0,4.0,1709.5833333333,0.8254654633,0.42783457080000004
s389,1.4506884943,0.3865373525,1.5906792676000001,3.8,14.0,0.1666666667,13.1818181818,0.2666666667,-1.022803087,-0.7684704501,3.7830119114,0.385407857,1.878226325,-2.1209010798,0.058571917800000005,-1.8380544614397603,-2.5656859294641032,-7.206901959523526,-5.87864170400329,4.5131830148,0.3011619467,1.8239788826,1.0,0.0,8.4166666667,-0.0083333333,2.0,-0.004,-3.0,4.6666666667,-0.0220747396,1.0,-0.0015576884000000001,-2.4491525424000002,-0.0455944266,0.3555555556,1.033772107,8.4,9.0,3.1317827483,0.6852374626000001,2.1723185375,0.103214313,-4.598389262682893,-0.0207376438,0.8888888889000001,-0.6473179348,3.3951435519,0.1910395678,4.9380558016,3.0915763392,0.2232063715,1.3867426893,-0.8075379761,0.0857142857,4.3503317988,148.0,10.925098711,0.2565783653,8.0,0.7521701813,0.0007843924,0.8490631104,0.0009109843,0.6388888889000001,0.5925925926,-0.7971945420000001,-35.0,0.1875,1.7580741084,0.5545533911,1.7858402744,-121.5,0.1333333333,-0.30515774830000003,293.5,4.021388452,0.3471235521,1.6131807783,4.0,24.0,4.7391437264,0.3698925259,15.0,1.8027366916,0.6870341670000001,2.215540177,-0.31369527810000003,2.846510479,0.4691740904,1.4978801108,4.0,0.08214285710000001,-1.3193707253,214.0,0.1344971121,-0.0526315789,0.0,80.0,154.0,22.0,3.5848296878,0.31331952090000004,1.1581435983,-1.8843284459,6.3,6.2,260.5,2.8165429438,0.3907705241,0.8889411019574809,266.25,0.5111111111000001,4.3255423412,0.3727932579,1.6231468115,0.0190279528,0.0166666667,28.8333333333,33.7049486015,0.0,3.1202128754,0.3773802263,1.8242032976,-1.6450675456,-0.5645697237,-0.0421815106,1.9624699231,0.3722429568,1.5671526517,0.0979860183,0.1578605618,2274.7683333333,6.0,9.0,3552.25,0.3026645407,0.1230051981
s390,0.9745348516000001,0.025079618600000003,1.8562864828999999,1.9,17.5217391304,0.2333333333,14.3913043478,0.2333333333,-0.2383772912,-0.44797956040000003,3.4045063505,0.3012113575,2.0768722604,-0.9830138008,0.6551027397,-3.2127729105918177,-2.7758818105079044,-6.840223741390306,-3.4133139476694088,2.6962673303,0.259129989,1.3636269890000001,0.33333333330000003,0.33333333330000003,12.375,-0.0125,2.0,-0.012833333300000001,-3.7916666667000003,17.625,0.047556391,1.0,-0.0027067669,-4.5244360902,-0.0800046402,0.2244897959,0.8380959746000001,7.6,7.2,2.0716596848,0.3865471549,2.0326205866000002,-0.7461512690000001,-1.54119270471139,-0.0128899383,0.0,-1.0644864841,0.2907064111,-0.0755292756,3.2192996399,2.2885153871,0.1766733298,1.5687234485000001,-0.9909828097000001,0.4,2.4886598257,237.0,7.6113128603,0.3752535483,7.0,0.6103233814,0.0014885636,0.8494140625000001,0.0020300088,0.6111111111,0.0740740741,-0.9142228272,-99.0,0.3529411765,1.3222464185,0.4559696022,1.5304586396,-142.5,0.125,-0.1113094402,288.8333333333,2.8105289024,0.2856509473,1.3493758278999999,31.0,60.5,10.4403787988,0.404217356,12.0,1.4999682541000001,0.3723520594,2.3772671146,-0.2515993098,2.5533983668999998,0.3946638653,1.5492239586,8.5,0.1111111111,-1.651145238,162.0,0.1228638865,-0.4215686275,1.0986122886681098,74.0,139.0,23.0,2.0927609984,0.24970071270000002,1.2474331852,-1.5198902367,6.6,6.1,394.0,2.7399245605,0.3511818896,0.11939369322857385,266.3333333333,0.55,2.8565834909000003,0.30795273570000004,1.4580072420999999,0.0141749014,0.054761904800000004,29.6666666667,-1.4838976053000001,1.0,2.4158921918000003,0.3386702433,1.4261362468,-1.073673726,0.098417734,0.029286298800000003,1.6144686594,0.3061094073,1.5357162554000001,-0.5660990542000001,0.047268310200000004,1837.6266666667,7.0,8.0,5543.4166666667,0.1693418981,0.1724886675
s391,0.7546030490000001,0.238251749,1.3411761144,1.9500000000000002,37.2222222222,0.4,35.4166666667,0.2,-0.9451014603000001,-0.2783535547,3.448942786,0.2675062019,2.2449051506,-1.6326407890999999,0.1423433219,-0.9908749766199717,-2.9653425894059735,-6.796124552248394,-8.62122847447171,3.3579340746,0.2457935753,1.7293599384,0.33333333330000003,0.33333333330000003,5.9166666667,0.09166666670000001,3.0,-0.007666666700000001,-1.1666666667,6.6666666667,0.16090225560000002,3.0,-0.0081879699,-1.4360902256,0.1632417279,0.2857142857,0.7313709064,7.2,6.3,2.0826749675,0.3727247392,1.7226662313,-1.0823326858,-5.451628512216071,0.004155359500000001,0.75,-2.2427787758,-2.104169069,-0.7746479260000001,3.7708390853,1.8262648573,0.0050781606,2.4414812637,-1.1195720593,0.22857142860000002,3.7262636324000002,172.0,7.6113128603,0.3752535483,7.0,0.611741066,0.00153205,0.852734375,0.0027356025,0.5277777778,0.5185185185,-1.3616976539,23.0,0.4,1.3272212375,0.368499675,1.7797062139,-285.0,0.1428571429,-0.6305536658,324.16166666667004,2.5225699211620007,0.3002642553869999,1.4018004897290006,21.735,60.42,4.4642132431,0.4218254824,7.0,1.5774265737,0.4225589669,1.8989354512,-0.6601922894000001,2.594871066,0.38842008250000004,1.814980066,-29.5,0.1111111111,-0.8583323787,132.0,0.0467723814,-0.19824561400000001,0.0,83.0,135.0,17.0,2.5223987261,0.2513580575,0.9929757241,-0.5552253576,5.7,5.7,268.3333333333,2.8588369244000003,0.34557525570000003,0.09988950566838459,271.0416666667,0.5277777778,2.0078556519,0.2721147342,1.350856379,0.0011917989,0.1238095238,-24.75,15.784729713499999,0.0,1.8324789466,0.33608483850000004,1.6002012644999999,-1.5780635779,-0.3486131187,0.439435279,0.6268806024,0.2593049805,1.5668246699,-0.7042750761000001,-1.045966346,1649.3487654321,30.0,7.0,2853.5833333333,0.8411343972,0.2452447918
s392,1.1581082880529998,0.18611910358799993,1.5469437476790002,2.1464999999999996,29.5652173913,0.2333333333,28.6666666667,0.5,-0.5429808177000001,-1.4307050990999999,2.8447965097,0.4222047897,1.4299685245,-0.6399959488,0.2187517123,-1.2258076322838136,-2.4608423668480492,-6.947478710477111,-7.257797269673332,4.6440304129,0.2876884252,1.4014834654000001,0.6666666667000001,0.33333333330000003,7.5,6.938893904000001e-17,2.0,-4.5102810380000006e-17,-2.5,9.7916666667,-0.1738095238,3.0,-0.006380952400000001,-3.1369047619,-0.0424056794,0.2244897959,1.0408781885,8.3,7.4,2.3718492825,0.5182270945,1.9762243384,0.0408853428,-3.9231032552994445,0.0140089915,0.3611111111,-3.867032909,-1.6401339328,-0.1448413667,3.3579238221,1.6449990175,0.0175618058,1.9120856725,-1.0816155204,0.2857142857,3.2951286846,197.0,25.7627506452,0.3968411315,9.0,0.7645431519,0.00174746,0.7753753662,0.0018263141000000001,0.8055555556,0.37037037040000004,-1.2605826996,-5.0,0.1818181818,1.5532765766,0.4786928656,1.4161082511,-253.0,0.3684210526,0.11824688920000001,347.37666666666496,2.996513176039999,0.32301224875799994,1.552463015225999,21.615,71.305,1.8834307799999999,0.5753217536,14.0,1.8532186817,0.5375750595000001,1.8507246829000001,-0.0506744388,2.1789862303,0.41003547360000003,2.1274246331,28.0,0.1043165468,-1.1656780469,108.0,0.017939197100000002,0.1210526316,0.0,88.0,134.0,20.0,3.7237855718,0.3180170983,1.1487868378,-1.2340916382,6.1,5.549000000000004,356.6666666667,3.8564169034,0.32392062920000003,0.6942274397198591,300.5833333333,0.5,3.6404071204,0.3440757627,1.7617402844,0.0082387927,0.0261904762,61.1666666667,11.164029304,0.0,3.1707882063,0.3579962607,2.4023493245,-0.9597967325000001,-0.5763277543,0.018588079100000002,1.1226004845,0.1777214798,1.8257887259,-0.12971515020000002,-1.0628561383,2689.6416666667,9.0,6.0,2809.1666666667,0.18340967460000002,0.137784335
s393,1.222702236,0.3198103816,1.4854874563,2.15,18.12,0.1666666667,23.4,0.1666666667,-0.9931165337000001,-1.7598639677999999,3.1261051700999998,0.4132106874,1.3108987571,-1.6941826283,0.5187517123000001,-1.3063064492860803,-2.325517269886046,-7.569369490745442,-5.45081943275251,3.8563213007,0.3304874832,1.3794922271,0.5,0.1666666667,11.0,0.1,2.0,-0.0223333333,-4.8333333333,12.5,0.21678571430000002,3.0,-0.008638095200000001,-6.0821428571,-0.21107344560000002,0.2916666667,0.9690393813,7.5,5.3,1.7054869446,0.4787264237,1.8822081013,-1.3736198689,-1.539012376168273,-0.014925127600000001,0.0,-2.8714378247,-1.6347195575,-0.5638194763000001,3.4283377134,2.5427441574,0.1592372072,1.8431817825999999,-1.070541321,0.2,3.8243251091,195.0,2.3916188301,0.3492235958,5.0,0.8930664062,0.0016582975000000002,1.0,0.0020804719000000003,0.5,0.33333333330000003,-1.0939245886,-9.5,0.1428571429,1.8054325777,0.4252464805,1.7241188114,-397.5,0.33333333330000003,-0.8176318828,370.0,4.0487917238,0.23741707520000002,1.8809741448000001,36.0,-4.5,0.6649506239210001,0.44002108040000004,12.0,0.9353738311,0.44742481910000004,2.0444936272,-0.48474902950000004,2.5525838943,0.3535418011,1.4953456631,30.0,0.0892857143,-1.9970312901,84.0,0.0558146002,0.3704850361,0.6931471805599453,108.0,159.0,21.0,2.4807258849,0.2373658724,1.3476554352,-0.5932485784,5.1,5.3,326.786666666666,3.193237752435,0.333917293508,0.5107578712655152,394.125,0.5111111111000001,2.3631698467,0.3198341904,1.1844615199,0.0040278493000000005,0.1095238095,28.75,55.7742584213,0.0,1.506623365,0.4112854925,1.4282964219,-2.2513508044,-0.24293981850000002,-0.3060869679,1.1437758898000001,0.3254267375,1.6961231242,-0.6206677815,-0.9213266258,2765.84375,6.0,8.0,3814.6666666667,0.8589566084,0.18564572610000002
s394,1.5443027170999999,0.3020991051,1.4710503759,2.6,34.2083333333,0.2,17.8,0.33333333330000003,-0.9140191870000001,-1.0763022785,3.6835439318,0.4860517869,1.4634234103,-0.4260080933,0.4878313356,-1.8031858034544663,-1.9588921683994425,-7.399925011133427,-5.1241466208811985,6.17467433,0.33370399700000003,1.5634507386,0.8333333333,0.1666666667,12.1666666667,0.2666666667,3.0,-0.01,-3.75,17.0,0.2725,3.0,-0.0150666667,-1.9333333333,-0.3792863737,0.08163265310000001,0.8454018148,8.1,8.1,3.1049594066,0.5697808196,1.7684011952,0.6419594725000001,-1.5890391706925842,-0.0186788373,0.1666666667,-0.4735825214,0.09802950860000001,0.1910395678,4.9380558016,3.964316427,0.30228678140000004,2.3468559212,-0.9180140484320001,0.0,4.064847907485997,174.0,10.925098711,0.2565783653,8.0,0.7409976959,0.0012078623,1.0,0.0015974684,0.6944444444,0.4444444444,-1.0813255144,-128.0,0.2307692308,2.1116398148,0.5950108826,1.6213710153,-140.21,0.0,-0.6905385993000001,396.3333333333,2.5651708416,0.43240752530000004,0.8995671729,34.0,58.0,3.3810457601,0.49068732260000003,16.0,2.4045005760000002,0.4951602597,1.740697079,-0.1540006238,3.6576238572,0.45664647820000004,1.5337034078,-19.0,0.1,-2.4556708766,192.0,0.1285501189,0.036842105300000004,0.0,74.0,144.0,22.0,3.9789329097,0.33594168500000005,1.2879548603,-1.6705626679,6.2,6.8,374.0,2.4509716659,0.46018699360000004,0.5412949471049339,308.6666666667,0.5111111111000001,2.6033718777,0.3588794073,1.1840692196,0.0121288981,0.0880952381,-26.3333333333,96.4976878613,0.0,3.4461900839,0.3773292864,1.8291593662,-1.7716353482,0.10365799660000001,0.26949655240000003,1.5743474821999999,0.4344359848,1.278484969,-1.0327488743,-0.5050835842,2465.0208333333,13.0,8.0,3624.0833333333,0.14846655590000002,0.3216391354
s395,0.6289232604,0.0906443105,1.5574721553000002,1.45,27.4347826087,0.2333333333,14.7368421053,0.36666666670000003,-0.5286082326,-0.38984082470000003,2.6993883679,0.31297410340000004,2.1664287913,-0.5405618572,0.0702671233,-1.5225064471373249,-2.918327393891718,-6.245603016384448,-5.414951322649276,1.8092520707,0.23248670740000002,1.9662672944000001,0.33333333330000003,0.5,23.9583333333,0.0041666667,1.0,-0.0015,-4.2083333333,23.6666666667,0.12689434360000001,1.0,0.0031632871,-2.3906083244,-0.0256385987,0.2083333333,1.083529537,8.8,7.9,1.4159878215,0.4239040824,1.6365528917,-1.4272496068,-1.9205737057196628,-0.0176888041,0.1666666667,-1.4044773328,0.0828300434,0.3346735035,4.6507879302,2.5889069008,0.21933484320000002,1.4238614073,-1.2494826612,0.3142857143,3.4664424285,136.0,46.0626954627,0.8291899447000001,10.0,0.6962657664990001,0.0013393595629999997,0.8141034048790001,0.0016940763449999996,0.543333333332,0.4444444444,-0.1642324698,-239.0,0.058823529400000005,1.4367525077,0.31177312830000004,2.1055370606,503.0,0.1052631579,-0.3227084475,289.6666666667,2.4571108019,0.2862933623,1.8218946476000002,37.0,131.5,1.7082753237000001,0.47381114830000004,7.0,1.7645829906000001,0.3848043101,1.8978718254,-0.4337974106,2.7140522189,0.3658062615,1.6991789494,2.5,0.1339712919,-2.0658784261,127.0,0.0082789668,-0.029927760600000002,0.6931471805599453,61.0,109.0,23.0,2.8042744015,0.274314161,1.3554036681000001,-0.45457420930000003,5.5,6.3,324.8333333333,2.7969073291,0.3198017235,0.6580490008483604,273.27416666667006,0.5277777778,3.1416149313,0.2321394095,2.2723693304,0.0016544727,0.0428571429,94.1666666667,30.1309739867,0.0,3.1004392941,0.2589135513,2.0766831621,-1.1848447549,0.2684231923,0.0394541365,0.739925409,0.0881104286,2.216030709,-0.0316759459,-0.0541464647,1567.6439393939,7.0,9.0,2873.6666666667,0.8331775204,0.2019849175
s396,1.8452969046,0.2601843397,1.4742594534,2.6,45.15,0.33333333330000003,29.9444444444,0.4,-0.6099039622,-1.6092424057999999,2.5692571457,0.39330860840000004,1.1860848034,-2.2740145099999998,0.9437585616,-0.8052618086367582,-1.2873295972685586,-9.569608675767515,-7.965921547799611,5.4199552792,0.33180135590000004,1.0943423237,1.0,0.0,15.5416666667,0.07083333330000001,1.0,-0.0025,-6.875,15.25,0.0323559151,2.0,-0.0046620829,-2.841266492319,0.19645457700000002,0.1458333333,0.9267250347,7.5,7.9,2.6201542204,0.6363931753000001,1.5945240871,-0.1823453934,-5.4386420902549055,0.0038866731000000002,0.75,-1.4267766967,3.1341535774000002,0.1910395678,4.9380558016,3.1472330436,0.29147754070000004,1.0728923533999999,-1.070541321,0.2,3.8243251091,227.0,7.6113128603,0.3752535483,7.0,0.6617970467000001,0.0010536449,0.9157783508,0.0015903075,0.5277777778,0.7407407407000001,-1.1099585438,63.0,0.0769230769,2.3928375731,0.37412024590000004,1.79014127,-93.08,0.0,-0.4594416801,408.6666666667,2.4380898391,0.2852616751,1.2838815194,25.5,167.5,6.394148497892998,0.31911585740000004,18.0,1.8150944134,0.5913759465,1.7385610556,0.0809237508,3.3103335278,0.37486187600000004,1.423023476,11.0,0.1,-3.064424478,166.0,0.10624569140000001,0.0912280702,0.0,70.0,142.0,16.0,3.6101591430999997,0.2676767124,1.4192128851999999,-1.1191543357,6.9,5.2,282.6666666667,4.2404683738,0.32828042960000003,0.6504795511947017,339.875,0.47222222220000004,2.7419983275,0.3003895679,0.9199444493000001,0.0091454521,0.1095238095,-19.0833333333,-26.8385623803,2.0,2.6724258479,0.33429607640000003,1.3833866475,-0.4277226456,-0.5639435981,-0.2939945426,2.1283780411,0.34106390950000004,1.5630778294,0.1123788104,0.4701817763,1948.5277777778,8.0,9.0,3139.1666666667,0.7420686631000001,0.49823502350000004
s397,1.3132126565,0.3092591693,1.9371229154,2.472500000000001,21.1304347826,0.2333333333,18.65,0.33333333330000003,0.2164900549,-0.7252236912000001,3.873587198,0.2844426659,1.9445890994,-1.4690634613,0.5662517123,-0.6196771319647683,-2.3665624709205186,-8.63402705268119,-8.088752390936527,2.6205525034,0.2231364899,1.6373818856,0.6666666667000001,0.33333333330000003,12.9583333333,-0.0458333333,1.0,0.0015,-2.0416666667,8.25,0.1296099291,2.0,-0.0055177305,-0.9627659574,-0.026128266,0.0,0.9177781838,8.7,8.8,2.4761495371,0.3389094929,2.3071686893,0.280447773,-5.175946488929218,0.0036924546,0.6944444444,-2.8962688187000003,-1.1572354163,0.1910395678,4.9380558016,2.2561168712,0.062159883900000004,2.4663771057,-0.9575666758,0.1428571429,4.0502743994,137.0,7.6113128603,0.3752535483,7.0,0.7495000839,0.001657332,0.9989257812000001,0.0024562902,0.6944444444,0.7407407407000001,-0.1151329492,-328.0,0.0,1.6133917424000002,0.3079864921,1.9681766213,-192.26,0.0625,-0.1989946572,198.8333333333,3.4457317331,0.23839586270000002,2.0198318232,-11.5,163.0,-0.5295364532,0.4161449345,12.0,1.8093372688,0.31792210800000004,1.9416541295710008,-0.0047522183,2.8720323214,0.3990032365,1.9189011726,12.0,0.1387559809,-1.342186873,126.0,0.0548984439,0.007567853457999995,1.0986122886681098,109.0,207.0,21.0,2.9077645899,0.2626916979,1.2166914159,-1.1033313392,7.2,5.8,219.6666666667,6.0896497049,0.3584131821,0.722815204990394,184.6666666667,0.5222222222,4.0769472849,0.3027703164,2.1046165665,0.0080746431,0.0119047619,21.6666666667,-2.9299957271,1.0,1.7963286945,0.2811299733,1.9179845191,-0.6127939530000001,-1.1197991112,-0.2762578616,1.8283389833,0.3182588973,1.580027003,-0.5107670567,-0.673113819,1603.8583333333,9.0,7.0,3481.0833333333,0.1758628129,0.41762587500000004
s398,1.2536580352,0.0384006208,1.3887707337,1.75,25.05,0.33333333330000003,19.8636363636,0.2666666667,-0.1747605687,-0.9972042507000001,2.4178606185,0.3486018088,1.414410931,-1.9474605757,0.0316875,-3.3189705486202143,-3.0097513147145056,-6.694015210769037,-4.45162483347369,1.929376972,0.2283010056,1.3979980807999999,0.1666666667,0.5,13.75,0.0666666667,0.0,0.0046666667000000005,-0.1666666667,27.5652173913,-0.0816783392,0.0,0.0009649825,-0.7778889445,0.26206696820000003,0.125,0.6625799868000001,9.1,6.2,2.1397537391,0.33237873360000003,1.8096875432,0.2487624671,-0.6190255240712829,-0.023687216,0.0277777778,-4.1375156011,-2.7429453318,-0.6939591468,2.2493728921000002,1.6680058105,0.2434484972,1.1642192245,-1.3363349075,0.32199999999699985,2.0165255999,129.0,1.4158307958,0.368755671,8.0,0.7473760366000001,0.001631482,0.86328125,0.0015479502,0.5,0.037037037,-0.39989124460000003,-8.0,0.3157894737,0.8015707347000001,0.3849776132,1.8018531541,68.5,0.1666666667,-0.47606977650000004,257.1666666667,2.9271078171,0.3290896548,1.3003518993,27.5,49.0,2.6994625881000003,0.4189107159,5.0,1.5504017920000002,0.528926601,1.6602660841999999,-0.5963779730000001,2.556956154,0.3745742584,1.6672695256,35.0,0.0817120623,-0.9564826468000001,139.0,0.071176483,-0.4289215686,1.0986122886681098,78.0,152.0,20.0,1.6445136947,0.23094338080000001,1.1029058091,-0.9674693348000001,5.8,4.6,386.1666666667,1.8966086866,0.2357024654,0.508651491933246,253.4166666667,0.5277777778,2.4744221686,0.33713982810000004,1.2478168482,0.009618600100000001,0.0785714286,-22.8333333333,-43.5286755039,1.02,1.2618406243,0.3435349297,1.5123008515,-0.5135641662,0.26242208570000003,-0.4771573336,1.0705017988,0.2788215678,1.5653780117,-0.8357973382,0.3502719582,1888.4866666667,15.0,7.0,3143.9166666667,0.8530871653000001,0.1935926967
s399,0.9624041617,0.3040590675,1.4804108713000002,1.85,33.3333333333,0.2,24.1666666667,0.4,0.0098296896,-0.23776240440000002,3.2799953693,0.47549858,1.588823546,-2.3265142103,0.2153373288,-2.425497916417362,-1.3145855465874767,-5.953938615439716,-5.259881018621056,5.6097157744,0.3525814044,2.0781650837,0.8333333333,0.0,13.5,0.1083333333,3.0,-0.0056666667000000006,-6.0,16.6666666667,0.0412032356,1.0,-0.0044412538,-5.8103134479000005,0.0799250616,0.1836734694,0.8341920020000001,9.7,5.8,2.1792832727,0.4580416023,1.8714169359000001,0.8510248445,-1.9944416323355316,0.0183626426,0.2222222222,0.6858221236,5.0613162853,0.1910395678,4.9380558016,3.088110374,0.323153474,1.808738015,-0.5402436899,0.0285714286,4.8849203713,188.0,25.7627506452,0.3968411315,9.0,0.7654708862,0.0005389556,0.8294418335,0.0005640196,0.3611111111,0.37037037040000004,-1.5277515086,-344.5,0.25,1.6537581361,0.5305135606,1.7257404761,-187.5,0.1304347826,-0.4645049912,365.1666666667,3.4783027442,0.3649050812370001,1.1265321415,11.5,59.5,-10.8864876437,0.5690434366,13.0,1.7225865145,0.5956299974,1.7238593291000002,-0.2197051417,3.6821234463,0.4906544566,1.7970368832,15.0,0.0609318996,-0.8688507710000001,123.0,0.0522577623,0.0894736842,0.0,96.0,135.0,18.0,4.3381272468,0.3531110581,1.8145347882,-1.2157752558000001,4.9,6.0,336.8333333333,5.1088588554,0.4728485123,0.709164532437897,321.6666666667,0.5166666667,5.3346854487,0.4369570057,2.1701648086,0.0136463625,0.0071428571,6.3333333333,45.7507639509,0.0,2.6753669245,0.47398161660000004,1.7217690258,-1.2264061158,-0.5755831339,0.1239226922,1.8786452775,0.44291214770000004,1.6296366326,-0.3210438625,-0.1752046542,3263.8020833333,0.0,7.0,4972.1666666667,0.9185176053,0.5987374239000001
s400,0.575871786,0.2616138576,1.4082571459,1.5,22.96,0.1666666667,23.9473684211,0.36666666670000003,-1.0564348409,-1.5226661613,3.3720200179,0.4254490992,2.2232526063,-0.6811571362000001,0.0313030822,-3.3579509326682366,-3.415615898688097,-6.665564181914606,-4.760837546260214,3.779758812,0.2782773177,1.5977661875,0.33333333330000003,0.1666666667,8.5416666667,0.0208333333,1.0,-0.0025,-2.7083333333,15.375,0.0140802092,1.0,0.0023086312000000003,-2.9091107236,0.1922775434,0.1428571429,0.7619823936,8.5,4.3,0.6110605271,0.5769874719,1.4884630901,-0.6928977217000001,-1.5404450408804822,-0.0154969723,0.0,-4.6693309745,-4.771398234,-0.695420887,3.165134892,2.5497420063,0.247629596,2.1006408079,-0.5838710994,0.1428571429,3.3028832465,115.0,25.7627506452,0.3968411315,9.0,0.5987103939,0.0013608145,0.7979632258,0.0023191015000000002,0.6388888889000001,0.0,-1.8912283153,-417.0,0.3665283751860002,0.8270972311,0.4349742975170002,2.1665603146,-546.0,0.2142857143,-0.1138247978,313.3333333333,2.3126536498,0.3696793672,1.3692915321,29.5,104.5,1.8390944760869998,0.7876250299,3.0,2.1725911712,0.4238230404,2.0274499245,0.6290567577,2.7244145249000002,0.43171359600000003,2.2676584473,-55.0,0.0678571429,-1.389301627,54.0,0.0338232019,0.2843137255,1.0986122886681098,105.0,164.0,22.0,2.9561004817,0.3273428391,2.0851650875,0.3906508434,4.6,4.3,420.5,1.7170480977,0.3564626186,0.23045464060955664,235.5,0.5444444444000001,2.7810723301999998,0.35746861620000003,1.6075614604,0.0120678758,0.054761904800000004,-7.0,86.902056962,1.0,2.0559382772,0.356182327,2.3173982504,-1.0231936662,-0.0145908288,-0.2990058962,0.6011491009000001,0.0231942521,2.2759274618,-0.4221182739,-0.1797149956,2883.19,1.0,4.0,6064.0,0.8379697633000001,0.2141237772
s401,0.9966560430199997,0.12879214081900003,1.5897664657509996,1.9544999999999997,33.0416666667,0.2,20.7391304348,0.2333333333,-0.0267885829,-0.7800289906000001,3.7876423878,0.29074625530000003,1.7938806114,-0.8754086878,0.6187517123,-1.830379267239011,-3.3157818831594636,-8.411651892100762,-5.761115561397632,1.9688051227,0.2498500911,1.655125815,0.0,0.6666666667000001,20.0416666667,-0.0791666667,1.0,-0.0025,-3.2083333333,15.75,-0.0507291667,1.0,-0.0015958333000000002,-1.8927083332999999,0.0040996619,0.1875,0.8281877440000001,7.5,6.0,1.0322435425,0.3745419051,1.7283428879,-0.15372737320000002,-1.2229763560880251,-0.0237523711,0.1388888889,-2.8760360085,-3.2014007869,-0.7534139427000001,2.4843807076,1.5822782765999999,0.0819304378,1.8555925313000001,-1.2083775268,0.2857142857,3.5486526974,111.0,2.3916188301,0.3492235958,5.0,0.7413435936,0.0021618984,0.9291625977,0.0025237297,0.5555555556,0.2592592593,-1.1997544124,-84.5,0.2142857143,1.9808524655,0.3533249624,1.6632179266,222.5,0.0666666667,-0.4193043826,302.958333333336,2.6172297711650008,0.289545684255,1.534693620515,19.725,63.87,35.2444957196,0.6318325563,7.0,0.9835246771,0.42642837310000004,1.8901829409,-0.17159345550000002,3.1325555322,0.3832221369,1.934959676,9.0,0.0892857143,-0.7430011258,124.0,-0.0030964507,0.0577915377,0.6931471805599453,80.0,133.0,24.0,3.5325001209,0.2450188492,1.5749988822,0.13480168380000002,6.4,6.3,285.1666666667,2.7165000087999998,0.2827377625,1.2014125245349623,263.57916666666597,0.5270555555579994,2.6806281167340003,0.30060327230500006,1.7214269481219997,0.008388034443999997,0.07345238095,15.299166666667997,28.812725557059004,0.0,2.8051729669,0.3209390647,1.6592719956000002,-0.8473756888,-0.2509258099,0.37242377530000004,1.7217958634000001,0.276909196,1.8167944658000001,0.0677654333,-0.2581781116,1823.6354166667,10.0,7.0,4695.25,0.49405076000000003,0.43030879780000003
s402,1.3105356689,0.4225346894,1.4317824427999999,2.0,41.6666666667,0.2,21.7391304348,0.2333333333,-0.7432470022000001,-1.3644072967,3.9140450713,0.40513631710000003,2.04284633,-1.1804689598,0.0420393836,-3.197655656190087,-3.4250936497440008,-6.9494660704151325,-3.5091165077738418,2.8754492455,0.2957443568,2.0691893123,0.5,0.1666666667,10.0,4.1633363420000005e-17,0.0,-2.0816681710000002e-17,3.330669074e-16,11.4166666667,0.0814285714,2.0,-0.0047428571,-1.3857142857,-0.0581648741,0.1428571429,0.542880527,5.6,5.1,1.7509879247,0.5513479557000001,2.2202877343,-1.3406036056000001,-1.5404450408804822,-0.009541165,0.0,-0.4148368844,3.5940670801,0.1910395678,4.9380558016,2.8820392497,0.14413245090000001,2.491155049,-0.9928100529,0.22857142860000002,3.4727396196,115.0,10.925098711,0.2565783653,8.0,0.8170028687,0.0010498144,1.0,0.0012993304000000002,0.5555555556,0.2222222222,-0.9056416652,220.0,0.15,1.3733732941,0.5331862002000001,1.7770233757,-70.0,0.23529411760000002,-0.4805159574,369.08499999999896,2.584100452646,0.332972738472,1.525435129725,27.365,55.345,2.8491270386099994,0.4609205121,11.0,1.3546232255000001,0.6044407295,2.2645594306,-0.4031263684,2.5643720767,0.5341333504,2.1060692672,-2.0,0.125,-0.9855797262,68.0,0.0412906403,-0.31166150670000003,0.6931471805599453,121.0,177.0,22.0,2.6007996429,0.333596606,1.4922848182,-0.525165473,5.2,4.7,352.97833333332994,2.4346695791,0.42356695180000004,0.13699371401629346,341.5,0.5611111111,1.8115325344,0.3799234811,1.2451553536,0.0094277682,0.1357142857,64.3333333333,-21.7388999751,0.73,1.6639648284000002,0.4154142663,1.5055706359,-0.8972730019,-1.6567124695,-0.3959909784,1.2693229516,0.4336699429,1.5686986898000002,-0.1523052674,-0.3954713072,3414.9479166667,-9.0,7.0,6244.3636363636,0.148944402,0.150343985
s403,0.939400703,0.0312302432,1.9090568491000002,2.05,39.0588235294,0.4333333333,22.0,0.30000000000000004,-0.4011699125,-0.7675376532,3.9187484726,0.3202393437,2.0596836738,-1.4945130691,0.6606181507000001,-2.417043183038544,-2.39734747776547,-8.884475624946793,-4.801025289492272,3.0191734273,0.25387446410000003,1.8342618467,0.1666666667,0.5,4.5833333333,1.249000903e-16,2.0,-0.004,-1.4166666667,19.4166666667,0.2687943262,2.0,-0.014914893600000001,-0.8953900709,-0.2511978152,0.061224489800000004,0.6597643651,6.7,6.5,1.6331304344,0.4111825582,1.4952605472,-0.8369897381,-1.3664391120710047,-0.0171833495,0.1388888889,0.2413401553,-0.1064898083,-0.7548590441,3.810416849,3.0426806894,0.18501041000000001,2.6975255897,-1.070541321,0.2,3.8243251091,134.0,4.755929149,0.1346114405,5.0,0.6809286594,0.0013511221,0.8323936462,0.0019961081,0.5555555556,0.2592592593,-1.1799340281,-63.0,0.15789473680000002,1.5995573598,0.3681844056,1.9356556085,149.0,0.0,-0.3470898445,328.3333333333,2.2939444152,0.3001683209,1.2344881822,-9.0,9.0,2.0886910846,0.619533426,11.0,1.6725692030000001,0.538006957,1.8535097177000002,-0.07887472870000001,3.3774390787,0.40320652690000003,2.1142668732,-36.0,0.10394265230000001,-1.0259249528,167.0,0.058603672100000004,0.1964912281,0.0,80.0,153.0,20.0,3.010158253,0.29604749280000003,1.0318938725,-1.6067967308000002,6.9,4.8,285.3333333333,2.2501646495,0.3450722196,0.1580435019251555,252.75,0.5111111111000001,3.2276765144,0.1987501949,2.2855684421999998,0.0044002144000000005,0.0476190476,93.1666666667,10.211038961,0.0,2.9117422446,0.3785937601,2.3667022189,-0.7752235467,-0.1344810655,0.10617087880000001,0.8398932691000001,0.2770740805,1.8646372425000002,-0.40678539290000004,-0.5077025826,1938.1633333333,17.0,6.0,3200.8333333333,0.2029703005,0.3563298782
s404,1.0718338929,0.2152878353,1.1104556138,1.35,45.4545454545,0.2666666667,20.192307692299998,0.1333333333,-0.5187244803000001,-0.9531164481000001,3.7946439781,0.2975093426,2.3682720177,-1.3460768154,0.2187517123,-1.624751486981435,-3.3703261003215412,-7.087078016731981,-5.511051558715321,4.2528822468,0.2444770497,1.6078134403000002,0.33333333330000003,0.33333333330000003,12.5416666667,-0.054166666700000005,1.0,-0.0005,-2.7083333333,13.1666666667,-0.0037706488,1.0,-0.0036021068,-3.2423988508,0.0427251732,0.1875,0.803483056,7.8,4.3,2.428193016,0.3445622042,2.1789897497,0.8926896092000001,-3.7312352117477214,0.0235987118,0.25,0.4468397215,1.5223786125,-0.5638194763000001,3.4283377134,2.4981738141,0.2230212601,1.5602893897999999,-1.0170844173,0.1714285714,3.9312389163,205.0,46.0626954627,0.8291899447000001,10.0,0.6402780533,0.0012126226,0.8479049683000001,0.0013473505000000002,0.47222222220000004,0.48148148150000003,-1.4860262177,-113.0,0.6666666667000001,0.7577389236000001,0.38833413393499994,1.9718564927000002,-21.0,0.4117647059,0.0466317859,324.08166666666494,3.057678179415,0.3037491453809999,1.575581516181,12.965,80.195,-0.24970477979100017,0.5039705401,5.0,1.6937295983,0.4876209768,2.0321807354,-0.0711056555,2.5406606055000003,0.3524800315,1.9840073085,-11.5,0.1285714286,-1.8016055078000002,162.0,0.027431726700000002,0.049122807000000004,0.0,85.0,139.0,17.0,2.7429699425000003,0.2896304505,1.4019341434,-1.0380211816,6.6,6.0,295.95166666666194,3.2911534381709995,0.31846371295900006,0.6522378491655847,313.9166666667,0.5,3.6257835467,0.324432078,2.3377968603,0.0085733005,0.0119047619,22.8333333333,53.2451709118,0.0,3.4650744284,0.37375013760000003,3.1409880984,-1.1642223001,-0.1154108207,-0.08457806350000001,0.42215052700000005,0.3308025817,1.3835105902,-0.3304728777,-0.2033946646,2832.875,12.0,5.0,3276.0833333333,0.8545506380000001,0.43021798910000003
s405,0.9627432681,0.0826691765,1.5351723123,1.65,41.1764705882,0.4333333333,45.0,0.5,-0.771018304,-0.9824886976,2.9600492991,0.4483860885,1.0474666899,-0.6796301616,0.3543099315,-1.0888925553906181,-1.8560240554092327,-7.043841246040956,-6.958449594898377,4.5664096906000005,0.3399184071,1.6674517928,0.33333333330000003,0.33333333330000003,12.9166666667,0.0416666667,0.0,-0.0016666667,-0.4166666667,12.8333333333,0.08284313730000001,1.0,-0.0081176471,-1.3333333333000001,0.0460985499,0.1875,1.056728858,7.0,7.0,1.1716665235,0.4491773999,1.9175209558000001,-0.45784197154200024,-1.6568750807154071,-0.0149776234,0.1111111111,0.17360703460000002,0.9497206673,-0.5629734621,4.194188013,2.582259363,0.2822237483,2.1670137475,-1.5451691339,0.5428571429,2.8750694831,199.0,7.6113128603,0.3752535483,7.0,0.7042232513000001,0.0012036082,1.0,0.0015911533,0.6111111111,0.4444444444,-0.9961431627,-51.0,0.2916666667,1.644451606,0.5255618913,1.3866195628,49.5,0.1111111111,-0.45691113980000003,433.0,2.2536491875999998,0.3074280079,1.2953085679,12.5,44.0,3.2344291493,0.5219572925,8.0,1.52285965,0.5763942069,1.9013478733,-0.6157204265,2.8940314442,0.5317675452,1.7816730709000002,23.0,0.09642857140000001,-2.3814001001,161.0,0.08445397710000001,-0.1403508772,0.6931471805599453,91.0,164.0,22.0,3.6087873234,0.2479062507,1.3048625013000001,-0.9230848584,6.1,6.3,347.6666666667,3.3512428864,0.34186472100000004,0.5236859975814622,333.5,0.5388888889,2.6847980205,0.24570299610000002,2.0585404573,0.0189065834,0.0642857143,-18.0,14.5126190476,0.0,2.2622306487,0.4108223164,1.5468205768,-1.4756559382,-0.2752685109,-0.056467048000000006,1.3820892233,0.44551650880000004,1.3810986551,-1.0048231299000001,-0.5238907143,2145.8388888889,13.0,6.0,2943.9166666667,0.1860554254,0.42449854000000004
s406,0.8226299912,0.15944037260000002,1.2798940347,1.35,25.0,0.30000000000000004,25.0526315789,0.36666666670000003,-0.2206459674,-0.7733777471000001,3.4099246642,0.392204459,1.8179192425,0.3113718548,0.1551181507,-2.469525547749698,-2.562527635199456,-5.791510559328525,-4.640889709863936,2.4443550525,0.2779477385,1.4664989148,0.6666666667000001,0.33333333330000003,5.3333333333,0.1666666667,2.0,-0.0006666667,-1.75,7.1666666667,0.0781193124,2.0,-0.0008877654,-2.6632962588,0.1566490566,0.306122449,0.6287396226,7.9,7.6,1.6932816698470006,0.421595547211,1.8263489380050009,-0.4667900568150001,-2.3640075737653032,-0.0184696427,0.0277777778,-4.9369270833000005,-2.5843643591610004,-1.0439007785,0.3135084389,1.3044314889,0.3122700894,1.0218774521,-1.3466816155,0.4857142857,2.7649964944,123.0,59.8991114415,0.8568707964000001,6.0,0.6848678589,0.0010720488,0.993359375,0.0021581329,0.5833333333,0.2222222222,-0.33875444520000003,55.5,0.15,1.2190037166,0.4326867137,1.9180252388999999,4.5,0.1538461538,-0.3960671706,296.3333333333,2.0144850045,0.3001434019,1.0253591377,34.0,27.0,2.424160605338,0.2323971034,12.0,1.6157861349,0.5290508605,1.5831533893,-0.4058792255,2.7068749115,0.4084977616,1.4235370105,47.5,0.0860215054,-1.0634837647,145.0,0.0138435872,0.050877193,0.0,82.0,140.0,23.0,1.8012472852,0.2702003187,1.3174455042,-0.6049174085,5.7,4.8,297.6666666667,3.8433693568000002,0.36012046200000003,0.24945785102965468,277.1666666667,0.5444444444000001,2.5717194846,0.341976286,1.0628261542,0.018186405000000003,0.1023809524,23.6666666667,1.4296009187,0.88,1.6375271619,0.3103342139,1.768800249,-1.0626814529,-0.8618367143000001,-0.4100643107,1.1645375451,0.294559642,1.2111997404000001,-0.8430527461,-0.5080133517000001,1596.7797619048,29.0,6.0,2333.3333333333,0.8127563897000001,0.7966280882000001
s407,1.1041201481,0.22772936400000002,1.7158514511,2.4,20.0,0.1666666667,10.0,0.1333333333,0.24640393570000002,-1.5269367667,4.5106414988,0.3091992923,3.2718471475,-0.0422031836,0.6662517123,-1.226455389202594,-2.6253976250230475,-8.823396392634306,-6.7863979276983,4.6994008195,0.2348493991,2.1391632119,0.8333333333,0.1666666667,6.4166666667,-0.0166666667,2.0,-0.009000000000000001,-2.75,11.25,-0.086685726,1.0,-0.0050847458,-1.1210945477,0.2237694643,0.1836734694,1.000589026,7.1,6.9,1.7163728157,0.3688366013,1.7266243466,-1.0145932894,-3.326241900317255,-0.023802177100000002,0.1944444444,-1.5672591379,-1.7980682863,-0.6932395302000001,3.1607721784,2.2524516155,0.29376439330000004,1.564335625,-0.9928100529,0.22857142860000002,3.4727396196,158.0,25.7627506452,0.3968411315,9.0,0.6483398438,0.0011830478,0.99453125,0.0015948807000000001,0.6388888889000001,0.33333333330000003,-1.4662557335,-78.5,0.25,1.8550270266000002,0.4186626513,1.6414548909,-127.095,0.0,-0.5103288953,317.0,3.6642776665,0.31553920420000003,1.757640112,-3.0,17.5,7.5085920451,0.6319175749,12.0,1.6375485502,0.5635210262,1.6904619981,-0.5582925798,2.5546207710999997,0.43195928710000003,1.8445357164,-55.5,0.09677419350000001,-1.0502434033,86.0,0.0485113298,-0.16821465430000002,0.6931471805599453,108.0,145.0,23.0,2.5377081702,0.2863214974,1.4995037891,-0.7545607546,5.7,5.7,228.6666666667,2.6427737215000002,0.2865549431,0.7856183199638522,334.1666666667,0.5153888888889998,3.8309636213,0.3402845895,1.6635150442,0.0001656457,0.033333333300000004,73.0,22.6891368936,0.0,2.8511777133000002,0.3670253665,2.1664721251,-1.1696299877,-0.7451162203,-0.37020938000000003,1.3090560123000001,0.3437740682,1.7653495594000002,0.0797452407,0.0864252819,2408.025,0.0,10.0,4229.6666666667,0.7616811266,0.32281358400000004
s408,0.6224245032,0.29236297510000003,1.2003656202,1.3,25.038461538500002,0.1333333333,11.6666666667,0.4,-0.5556694932,-0.2521595709,2.8011001488,0.3399830417,1.8271691672,-1.0593552127,0.11888013700000001,-3.197655656190087,-2.5616841465694242,-5.951981368401798,-3.5091165077738418,3.0072494241,0.2466809646,1.5645407277999999,0.6666666667000001,0.33333333330000003,7.5416666667,-0.0208333333,1.0,-0.00016666670000000001,-2.4583333333,7.3333333333,-0.05,1.0,0.0006666667,-2.6666666667000003,0.1439006481,0.20408163270000002,0.7749126956,9.2,10.6,1.5583585211000002,0.49425560820000003,2.1008098692,-0.5764905672,-4.367149119778655,0.0110533851,0.47222222220000004,-2.200221407,0.9606515103000001,-0.22829995860000002,3.5248410059,2.2829711077,0.2801310338,1.1962183029,-0.6331575077,0.22857142860000002,2.7534345290999998,176.0,25.7627506452,0.3968411315,9.0,0.6083211422,0.0007580338,0.8065824509,0.0011352097000000001,0.6388888889000001,0.5185185185,-0.7264609482000001,-177.5,0.33333333330000003,0.8304215266,0.4759176794,1.9391448401,88.0,0.4166666667,-0.1925773299,339.285,2.620190865248,0.31466852517799987,1.5803975210090004,18.525,65.255,-0.6523420112860001,0.5400150787,3.0,1.6041025457,0.4810344903,1.9249560504,-0.422864381,2.6929468319,0.4230292544,1.799318226,-5.0,0.1214285714,-1.2574668584,141.0,0.0783657497,0.2450980392,1.0986122886681098,83.0,157.0,18.0,2.5332426032,0.3064953087,1.4227061411,-1.2049743133,6.5,4.9,323.65333333332893,2.8947587993779997,0.3279161161720001,0.6237834256549507,335.625,0.5222222222,2.6735921813,0.301485860612,2.7960290645,0.0034449388,0.0452380952,-77.9166666667,-36.5327764153,0.0,1.972993271,0.2674687548,1.9639344103,-0.8550081256000001,-0.3687971796,-0.049783557900000004,1.4747855957,0.324562114,1.4791992413,-0.6424230218,-0.767708626,2616.7899721715485,4.0,5.0,4714.0,0.9133156862,0.2467773976
s409,1.6587342284000002,0.2643857745,1.6958520476,2.75,16.8695652174,0.2333333333,13.9230769231,0.1333333333,-0.2692585447,-2.5111112706,2.6239192131999998,0.3998153841,1.4943600052,-0.8879905179,0.1217123288,-3.4052466659591887,-3.391213144453121,-6.768488494626105,-5.190870430037599,3.8739381272999998,0.2840343917,1.4353805358,0.8333333333,0.1666666667,2.2083333333,0.0958333333,3.0,-0.007500000000000001,-1.0416666667,4.0416666667,0.0545303408,3.0,-0.0035145470000000002,-0.6172069825000001,-0.0705329912,0.1632653061,0.5551628988,8.4,6.4,2.255093437,0.42848016180000004,2.155498438,-0.1101607674,-3.70660382687789,0.017721994300000002,0.2777777778,-1.2536731179,0.1550683944,-0.5629734621,4.194188013,2.9243443106,0.229034766,2.6566034585000002,-1.1195720593,0.22857142860000002,3.7262636324000002,147.0,10.925098711,0.2565783653,8.0,0.7225572586,0.0011932081,1.0,0.0013864687,0.6111111111,0.48148148150000003,-1.4552657002,-257.0,0.30000000000000004,1.6526792207,0.5136663737,1.9689513222000001,92.0,0.1,-0.14240996350000001,242.5,3.5023026115,0.20306040350000001,1.8339461873720009,-6.0,242.5,3.6714956565,0.5647509022,12.0,2.3731698648,0.5330228423,1.9448253804000002,-0.41374069690000004,3.0391782793,0.3769225744,2.2950010399,-28.0,0.0904761905,-1.4369811057000001,173.0,0.0698389938,-0.1070175439,0.0,89.0,160.0,21.0,2.7952980113,0.2880461877,1.3655110225,-1.2505516694,6.9,5.7,238.3333333333,4.3153433247,0.4824818629,1.0898428557108095,237.6666666667,0.5222222222,3.3947753491,0.3631637171,2.1625315786,0.0070451744000000005,0.019047619000000002,-19.0,94.5781314045,1.0,1.8441325656,0.33852464390000003,2.1192665479,-1.1646207227,-0.7144698461,-0.8443462405000001,1.6185749968,0.36190203460000003,1.905513988,-0.23489269070000002,-0.0430917898,2304.3296296296,4.0,6.0,3800.1666666667,0.15610668660000002,0.4824774191
s410,1.6763430068,0.29878315,1.0807699212,2.05,11.6296296296,0.1,14.0434782609,0.2333333333,-0.8220657174,-0.1277586759,4.0667267605,0.4092741039,2.1277766039,-0.3933683988,0.40620719180000003,-1.8594151726942063,-1.8375165663592923,-7.07557056237447,-6.083657339019068,4.6218186375,0.26847087210000004,1.5211907805,0.5,0.33333333330000003,3.7916666667000003,-0.0375,1.0,-0.0095,-0.375,4.25,-0.0040243902,0.0,0.0004065041,-0.0650406504,0.1400444733,0.1428571429,0.6226721023,6.8,5.0,1.9659377298,0.4198905263,1.3300042079,0.4694028907,-3.185697462214006,0.0162088342,0.33333333330000003,-2.1233247448,-0.9871954957,-0.36754262600000004,3.8033263406,2.5913500546,0.0762548022,2.1017672039,-0.9575666758,0.1428571429,4.0502743994,249.0,25.7627506452,0.3968411315,9.0,0.6988328934,0.0013664961,0.8837615967,0.0019103774000000001,0.4166666667,0.2962962963,-1.0307191470000001,-315.0,0.2105263158,1.7206364845,0.4123583584,1.7933523491,-92.0,0.0555555556,-0.1112475861,369.3333333333,2.5415536595,0.3166696779,1.015796878,34.5,8.0,15.9634604418,0.5276264841,15.0,1.6356781783,0.479959038083,2.4614024549,-0.2726054396,3.3263948213,0.38231572950000003,1.3609890921,-3.0,0.1178571429,-1.6602987532,80.0,0.0343072374,-0.3112745098,1.0986122886681098,105.0,151.0,21.0,3.2162838631,0.27966635370000004,1.213188768,-0.7256165663,4.2,4.3,240.3333333333,2.8468256858,0.3129442166,0.38997757198045535,266.6666666667,0.5333333333,2.3303468031,0.3211395903,1.2636708158,0.0080399296,0.1,25.3333333333,63.1984635083,0.0,2.6645931795,0.3562572717,1.5319974548,-0.9735640327,-0.8588365277000001,-0.6054857756,1.4724477498000001,0.0275477131,2.1830318953,-0.538180773,0.5304296275,1550.3186147186,13.0,7.0,2726.9166666667,0.8520746046000001,0.2519156502
s411,1.4283337742,0.0117046931,1.6674946915280002,2.7,48.1578947368,0.36666666670000003,31.8571428571,0.5333333333,-0.3983550071,-0.7909791218000001,4.9825006686,0.3145643117,3.1321883061,-1.2811484341,0.4383827055,-1.9982151301832538,-2.0799759308402925,-7.5584837883886555,-6.40945590209415,4.6845162418,0.2590187271,2.273471931,1.0,0.0,9.4166666667,0.0666666667,1.0,-0.0043333333000000005,-2.75,12.8333333333,0.1906827881,3.0,-0.008352773800000001,-4.5881934566,-0.004791283,0.1875,1.1517239603,8.1,7.4,1.8526083547,0.4640383139,1.9093597618,0.3716579518,-3.3161918372603525,0.0189517717,0.2222222222,-1.5521669163,0.756282098,-0.1448413667,3.3579238221,2.2937717426,0.1748639314,1.7904078498,-0.8075379761,0.0857142857,4.3503317988,283.0,7.6113128603,0.3752535483,7.0,0.8131072998000001,0.0017473117000000001,0.9969726562000001,0.0022553843,0.6666666667000001,0.6296296296,-0.6636426315,334.0,0.0714285714,1.9974700947000001,0.3930306595,2.2593886558,-112.525,0.0,-0.6194094449,259.3333333333,2.6574552878,0.2759093782,1.3927093037,-16.0,55.5,7.696564806998001,0.6848403713,16.0,1.7621911444,0.7549292804000001,1.9828185848,-0.5273221185,2.5852762596,0.3937904521,1.9190121431,29.0,0.075,-2.099044923,152.0,0.0731517854,-0.0035087719000000002,0.0,60.0,135.0,16.0,3.5736490113,0.2960974434,1.699442515,-0.48352635110000003,6.2,5.7,229.1666666667,4.3996472405,0.3175397249,0.7792405580627866,225.6666666667,0.5388888889,2.4724995399000003,0.3495790493,1.1227794921,0.019368500400000002,0.0952380952,35.3333333333,-11.2087655675,0.0,2.7800552076000002,0.355957958,2.0356021932,-0.9736509513,-0.0229064525,-0.4058568516,1.8675633246,0.36498369820000004,1.5466761027,-0.7568613876,-0.4625315514,1932.175,6.0,9.0,3711.0,0.6614423449,0.3498056416
s412,1.0608427062,0.2435341329,1.0917104241,1.6,15.3571428571,0.0666666667,18.5714285714,0.30000000000000004,-0.29295648300000005,-0.8373845632,2.7217009152,0.3852290391,1.6837845210000002,-1.4594518344,0.0318784247,-3.4301043429581775,-3.439614308178484,-6.5696266176234985,-4.7987683428729095,3.5164292639,0.2611084296,1.3058035808000001,0.1666666667,0.33333333330000003,21.5,-0.2,1.0,0.0103333333,-7.0833333333,15.0833333333,0.07287145240000001,1.0,0.0045058431,0.6231218698000001,0.1100559282,0.20408163270000002,0.6012789731,9.0,6.0,1.0741714254999999,0.46240512380000004,1.151382971,-2.1439516606,-2.018458946588739,-0.006661747700000001,0.0277777778,-2.0520162831,0.6699676346,0.4181320954,4.4838707464,2.3532850095,0.140986256,1.6555620789,-1.1652624446,0.2571428571,3.6348828618,111.0,46.0626954627,0.8291899447000001,10.0,0.6432861328,0.0011165305,0.9213546753,0.0017670024,0.6944444444,0.0,-1.1761934079,-72.5,0.5,1.4493657013,0.40189483340000004,1.3110124330000001,-45.0,0.0769230769,-0.7830749566,352.6433333333381,2.5070432088010017,0.318670313557,1.5087369038850003,20.175,71.085,2.6609470781609996,0.5105049765,8.0,1.2164152183999999,0.4437235827,1.8083647078,-0.6633404994000001,2.3921872405,0.4788254679,1.3689651499,-25.0,0.1,-1.1080974936,49.0,0.0314300896,0.0017543860000000001,0.0,98.0,121.0,18.0,2.9801645774,0.3373966874,1.095500143,-1.124743657,5.2,5.3,397.6666666667,2.3831473165,0.3098106719,0.31873499868637617,349.375,0.5277777778,1.787769113,0.2668466277,1.4105751452,0.0016788812,0.1214285714,12.25,-22.4930129412,0.86,1.9017612657,0.43525890840000003,1.1537363635,-1.803580181,-1.2078957123,-0.0015413632,1.5854408759,0.37929136220000004,1.437868574,0.4455405745,-0.606055981,2338.8166666667,2.0,8.0,3730.1666666667,0.9067490196,0.4578708023
s413,1.8654727343,0.2193547994,2.0658430161,3.0,31.0833333333,0.2,15.6785714286,0.0666666667,-1.1110138138,-1.6858482643000001,2.5159033882,0.36551679140000004,1.2299541669,-1.2830387498,0.4502671233,-1.0093085924509368,-1.8028013716727789,-7.743694889208774,-7.644427061150417,3.1236468074,0.3353974952,1.6221667851000001,1.0,0.0,15.9166666667,1.665334537e-16,1.0,0.0003333333,-4.0,14.125,0.07418546370000001,2.0,-0.0005689223,-3.4022556391,-0.0783611516,0.2244897959,0.9914393757000001,8.5,10.7,3.0376483463,0.3573159842,2.1772717191,0.8907782846000001,-6.56939561039608,0.0010545232,0.8888888889000001,-4.3238269012,-2.7378251514,-0.5638194763000001,3.4283377134,1.8741117374,0.0049836211,2.0511676754,-1.1652624446,0.2571428571,3.6348828618,179.0,0.0331595576,-0.6040336065,3.0,0.7028268337,0.0017004365,0.8143361092,0.0021657836,0.6666666667000001,0.7777777778,-1.2828700404,51.5,0.2631578947,1.7274959288,0.38160942270000003,1.6612622258,14.5,0.0,-0.3275165195,330.92000000000303,2.6666048693610005,0.32764583440799994,1.3693995407040007,22.1,74.235,4.8402369846,0.2351708196,15.0,1.7718594598,0.5547030536,1.891636641,-0.21693523580000001,3.3314703426,0.4003555594,1.4390113982,8.5,0.09677419350000001,-1.9983424587,114.0,0.055056632700000004,0.3403508772,0.0,105.0,143.0,16.0,3.0791371555,0.3342717857,1.2125323306,-1.8209837737,6.4810000000000025,7.7,365.1666666667,2.7781025547000002,0.3269018259,-0.07093867884282323,256.0,0.5611111111,2.4214228056,0.36194701,1.0342271194,0.0220158282,0.1,5.0,-17.3684691111,0.0,3.2443133444,0.3652897317,1.8479549141,-1.3062413521,-0.7261863058,-0.2004114029,1.5821155184,0.3310443254,1.386734031,-0.3982059135,-0.40932964250000003,1583.43,12.0,8.0,3056.4166666667,0.8067923996,0.5593873266
s414,1.0336687348,0.23638513190000002,1.0636520522,1.45,30.4166666667,0.2,30.0,0.5,0.13659328780000002,-1.2338849878,2.5213710925,0.40780460820000003,1.9420237682,-0.3838290621,0.0591986301,-2.9622577535767016,-1.957890878941245,-6.990846995269307,-4.237571236856084,2.6397454768,0.25715443986800013,2.2718935834,0.5,0.33333333330000003,11.125,-0.07083333330000001,2.0,-0.0068333333,-6.125,22.1666666667,0.013937104300000001,0.0,-0.003686747,0.8050847458,0.1646607504,0.20408163270000002,0.9813869635,8.0,7.4,1.7527853317000002,0.3697789023,2.5490863835,-0.7246878828000001,-3.7745272245104946,-0.027638644,0.3611111111,-1.1573560348,-1.3609793938,-0.9927888592,3.3345572188,2.0949536991,0.2666347431,1.8173520186,-1.4013457528,0.4285714286,3.1627162453,122.0,7.6113128603,0.3752535483,7.0,0.7527954102000001,0.0014022580000000002,0.7683868408000001,0.0014262281000000001,0.5833333333,0.1111111111,-1.7984757517,2.0,0.347826087,1.3481536602,0.32325576640000003,1.4585594133,-235.0,0.4444444444,-0.5513776369,324.3333333333,2.490173239,0.3200807909,1.425605727,38.5,55.5,6.356806496547998,0.5582599608000001,6.0,1.4511262046,0.5928133478000001,2.3149337532,0.6695143404,2.4288938734,0.47003768910000004,2.0862310602,-3.0,0.050541516200000004,-1.2883566428,84.0,0.0287881813,-0.3039215686,1.0986122886681098,97.0,144.0,21.0,2.6507134817,0.2947826452,0.9908052587,-2.5697505505000002,5.5,4.4,380.3333333333,1.9654381117000002,0.4111790376,0.16725789979914255,252.1666666667,0.5611111111,2.5642791308,0.314545778,1.4121509229,0.0121133138,0.0666666667,-27.3333333333,14.7187425578,0.0,2.877611491,0.3200335783,2.4130208372,-1.4079569742,-0.8375930984000001,-0.7274962992,1.3356496346,0.3579179169,1.4308666107999999,-0.2703722575,0.0150342454,2946.5520833333,0.0,8.0,4829.0,0.7893736398000001,0.14927905800000002
s415,1.6008066244,0.2580299875,1.3606301508,2.45,18.1851851852,0.1,13.7777777778,0.1,-0.666615964,-1.039139894,4.3950101458,0.3234664881,2.5189290286,-1.7395878268,0.0379109589,-3.1789514939273675,-3.4310036446295795,-6.869793485248319,-4.051620473829891,3.9328994755,0.253861163,1.4476289002,0.1666666667,0.1666666667,9.7916666667,0.22916666670000002,0.0,-0.008833333300000001,-1.625,8.4166666667,0.061565446200000006,0.0,-0.0035562377,-0.8381933786,-0.038817189700000004,0.2653061224,1.0939121701,6.9,6.8,1.875982172,0.41899291980000003,1.6690213076,0.177021207,-1.5404450408804822,-0.0059581432,0.0,-1.7849830827000002,-0.5195408796000001,0.0,5.3201349372,3.9466220771,0.1740403278,2.9150218453,-0.8075379761,0.0857142857,4.3503317988,120.0,25.7627506452,0.3968411315,9.0,0.8364990234,0.0012562897,0.99921875,0.0009764451000000001,0.6944444444,0.14814814810000002,-1.6109387404,-39.5,0.15789473680000002,1.4748627552,0.5561277866000001,1.6662560795,-219.0,0.2,-0.0726492475,393.1666666667,3.217964092,0.3065809062,1.6622235941999999,63.0,79.0,-12.1279988333,0.5680280707,10.0,1.2725974039,0.4084080829,1.8664270401,0.2938654787,3.7026347597,0.4239997189030001,1.8842817667779994,10.0,0.1074074074,-1.3958094219000001,132.0,0.0377342827,0.25386996900000003,0.6931471805599453,112.0,204.0,17.0,5.6427075801,0.3175578442,1.7184074112,-0.4061310865,6.3,5.8,285.8333333333,4.0199923558,0.35300340220000004,0.555773957317219,282.1666666667,0.5,3.2070149811,0.3266139223,1.3472970118,0.0079200654,0.0404761905,52.3333333333,56.7812342696,1.0,2.6966486487,0.3452654938,1.8685388049,-1.0895082455,-1.1175984749,-0.8103510758,1.8951153184,0.3507265919,1.6540589119,-0.4268637515,-0.3133782948,1993.9166666667,-1.0,10.0,3818.75,0.8153718611,0.4274181499
s416,0.9608644179,0.0869545644,1.7100738187000002,1.9,40.25,0.33333333330000003,15.2857142857,0.30000000000000004,-0.4362568261,-0.8259794644,3.1890392367000002,0.3805234342,1.7227324241000002,-0.08635392780000001,0.9062517123,-2.9653425894059735,-3.2015608455767053,-10.50397169023286,-4.657086874645478,2.050450995,0.1616457537,2.0891048158,0.8333333333,0.1666666667,14.25,0.225,3.0,-0.014,-6.3333333333,20.3913043478,0.17069698767900005,3.0,-0.0108107538,-6.368740116,-0.1973410885,0.0208333333,0.6223514749,6.0,6.3,1.6454139363,0.399306957,1.9095912284,-0.8529757483,-1.5404450408804822,-0.0058712186,0.0,-1.9433425303,-0.5151037546,-0.7746479260000001,3.7708390853,2.3410464767,0.3213704985,1.5078164585,-0.43384239960000004,0.0857142857,3.6029406459,108.0,10.925098711,0.2565783653,8.0,0.7121927261000001,0.0017400356,0.9,0.0024025839,0.5,0.18518518520000002,-0.8183484750000001,167.0,0.33333333330000003,1.8523439175,0.4002076842,2.0222404923,-145.705,0.0,-0.7876809402,446.8333333333,1.5757372168,0.31460980715599995,2.5299183818,80.0,-12.5,-3.2022724022,0.6700138345000001,8.0,1.3854799909,0.6298590651,1.6331554916000002,-0.4773476862,2.1052598864,0.47042630280000003,1.6586112395,43.0,0.1111111111,-1.6063440502000002,123.0,0.08853724560000001,-0.0473684211,0.0,92.0,132.0,17.0,2.0752299516,0.3749036154,1.7742230419,-1.1704119145,5.5,4.8,405.1666666667,1.4463719976,0.3536580467,0.5895122055779184,382.6666666667,0.5111111111000001,1.8699723394,0.28895311220000003,1.6660805105,0.006673567,0.11428571430000001,27.701666666665997,-13.0255628518,0.0,2.3584801682,0.4583323495,1.9242657714,-1.5359883693,-0.4116650216,-0.36949342560000004,1.1598001406,0.38807418180000003,1.6628683278,-0.4127617847,-0.3678159307,1860.0444444444,18.0,5.0,2652.3333333333,0.2480411227,0.4194401357
s418,1.693476766,0.3190459242,1.3063979197,2.3569999999999998,47.619047619,0.30000000000000004,30.5555555556,0.4,-0.5666945659,-1.0084095567,3.3819795259,0.34676954,1.7966588817,-0.6653563424000001,0.26744178080000003,-2.4463447420609037,-2.2507825107155917,-5.891680824896021,-3.652875296996477,3.3923307338,0.3158062182,1.29211197,1.0,0.0,14.2916666667,0.1708333333,3.0,-0.0115,-3.2916666667,23.375,0.1805358948,1.0,-0.0062556117,-1.6921132456999999,-0.1041456016,0.2916666667,0.8222952477000001,7.1,6.5,1.8843665477,0.49427654070000004,1.4835486546,-0.0260248202,-3.28197210653329,0.0177746854,0.2222222222,-3.0838765722,-0.5684827764,0.3298219498,4.6604910377,2.6291756562,0.0105311942,2.1558134848,-1.2890129854999999,0.3428571429,3.38738178,201.0,5.38702979,0.1321684831,5.0,0.8682128906000001,0.001532121,0.9853515625,0.0013164541000000001,0.6944444444,0.33333333330000003,-2.1284026854,1.0,0.6363636364,1.9584335644,0.3991580864,1.2510321517,-181.0,0.1,-0.3319562616,321.5,2.2717475463,0.3298372902,1.1785768782,1.5,65.5,7.5767858059,0.39821763200000004,10.0,1.8473939322000001,0.5883491985,2.2552671274,0.1062968804,3.0409709472,0.3463886566,1.9550315096,9.5,0.0714285714,-1.7684738887,106.0,0.0541182147,-0.1631578947,0.0,119.0,171.0,24.0,2.9089040011,0.3291993076,1.1865690828,-0.6349662326000001,6.2,6.3,282.5,2.7911555353,0.3580332551,0.7843891413717601,318.375,0.5111111111000001,2.6206998211,0.3526430224,1.3207403334,0.0013153675,0.059523809500000004,-63.4166666667,53.5547776379,0.0,3.2877650552,0.33362812680000004,1.6559071736000002,-1.1017771399,0.37160556170000003,-0.17096492530000001,1.5114858956,0.3070178143,1.5742723959,-0.5050158143,0.2733055249,1764.0833333333,3.0,9.0,2768.6666666667,0.8340165629,0.2754700997
s419,0.6680023368,0.0539974218,1.6316965878,1.6,35.6666666667,0.2,17.7619047619,0.30000000000000004,-0.6691669216,-0.6146604996,3.435788583,0.3463589899,1.7900901925000001,-0.8650225524,0.2207380137,-1.200013756707593,-1.8591733529012175,-5.816118428883802,-5.467037980918924,2.8251740887,0.2580069835,1.4459444147,0.1666666667,0.6666666667000001,19.6666666667,-0.058333333300000005,1.0,0.001,-3.6666666667000003,24.3333333333,0.0091549296,0.0,-0.0003943662,-0.8028169014000001,-0.08971221780000001,0.27083333330000003,0.9785972773,7.6,7.0,0.8151937737,0.3164325396,1.6942719544,-0.936234372,-3.3716773423078044,0.0236562203,0.25,-1.9722523486,-1.3246136188,-0.2646559025,2.8300105657,1.879676584,0.22341461680000002,1.5719343896,-0.9199691090000001,0.2571428571,3.1442961907,193.0,10.925098711,0.2565783653,8.0,0.7100367546,0.0012134057,0.8410537720000001,0.0013873736000000001,0.4444444444,0.5185185185,-1.6468016368,-24.0,0.11764705880000001,1.392596186,0.3763465359,1.6791906324,-38.0,0.13354496010499997,-0.288936529,329.3333333333,3.0454169224,0.278644528,1.4280071614,59.0,36.0,8.6755269944,0.50647229,8.0,1.2161437359,0.3673720471,1.8594684797,-0.4187250436,3.8829198088,0.35100677890000004,1.6262411563999999,-8.0,0.0714285714,-2.0745897135,151.0,0.0568405156,-0.2543859649,0.0,103.0,177.0,22.0,2.2857586057,0.3283243887,1.2477692096,-0.7825023919,6.1,5.4,305.8333333333,3.1558880734,0.3379788589,0.13593486994498727,245.0833333333,0.5055555556,3.5610369593,0.33425868480000004,1.7359572274000001,0.0077995928,0.021428571400000002,-11.5,39.5890196268,0.0,3.6346218820000002,0.3254486595,1.9880205256,-1.0747286798,0.5530691104000001,-0.0164242675,1.7151026368000002,0.3030615675,1.6631787882,-1.1269110968,-0.7391079627,2564.9583333333,6.0,8.0,2324.5833333333,0.1967107662,0.27711987800000004
s420,0.9521267888,0.061391590600000004,2.2445065793,2.25,29.6956521739,0.2333333333,10.0,0.2333333333,-0.5718193043,-0.7570306259,3.3308325551,0.3368841892,2.1485247516,-0.5142645061000001,0.9687517123,-0.7979142649995793,-3.0589383494577835,-12.48684530968102,-6.859543663091871,3.7324417137,0.3164812842,1.3557834084,1.0,0.0,7.8333333333,0.0666666667,1.0,-0.0046666667000000005,-1.9166666667,14.7083333333,0.031504065000000005,1.0,-0.0012390244,-2.6483739837,0.2913645539,0.2653061224,0.7438233669000001,9.2,6.9,1.6721591801,0.4414635281,1.9715503,-0.0019035251000000001,-5.360920354039951,0.0025844293,0.7222222222,-2.842767889,0.9905171581000001,0.0,5.3201349372,3.4143879706,0.30242291190000004,1.7114046337,-0.8188260123180001,0.0,4.176405209163,170.0,25.7627506452,0.3968411315,9.0,0.7112888336000001,0.0012869834000000001,0.8643798828,0.0015050557,0.6666666667000001,0.5555555556,-1.2101814305,-19.0,0.1666666667,2.0099174957,0.46892987700000005,1.7953167219,132.0,0.0714285714,-0.1774707099,345.6666666667,4.0525181165,0.27296294660000003,1.9969100498999999,9.0,74.0,3.7260108862,0.5764527051,10.0,1.2855014217,0.41656503300000003,1.7967796297,-0.3411361664,2.98346098218,0.4224968845610001,1.8608567390839992,-0.415,0.10031771913100003,-1.6260368774280005,100.0,0.0431582702,-0.1446078431,1.0986122886681098,71.0,132.0,16.0,4.1314150767,0.33493185680000004,1.4068608165,-1.1001904047,5.4,5.0,253.6666666667,3.4110598305,0.3964912292,0.8737148924332994,285.8333333333,0.5388888889,3.2603168766,0.3331848818,1.983476264,0.0093660826,0.0238095238,-14.6666666667,27.1592705167,2.0,2.3775284438,0.3340193158,1.8587571135,-0.7271833598,-0.6299526449,-0.9315686413,1.5708642833000002,0.3636924415,1.4948890052000001,-0.24274429660000002,-0.08558129910000001,2225.5316666667,-1.0,9.0,2729.2083333333,0.9035151993,0.2917111564
s421,1.6143847232000001,0.30048993360000004,1.1180748093,3.15,36.0,0.33333333330000003,28.4736842105,0.36666666670000003,-0.16008330340000002,-0.8580744035000001,3.1330302796,0.373365286,1.7854066507000002,-1.5865880498,0.6562517123,-1.722552922171354,-3.236474120489601,-8.687157415521467,-5.816627395396154,5.3774522669,0.3268752515,1.5028495441,0.33333333330000003,0.0,11.0,-0.0083333333,1.0,0.0036666667,-2.6666666667000003,14.2083333333,0.1513784461,1.0,-0.0046115288,-3.3746867168,-0.024055927100000003,0.1428571429,1.0010387412,9.8,8.0,2.096471701,0.4174517896,1.6527849524,-0.6469061523,-3.2821466405506565,-0.023797733,0.1388888889,-0.7998802176,3.3074072874000002,0.7263267092,3.8674815188,1.9788282563,0.23439972320000002,1.1327648984,-0.5402436899,0.0285714286,4.8849203713,203.0,10.925098711,0.2565783653,8.0,0.6603713036000001,0.0011493297,0.8921030045,0.0018235242,0.5555555556,0.2962962963,-1.0084745365,224.0,0.1052631579,1.7546825969,0.42224389170000004,2.1962102666,-100.9,0.0,-0.09828376920000001,467.3333333333,3.3639979274,0.2652460591,2.2819667805,10.085,165.0,-0.3461080515,0.4425460302,10.0,2.1437684057,0.4628396093,1.9068621769,-1.0791208165,3.1342149642,0.3855442122,1.7275114966,-15.0,0.1178571429,-2.3799591115,161.0,0.0234743088,-0.1245614035,0.0,62.0,138.0,25.0,3.4628890381,0.2893435945,1.2163092989,-0.3401077441,5.4,5.2,246.5,3.3949543572,0.3135106213,0.5610202220559686,251.1666666667,0.5166666667,2.5620900803,0.3520422333,1.3227917705,0.010086116000000001,0.0476190476,-31.6666666667,59.3283887468,0.0,2.6813805935,0.3981924529,1.8654374495,-2.0062915063,-0.17683712980000002,0.1578541612,1.5228630780999999,0.3426300793,1.5951292325000002,-0.2451962937,-0.6567728016000001,2277.6791666667,14.0,8.0,2830.9166666667,0.8504261364,0.3360540439
s422,1.1699899423,0.2982107779,1.8953789076,3.35,40.4782608696,0.2333333333,22.8333333333,0.2,-0.052257751000000005,-0.5595736821,5.0971313373000005,0.3349467399,2.7122452035,-0.6464650416000001,0.9687585616000001,-0.3548883803656809,-1.3549417171244689,-10.694128495181904,-8.76578789293775,6.3626430572,0.2634046585,2.8212111836,0.6666666667000001,0.1666666667,14.7916666667,0.0458333333,2.0,-0.0061666667,-5.2916666667,15.75,-0.0216871364,1.0,-0.0063891403,-6.0025856496,0.16537474630000001,0.27659574470000003,0.9891281996000001,8.3,8.0,2.2425949626,0.4523126389,2.5271529012,0.1450374719,-5.764812820642557,0.0021325466,0.8055555556,-0.046180206200000004,2.4140244489000002,0.0,5.3201349372,4.8323391457,0.22346739610000002,3.3757588756,-0.8043608177180004,0.0,4.301580820569999,211.0,0.0331595576,-0.6040336065,3.0,0.8073730469,0.0016982828,1.0,0.0016812927,0.5833333333,0.7037037037,-1.057365446,-398.0,0.1428571429,2.043221729,0.40271083550000003,1.7915124171999999,-160.6,0.0,-0.3058619469,280.3333333333,3.2118489841,0.3373023006,1.600662104,8.0,109.0,29.7600460521,0.5101538963,18.0,1.8556499502000001,0.5841084825,2.0665815215,-0.3864528809,4.6966271964,0.414841141,2.6278203228,12.5,0.1285714286,-1.1102985911,94.0,0.0569101819,-0.0210526316,0.0,79.0,113.0,17.0,5.2261012006,0.27195497900000004,2.5111832375,-0.2874141652,6.5,6.7,261.6666666667,5.3677787349,0.3552071007,0.666030032939715,252.4166666667,0.5222222222,3.6676694655,0.3283314925,1.8128471727000002,0.0098951726,0.019047619000000002,22.5,57.3237547893,0.0,2.9697826917,0.3466354721,2.0054862774,-1.1918180902,-0.3111524946,-0.0659965442,2.1984476371,0.3233453891,2.6256519848,-0.34720634440000003,-0.09402635940000001,1886.1898148148,10.0,6.0,4035.3333333333,0.7043834616,0.6196027664
s423,0.7564923957,0.0341502105,2.4171414186,1.8,40.5454545455,0.2666666667,26.3333333333,0.30000000000000004,-0.0776023106,-0.6605665635,2.118584619,0.375028315653,2.5545856688,-0.6977683959000001,0.1381181507,-2.9593309947344815,-3.101283065090902,-6.713723801707375,-4.585779329732481,2.6279594952,0.2732566225700001,2.6627052259,0.8333333333,0.0,19.5416666667,0.0791666667,1.0,-0.007500000000000001,-4.5416666667,18.875,0.1144067797,1.0,-0.0066987952000000005,-2.6837859914,0.0924068955,0.27659574470000003,0.9121374922000001,6.7,7.3,1.3074191078,0.4571298702,1.8250157786,-2.1715437565,-5.5248716528114175,0.0023843397,0.75,-2.3205254501,-2.0579188191,-0.6629669095,2.6749133193,1.6630882536,0.0328306777,2.1569904517,-0.8893284577,0.11428571430000001,4.1867508355,126.0,25.7627506452,0.3968411315,9.0,0.7218288898,0.0007455756,0.7826386929,0.0007845346,0.8055555556,0.6296296296,-1.9199860885,-101.835,0.0,1.2338283107,0.4381099015,1.4682402255,-73.0,0.13657152072299997,-0.22384800800000001,243.5,3.8714390816,0.2217166264,2.6151419492,17.0,94.0,7.4304413357260035,0.3231100578,14.0,1.1933658615,0.48857990430000003,2.2291414587,-0.0034180185000000003,2.7029186243,0.4609844133,1.8663930109,-21.0,0.1299638989,-1.6519077124,129.0,0.0441182528,0.0842105263,0.0,91.0,135.0,19.0,4.8161638769,0.3284497979,2.0750137252,-0.18088006180000002,6.0,8.0,268.5,3.9901493569,0.37541954,1.051400391894208,218.75,0.5222222222,3.7277249982000003,0.37401438340000004,2.4333118744,0.009904763,0.0166666667,33.8333333333,61.5422269909,0.0,2.9806209296,0.32180021010000004,2.1153403709,-0.9507776297,-0.49875276230000004,-1.1022308089,1.5964725394000001,0.3752575301,1.7556003025,-0.3912325672,0.2455190415,2321.225,2.0,9.0,4681.0,0.8161485954000001,0.2467531714
s424,1.3926577368,0.2216656187,1.8557839708000001,3.7,27.8181818182,0.2666666667,13.5652173913,0.2333333333,-0.3926441873,-0.6848577441,2.9843029679,0.3478942916,1.2253229506,-2.2442912832,0.2329623288,-3.345289749723859,-2.0508807106440003,-5.69637160312592,-5.64986214200807,4.4014717525,0.258531903,1.031427346,0.8333333333,0.0,5.7916666667,0.0791666667,3.0,-0.008833333300000001,-2.4583333333,6.0416666667,0.16317073170000002,3.0,-0.0073268293000000005,-3.5030487805,0.061762433000000005,0.1428571429,0.6892234825,9.6,7.5,3.1014656137,0.5023585548,2.1002206199,-0.7152576641,-4.737060654605301,-0.0005886251,0.9166666667000001,1.3567852250999999,1.7471332643900004,0.0,5.3201349372,4.1192864256,0.1423077858,2.2077858983,-1.1195720593,0.22857142860000002,3.7262636324000002,178.0,7.6113128603,0.3752535483,7.0,0.5,0.0012066595379999997,0.9875,0.0015021423,0.5833333333,0.4444444444,-1.222760903,-168.0,0.1333333333,2.005228926,0.42608740100000003,1.6129793476,-164.0,0.0952380952,-0.18762344890000002,219.3333333333,2.6374514078,0.2885488895,1.1728162534,-5.5,73.5,-0.97429273,0.46709629690000004,13.0,2.4171961968,0.5245039651,1.5738434934,-0.4484415189,3.5807611065,0.32873630600000003,1.8362844401,6.0,0.1357142857,-1.1636586586,149.0,0.1289413622,0.20701754390000002,0.0,85.0,153.0,16.0,5.0746652095,0.30455180200000004,1.6267008888999999,-1.6982910779,5.9,5.4,280.058333333338,3.421133969174999,0.32020869879700004,0.5727488047679224,256.9166666667,0.5166666667,2.8953814721,0.3185267672,1.1316723746,0.0245441819,0.07619047620000001,13.5,17.8356060606,0.0,3.744021137,0.33518618,2.5680566083,-1.0757754036,-0.42605612,0.1123802436,2.0653699993,0.3049270989,1.3618957648,-0.6578210397,-0.3260212652,2341.3833333333,10.0,6.0,3214.0833333333,0.20246270360000002,0.5259533248
s425,1.3599855334,0.3094467602,1.6958823988,2.9,23.3043478261,0.2333333333,16.5833333333,0.2,-0.0014778223,-0.2099448189,4.0839410906,0.4333959214,1.6742548317,-0.3101774752,0.9137517123000001,-1.131344609194273,-2.400691403848218,-11.086455837748222,-11.187759764146794,4.612304942,0.3548869436,1.5608180321,0.5,0.33333333330000003,9.25,0.2,3.0,-0.0146666667,-3.1666666667,8.0,0.2260395365,3.0,-0.0117396046,-1.3203817314,0.0328147788,0.1428571429,0.9367403986,8.8,5.8,2.9688286287,0.41143825310000004,2.2931394782,1.1178387612,-5.591537090193446,0.0027578855,0.7777777778,-0.5208527162000001,1.7210446457000002,0.0,5.3201349372,3.7632420731,0.2040992832,2.4993999257,-1.1652624446,0.2571428571,3.6348828618,115.0,1.2928725743,0.0438060331,4.0,0.7898870468,0.0011568534000000001,0.9989257812000001,0.0012355188,0.6388888889000001,0.6666666667000001,-0.4926949364,-103.0,0.0,1.7813220341,0.643200153,2.1111257366,-341.5,0.0476190476,-0.1840328998,240.0,2.7582777815,0.2867082079,1.8925152481,18.5,111.155,6.462593095033001,0.6205315846,12.0,2.4092852427,0.5657040029,1.6573088304999999,-0.4538194888,4.1682051959,0.3901534412,2.5791745229,43.0,0.1035714286,-1.8768232616,147.0,0.0840353337,-0.022807017500000002,0.0,111.0,174.0,21.0,4.6820300462,0.3123063373,2.0573053591,-0.4978208415,7.0,5.9,251.5,4.4995889467,0.4080294076,1.0685851996280824,225.5,0.5333333333,3.8071618629,0.39644348300000004,2.531027656,0.0072788078,0.009523809500000001,-9.6666666667,89.3690922377,0.0,4.0627275448,0.3517237741,2.4987060509,-0.7979531083,0.057880442100000006,0.0544205649,1.7096586451,0.40799203300000003,1.3234785222,-1.150637162,-0.4743714486,2538.7121212121,1.0,10.0,4452.25,0.8712921405,0.4169467646
s426,0.7006333097,0.3560134198,1.287865878,1.65,36.6666666667,0.2,24.2608695652,0.2333333333,-0.0759482394,-0.5514096531,2.2065005846,0.37558053087700005,3.2936307431,-0.11892375620000001,0.1508133562,-2.547190180608412,-1.3791147169577775,-6.942011064972864,-3.3528258308133405,2.2388423873,0.2440921977,1.7890389331,0.33333333330000003,0.5,15.0,-0.0083333333,1.0,-0.0103333333,-0.8333333333,9.2083333333,-0.0272619048,1.0,-0.0085761905,-0.8642857143,0.1853554823,0.1428571429,0.11433258780000001,9.2,6.9,1.281970279,0.3511707998,2.2912304363000002,-1.544014507,-0.8887444259182768,-0.0231159361,0.0555555556,-1.5629314677,-0.6932752402,-0.0745322285,1.8323069241,1.0779729892,0.0444870769,1.6191079015,-0.5674211716,0.4,3.0348208178280003,139.0,25.7627506452,0.3968411315,9.0,0.6719421387,0.0021969879,0.7594864845,0.002022423,0.6944444444,0.0740740741,-1.5619331456,-127.0,0.3571428571,0.8912430823,0.4206594967,1.9522378187,-183.5,0.19371139409500004,-0.005600132900000001,453.5,2.5386847325,0.3375347168,1.4963929870000001,71.5,-13.0,1.8456844767720006,0.6940009375,4.0,1.2374115195,0.7223520777,1.7731943799,-0.3241927089,1.9630591379000002,0.4025970433,1.8118946219,-72.0,0.0899280576,-1.1268011352,68.0,0.0181338866,0.1456140351,0.0,105.0,137.0,18.0,2.8226877613,0.3511780808,1.5419403509,-0.6040604688,7.2,5.9,277.8333333333,2.3510137656,0.3625402438,0.38004253155891693,318.5,0.5333333333,2.6410493039,0.3791725725,1.3613479167,0.0065327493000000006,0.0857142857,7.3333333333,35.2159986631,2.0,2.0164617788,0.3481664065,2.1847282745,-0.4030783667,-0.2683160039,-0.277383847,0.951297924,0.0881810623,2.02895768,-0.10528853910000001,0.1397096262,2449.5277777778,12.0,3.0,3967.3333333333,0.8166261560000001,0.3682804309
s427,1.3600518938000001,0.3480803919,1.5304954786,2.6,52.3125,0.4666666667,27.8421052632,0.36666666670000003,-0.7211664718,-1.6162033489,3.0512293003,0.4289064334,1.3105022114,-0.2254032085,0.6262619863000001,-0.5425537007017952,-2.1875395565084954,-8.617299202859114,-8.236391484487136,4.5402552179,0.23074187740000002,1.8409528562,1.0,0.0,18.5416666667,0.054166666700000005,2.0,-0.0045000000000000005,-2.0416666667,15.8333333333,0.0434143353,0.0,-0.0035662651,-0.2646518276,0.1679178428,0.12244897960000001,0.6798390487,8.4,7.6,2.3387527152,0.4606368918,1.79336532,-0.2562069013,-1.7429997238069828,0.0011990003,0.8888888889000001,-2.1143956279,-2.3668739314,-0.9927888592,3.3345572188,2.5605078821,0.24871353770000001,1.4929965845,-1.2890129854999999,0.3428571429,3.38738178,178.0,59.8991114415,0.8568707964000001,6.0,0.7865528107,0.0007102496,0.9581481934,0.0014388031,0.5,0.7037037037,-1.3277872177,-63.0,0.1875,1.7410886755,0.4361745772,1.5878246762,4.0,0.1,0.028720880900000002,341.6666666667,2.4049387322,0.3271579955,1.263665743,23.0,24.5,19.0665719988,0.440642957,14.0,1.9633139049000001,0.5573965054000001,2.1793474455,-0.1438428225,2.1571627493,0.4362488177,2.28349006,-97.0,0.1071428571,-2.4396486274,170.0,0.1020058615,0.0350877193,0.0,85.0,166.0,16.0,3.37401031,0.3032395154,1.2061789724,-1.8520488822,5.9,5.8,352.5,2.8936058533,0.3113709692,0.3072340289944371,252.5833333333,0.5055555556,2.5017134504,0.2903705769,1.1824255107,0.0030609450000000002,0.0714285714,67.5,101.9436129481,1.0,2.3573631788,0.3689864041,1.530688547,-1.6681377617000002,-0.31412059130000003,0.24386872,1.8834758654,0.3310187904,1.8174291783,-0.2823647703,-0.4027451246,2188.395,0.0,8.0,4235.1818181818,0.8524613581,0.6024930231
s428,1.0392278859,0.2316992492,1.6232357287,2.5,22.5,0.2,20.0,0.1666666667,-0.6494629227000001,-0.7786332828,3.2031162323,0.3719631504,2.2897438626,-0.46530438160000004,0.7494708904,-0.4212108558606599,-2.4016171975956726,-9.36833426081274,-8.533214855570654,2.0751014751,0.23045660980000002,1.8100529448,0.1666666667,0.5,2.4166666667,0.1666666667,2.0,-0.0023333333,-1.5833333333000001,9.0416666667,0.2176627535,2.0,-0.0067368196,-5.1488794023,0.130152323994,0.25,0.3724823829,9.1,7.8,1.9196098923,0.4419803111,2.0363123823000002,-0.2583160254,-5.502823184477875,0.0037744245000000004,0.75,0.4568080807,0.6732159661,-0.6052089046,3.3455588569,2.1474867208,0.2738222386,2.1537118542,-0.8893284577,0.11428571430000001,4.1867508355,190.0,46.0626954627,0.8291899447000001,10.0,0.6709152937,0.0016770887,0.9056244373000001,0.0018937451,0.47222222220000004,0.7037037037,-0.8406431667,-227.0,0.0833333333,2.0559378183,0.3889549303,2.0511440452,-140.5,0.0714285714,-0.4884554009,284.6666666667,3.2715307918,0.3246170872,1.9529185568,-35.0,31.5,1.9456637694,0.3602623742,6.0,1.6739034934,0.5682341246,1.8518505292,-0.015223068800000001,2.5732264849,0.49514651260000003,2.2465516401,-10.5,0.09677419350000001,-0.9055788737,172.0,0.0334214002,-0.24385964910000002,0.0,75.0,129.0,19.0,2.3883861124,0.2619678445,1.6266011669,-1.0522266945,4.7,4.7,156.6666666667,2.219982424,0.2487371803,0.709508252148107,206.9166666667,0.5277777778,2.6823471028,0.2961407647,1.7404001126000002,0.0025294220000000004,0.0357142857,15.5,105.5048514704,0.0,2.3450659346,0.3432650652,2.3981686291,-0.38779759890000004,-0.5272866457000001,-0.4944483013,1.7919210679000002,0.28494983960000003,1.9196573585,0.1170660136,0.055399532300000005,1903.9037037037,2.0,6.0,4664.9166666667,0.2439572183,0.8969351023000001
s429,0.9589100585,0.09848666880000001,1.5011818715,1.6,16.8888888889,0.1,27.6818181818,0.2666666667,-0.49060035770000004,-1.2880321732,2.4485250611,0.3115821318,1.5231091143,-0.3165155871,0.2265856164,-2.863743165889729,-3.2123687891197386,-6.546379302233755,-3.4293587734166935,2.3346103688,0.24492038130000002,1.0594017238,0.0,0.32666666667199995,19.375,0.0208333333,0.0,-0.0008333333,-0.625,18.5416666667,-0.1352941176,1.0,-0.0025980392,-0.4828431373,-0.0018621124,0.1914893617,0.6877310525,6.5,6.9,1.7842589038,0.4075704359,2.1875004898,0.2875460367,-0.6206842344055751,-0.0236077604,0.0277777778,-0.1827094551,1.8625957103,0.6290409233,4.0620530907,2.3325712482,0.2175104635,1.3860188412,-0.30240432,0.4571428571,3.2852456920909994,190.0,20.223962945762995,0.7631333090000001,1.0,0.7302850601730002,0.0012775068119999994,0.8040046521409998,0.0016606178190000003,0.5600000000009999,0.2592592593,-1.1641000609,61.0,0.2307692308,2.0077628312,0.3315517671,1.3681335266999999,59.0,0.1304347826,-0.1987002708,260.5,2.2421456402,0.2763568757,0.9787431814,47.0,48.5,4.2009831026,0.37564843540000004,12.0,1.0703342411,0.5525699905,2.1398540795,0.24110872860000002,2.6650694596,0.3592755731,1.7038885720999999,-32.0,0.1178571429,-1.8391294272,146.0,0.0087239291,-0.1403508772,0.0,84.0,134.0,20.0,3.0855802239,0.2681836534,1.0814515979000001,-2.3333189205,5.5,4.0,205.5,3.7352912531999998,0.31725067500000004,0.8929147390484653,199.6666666667,0.5555555556,2.2510391082,0.3308785917,1.3644970754,0.004349121,0.069047619,-37.3333333333,142.5431080504,0.95,2.5478642345,0.2722367418,1.5459203703000002,-0.053640795000000005,-0.4158979514,-0.22280405120000002,1.0077505239,0.0636826778,2.4039238272,-0.5715737873,0.2939569953,2710.2981481481,1.0,5.0,6409.4583333333,0.6865096276,0.3257203909
s430,1.1580295206,0.1998045674,1.6924958033,2.3,29.0909090909,0.2666666667,19.347826087,0.2333333333,-0.5414239583,-1.1099479351000001,2.4637223515,0.35878605410000003,1.7263631956,-1.0850721351,0.2303424658,-3.427094914577552,-3.418904602237196,-6.628171358226833,-4.8497631963038925,2.6950809466,0.2668753184,1.4466049898,0.1666666667,0.6666666667000001,8.0,0.0666666667,1.0,-0.002,-2.75,16.1666666667,0.0908004901,1.0,-0.0021686747,-4.6101694915,0.3154680378,0.3617021277,0.505265285,7.9,6.3,0.80443611,0.3892162183,2.2360628985,-1.1216376296,-2.8538741054481607,-0.012792957,0.1944444444,-2.578469426,-6.4496069722,-0.3898088242129998,2.654034818725,1.3912517121999999,0.35495029440000003,1.208167257,-1.2083775268,0.2857142857,3.5486526974,117.0,2.3916188301,0.3492235958,5.0,0.7857666016,0.0016728677,0.999609375,0.0018542194,0.6666666667000001,0.2222222222,-0.7934903297,-264.5,0.0952380952,1.4620103516,0.4166166109,2.0842710746,98.0,0.2941176471,-0.5511046631000001,491.6666666667,2.1670521993,0.3428989454,1.595421183,-21.0,-22.5,3.091142986644999,0.6430235714,5.0,1.1611729203,0.5720102264,2.3611708987,-0.5540473562,1.9521981216,0.40529554910000004,1.9874275607,-102.0,0.1071428571,-2.2227172593,102.0,0.036936743,0.1617647059,0.41890063939426836,89.0,145.0,17.0,1.2709165045,0.3039448221,1.3681023465,-0.8549166867,4.7,4.2,259.6666666667,2.2364669582,0.333156557533,1.2108700864940276,335.4166666667,0.47222222220000004,2.003296282,0.3597462173,1.4316036715,-0.0007463742,0.0857142857,-24.5,-16.0906084656,1.0,2.2007486518,0.3446141734,2.180796762,-0.36636992630000004,-0.6188019022,0.2359541558,1.2555128527,0.24481797630000002,1.9101138782,0.4395246298,-0.47453406400000003,2155.2894179894,14.0,2.0,3330.5833333333,0.8174712713000001,0.3280157393
s431,0.8091609307000001,0.2193730049,1.7369200504000002,2.15,24.6153846154,0.1333333333,9.7916666667,0.2,-0.5095812557,-1.1298372631,4.2725552901,0.2733115483,3.7096680438,-0.7683524029000001,0.1150462329,-2.867953697945374,-2.0452916186642027,-5.406599434676067,-3.862123199995504,3.0272899183,0.2519007336,1.6331419062,0.8333333333,0.1666666667,11.9166666667,-0.0166666667,2.0,0.007333333300000001,-3.5,5.1666666667,0.006087735,2.0,-0.0055828111000000005,-1.8191584602000002,0.1450422804,0.2653061224,0.9192512275,7.5,7.9,1.6950559711,0.4324269565,1.990474108,-0.043095162,-3.907923071654679,0.0103597237,0.4166666667,-1.2688008286999999,-0.0691323611,-0.5829502892,2.6385324132,1.7669445493,0.2550714351,1.627479581,-0.9575666758,0.1428571429,4.0502743994,170.0,7.6113128603,0.3752535483,7.0,0.7071331978000001,0.0015986385,0.6418075085,0.0011421082,0.6388888889000001,0.4444444444,-0.5381670716,-267.0,0.0769230769,1.3116044975,0.39111610090000004,2.1542450958,-196.0,0.1818181818,-0.5798615296,243.1666666667,3.4579449729,0.2778664724,1.492489927,6.0,-19.5,-0.2197047665,0.4791904273,10.0,1.4762217009,0.4387792059,1.78998517,-0.46085573280000003,4.0638689146,0.4269380421,2.0067194394,14.0,0.11428571430000001,-0.8503142916,66.0,0.0146280322,0.1558307534,0.6931471805599453,75.0,110.0,17.0,2.3382362690000003,0.2519919344,1.651889973485999,-0.0029701953000000002,6.2,5.9,274.5,3.7157038228,0.34831124020000004,0.21205771126882703,284.1666666667,0.5,2.8389608958,0.3011616035,1.4043708701,0.0018299588,0.0357142857,51.0,140.2853416149,0.0,2.5335400628,0.2455850951,2.9932176878,-0.5750000131,-0.6642634679,-0.096271219,1.9289757765000002,0.2867299612,1.7455594405000001,-0.5342912958,-0.44014971740000003,2473.145,8.0,8.0,4030.5,0.860105623,0.8080970116
s432,1.1234448200530003,0.19769701842399992,1.622434925229,2.2050000000000005,28.807692307700002,0.1333333333,27.9166666667,0.2,-0.530321959,-0.8593492067,3.6639092545,0.29141977410000003,3.5078706651,-1.4367854945,0.0839229452,-2.8715768911613018,-3.4159807765464727,-5.726211628054135,-4.059928984880251,5.1819468,0.2124221185,1.9114159840849996,0.5,0.1666666667,10.4166666667,0.06720833333400006,3.0,-0.0143333333,-4.9166666667,23.7916666667,0.1490670427,1.0,-0.0056519852,-1.9254719028,0.0103717193,0.125,0.9014554715,6.9,7.0,2.039759518,0.6036098337,2.020938563,-1.2641840623,-1.53532994020895,-0.0101128667,0.0,-3.1870475671,-2.7033972982,0.0,5.3201349372,3.8143106483,0.0396400131,2.6682168097290004,-0.7017421781000001,0.0571428571,4.5619233948,224.0,4.755929149,0.1346114405,5.0,0.8252872467,0.0010259648000000001,0.8883224487,0.0011020949,0.47222222220000004,0.0,-0.600866062,-121.3,0.0,2.4090855856,0.469885382,2.3339393222,-481.0,0.0454545455,-0.1934749296,216.1666666667,2.8826142518999998,0.26498877600000004,2.5328661411,2.5,103.4,-0.7024577175000001,0.4045095241,6.0,1.8456522684,0.7612500619,1.9020278165,-0.8726814037,3.1284911472,0.4454553766,2.6164048276000003,-12.0,0.1107142857,-1.2014178177,83.0,0.0354808379,0.0596491228,0.0,104.0,165.0,20.0,4.5839180527,0.30410314110000003,2.1173804707,-0.001210445,5.8,5.4,230.8333333333,4.1556355854,0.2597401066,0.9012097212466608,222.5416666667,0.5388888889,3.6573818828,0.1802509703,2.1124168864909993,0.0062614522,0.0071428571,32.25,-24.8418033943,0.0,2.6873162234,0.3428355637,3.0681004852,-0.3761228393,0.0933039704,0.09697069330000001,2.248728238,0.34146073600000004,2.1078411321,-0.0018548711000000002,-0.5024849144,3104.1333333333,4.0,7.0,3587.4166666667,0.2207866545,0.5033829585
s433,0.9989460864,0.12911551370000002,1.5990046437,1.35,35.2631578947,0.36666666670000003,21.8947368421,0.36666666670000003,-0.1748246467,-0.9562231351,3.2989085606,0.4155688856,1.7648702632000002,-0.0568569645,0.032432363,-3.4598355362492166,-3.3374752252220845,-6.664835744584322,-4.6326162646775995,4.3453339872,0.2576139554,1.6647344203999999,0.0,0.328333333333,13.7083333333,0.0458333333,1.0,0.0015,-3.7083333333,11.7916666667,-0.0598809524,1.0,0.0014619048,-2.5154761905000003,-0.0462156731,0.22916666670000002,0.19356999330000002,7.3,4.8,2.72690032,0.4117621415,1.9184368075,-0.3366637121,-2.872916706353859,-0.0133693124,0.1111111111,-2.8497431115,-1.5065577551,-1.0185708727,3.2829931918,2.3494027601,0.2832248141,1.2113546818,-0.6980313333,0.1714285714,3.2931327483,117.0,3.8524855568,0.6700203328000001,9.0,0.7862985611000001,0.0011122304,0.9648925781000001,0.0010792719,0.7222222222,0.2222222222,-0.8848933733000001,-484.5,0.2608695652,1.1128005483,0.3710627655,1.9545136270999999,326.5,0.2222222222,0.278401265,241.5,2.4918330139,0.29557688077899996,2.7533582977,6.0,37.5,0.9572058527990002,0.3266987005,11.0,1.3570832366,0.45780925320000004,1.7736964201,0.2870666098,2.7701782038,0.3872832928,1.5589333501,-13.5,0.10370370370000001,-2.9812583568,154.0,0.08804185610000001,-0.2,0.0,84.0,131.0,23.0,2.7726170984,0.29059463700000004,1.2282275423,-0.3341089709,6.1,5.3,277.0,2.2944972727,0.39348260090000003,0.28500028620043566,267.0,0.5277777778,2.9264671795,0.3283217531,1.3405332511,0.014425735,0.054761904800000004,26.6666666667,19.3306766763,0.0,2.951418853,0.3218666939,2.0502765317,-0.9733620504,-0.4601985333,-0.18192973210000002,1.4544242056,0.3510250077,1.5751065051,-0.5667204929,0.2671270691,1959.6991341991,7.0,10.0,3796.1666666667,0.8923636607000001,0.3758207328
s434,0.9244917090000001,0.5813434392,1.3405862852000001,1.8,37.0,0.33333333330000003,24.1666666667,0.4,-0.9267672624000001,-0.9607955532,3.8252885881000003,0.3085072815,2.5071446807999997,-1.4740120009,0.6837517123,-1.5516779861779124,-3.221490542765627,-9.056746704394303,-6.929754497018297,6.037766171,0.3017751093,1.8018899843,0.8333333333,0.1666666667,13.9583333333,-0.0208333333,2.0,-0.0058333333,-3.125,29.8695652174,2.9143354399999997e-16,2.0,-1.110223025e-16,-1.0,0.1273562125,0.12244897960000001,0.3435296565,7.3,6.2,2.4005264302000002,0.4889142649,1.9319097172,0.8144389158,-3.1939159845716993,0.022161932000000002,0.1666666667,0.2677776051,2.7805915766,0.0,5.3201349372,4.2247974337,0.1579655651,2.7815945225,-0.5402436899,0.0285714286,4.8849203713,172.0,10.925098711,0.2565783653,8.0,0.8313476562000001,0.0016363106,1.0,0.0015258532,0.6388888889000001,0.40740740740000003,-0.9565170836,-350.0,0.25,1.4848918550999999,0.6356156328,1.6913534258,-261.5,0.1666666667,-0.5684271477,316.5,3.2385777047,0.3416301057,1.6738308086,-14.0,70.5,6.8145159267,0.41895740610000004,10.0,1.9964372947000002,0.6518857974000001,1.7723059175,-0.2547676312,3.6323313164,0.45563419060000004,1.7803683383000002,-13.0,0.09285714290000001,-1.8789212459,149.0,0.0791837974,-0.0403508772,0.0,96.0,139.0,20.0,3.3280030031,0.2527312879,1.9076472117,-0.1716799668,5.3,4.9,280.5,4.4412371099,0.3123849576,0.6141974124686285,265.75,0.5111111111000001,3.3261140457,0.3395812393,1.458730534,0.0086117875,0.0404761905,41.1666666667,48.1065088757,0.0,2.0955758822,0.32854689540000004,1.8045281383,-0.9033434074000001,-1.1939290855,-0.2494206009,2.1774842719,0.3326201064,2.0941148933,-0.0950224719,-0.429445208,2194.5583333333,1.0,7.0,4624.6666666667,0.6682028853,0.4220962587
s435,1.0776442238,0.3129176542,1.3314830617,1.85,34.05,0.33333333330000003,33.3888888889,0.4,-0.41908363200000004,-0.8132932816,3.1834442305,0.4310830526,1.6352384018000001,-1.1700818678,0.31968749999999996,-2.368128685446618,-3.1298509220080404,-6.070881547243981,-5.535497876616018,3.6871720742000003,0.3371285705,1.3108324528,0.33333333330000003,0.33333333330000003,13.75,0.05,1.0,0.0013333333,-5.5833333333,13.460375776398001,0.03412094961700002,1.07,-0.0030626544270000024,-2.158002258214001,0.0412031878,0.4081632653,0.7786235465,8.1,8.3,1.4573120322,0.45326277670000004,1.9436699912000002,-0.7187292252,-3.0825406209737007,-0.0237485715,0.1111111111,-2.7491625717,1.9775645772,0.0,5.3201349372,2.4417320112,0.2877537966,1.3632334786,-0.8900614110539996,0.0,3.9220848820929985,213.0,2.3916188301,0.3492235958,5.0,0.733511734,0.001101793,0.9318847656,0.0017476265000000001,0.5277777778,0.6296296296,-0.7085313194,-211.5,0.4545454545,0.7327960419,0.2401223659,2.3933769578,-297.0,0.4117647059,-0.4805065324,354.3333333333,2.365412318,0.3311535598,1.6810875368,33.0,65.0,8.7038222499,0.4909330055,9.0,1.9316824496,0.5220552162000001,2.1301250502,-0.2618283471,3.1679457564,0.4631759346,1.4574158084,21.5,0.11428571430000001,-2.3790311953,108.0,0.0472483387,0.1807017544,0.0,85.0,128.0,19.0,2.7934347743,0.3276423888,1.4933564188,-0.4595972326,5.8,5.6,326.6666666667,2.7755582899,0.3988920769,0.2175415913556085,258.75,0.5111111111000001,2.9453578124,0.3696512636,1.7302872304,0.0061583817,0.038095238100000005,19.1666666667,46.7081707164,2.0,2.5938582427,0.4733473912,1.3576508148,-0.8989594683000001,-0.3466618024,0.0032692050000000003,1.7043326270999999,0.4062534441,1.5263063608,-0.5808353751,-0.25833857920000003,3416.0770833333,9.0,5.0,4007.0,0.8256395602000001,0.6630660266
s436,0.9308571847,0.096850377,1.4591311544,1.5,4.0344827586,0.033333333300000004,3.0689655172,0.033333333300000004,0.038105891,-1.1505633412060003,1.1758130246,0.4158462274,1.35225868,-0.4848238918,0.0521232877,-3.267851152554339,-3.3374752252220845,-7.355434091030376,-5.514419814491306,0.755662858,0.3127154043,0.9546247895000001,0.1666666667,0.1666666667,9.1666666667,0.0416666667,1.0,-0.0063333333000000006,-0.5833333333,1.0,0.0,1.0,-8.825405684e-17,-2.2204460489999999e-16,-0.1488356535,0.2127659574,0.6983636008,6.9,4.4,1.7238772236000002,0.48459820280000004,1.324399922,-1.6392035941,-3.1464423091917215,0.0173727846,0.30555555560000003,-2.8342995448,-1.0252233116,-0.3884511935,3.7790742791,2.3398733808,0.2181704753,1.9482593897,-1.0385004382,0.2571428571,3.3813588491,125.0,25.7627506452,0.3968411315,9.0,0.7007478476,0.0015426873000000002,0.8303497314,0.0021841793,0.75,0.1111111111,-0.28756797970000003,-167.5,0.1111111111,1.7651843689,0.4565260501,2.0871394224,49.5,0.0666666667,-0.19342200880000002,322.00833333333503,2.9442413811140016,0.3338092975,1.6566214205839997,21.555,69.485,3.1272232032579983,0.7037664690000001,4.0,1.2105248564,0.5644757561,1.8036096535000001,-0.1019667383,2.2357789874,0.4999731323,1.9754839911,20.0,0.1086956522,-0.9717451166000001,136.0,0.0815339015,0.2600619195,0.6931471805599453,114.0,163.0,15.0,2.5095621187,0.3508169484,1.2585093119,-0.9490737089,4.5,4.6,268.5,3.5346251584,0.3912779786,1.0438285031065824,346.5833333333,0.5277777778,2.8069491776,0.35277236230000003,1.6497800865999999,0.0044275772,0.0642857143,12.1666666667,-4.8316498316,0.0,3.2075414629,0.324487556,2.6748027013,-1.7715410404,-0.21983871030000002,0.2035889343,1.0823242034,0.030158732100000002,2.2613802492,-0.6510074263,-0.30955840831099996,2089.5240740741,5.0,7.0,4949.25,0.8983426313,0.3589471665
s438,1.2486156097,0.2124989695,1.7307189622,2.45,17.0909090909,0.2666666667,30.7894736842,0.36666666670000003,-0.4671358956,-0.9310296886,2.687779984,0.38776403600000003,1.5698420052,-0.8151568514,0.5812517123000001,-1.0076853386030424,-1.5120206763056125,-8.454316519134862,-8.708831413871561,4.9586276849,0.24077125800000002,1.9588240704,1.0,0.0,4.6666666667,0.0833333333,3.0,-0.0033333333,-1.25,4.5416666667,0.2322042467,3.0,-0.0062920121,-2.6814964611,0.13096701600000002,0.10416666670000001,0.6437449211,8.3,8.5,2.9678253556,0.3833072557,2.3592446374,-0.8005097116000001,-5.140148879812182,0.0015578633000000001,0.8611111111,-2.0846815199,2.5222663775000003,0.0,5.3201349372,2.5765794856,0.1926249186,1.2408562599,-1.4375347416,0.4571428571,3.0903382679,173.0,7.6113128603,0.3752535483,7.0,0.9532516479,0.0011589369,1.0,0.0011088278,0.5277777778,0.7037037037,-0.6087743002,-88.33,0.0,1.9064695266,0.3368623747,1.9640924327,-161.5,0.1428571429,-0.046673978500000005,375.5,2.662780169,0.34923646080000004,1.5618507963,34.0,10.5,4.7737062618229995,0.5803056543,17.0,1.3748616198999999,0.48186268050000003,2.0341366385,-1.1277486954,3.7218668995,0.42595981990000004,1.7687480066,33.0,0.1035714286,-1.5772143822,134.0,0.1096885979,-0.09824561400000001,0.0,91.0,148.0,20.0,2.7899331658,0.23323159540000002,1.4678367759,0.0862933045,6.0,6.0,260.8333333333,3.2691500989,0.2607390032,0.9293026632023885,292.3333333333,0.5277777778,2.9778135444,0.3246530595,1.7423835845000002,0.015493424200000001,0.0452380952,30.0,33.0158027813,0.0,3.0418921904,0.2724424939,2.4957259943,-1.1912750833,-0.7125327486,-0.24199989100000002,2.3297728273000002,0.3353782007,1.6551948757,0.0753405046,0.2373142865,2247.1666666667,2.0,10.0,3951.5833333333,0.20714367,0.1369455738
s439,1.6510590997999999,0.1193050927,1.9410509497000001,3.3,40.9090909091,0.2666666667,20.0,0.30000000000000004,-0.3916523353,-2.0367016034,2.4123970302,0.3575865023,1.2220548914,-1.1898444207,0.1367046233,-2.3059469015453415,-2.256963675432041,-5.861984324402243,-3.318950449385256,3.8060953548,0.2738274511,1.0946974255,1.0,0.0,16.8333333333,0.14583333333800003,3.0,-0.0173333333,-2.96416666667,11.4166666667,0.2504476276,3.0,-0.0099355416,-4.6732318711000005,-0.0425151894,0.1458333333,0.8898879492,8.7,6.9,3.3097709792,0.2941438319,2.1525530257,-0.2145877982,-2.0096509319373417,-0.019487588900000002,0.0277777778,0.08724895760000001,2.4733640368,0.0,5.3201349372,3.3581436742,0.1848580198,1.3973856376,-1.2083775268,0.2857142857,3.5486526974,183.0,59.8991114415,0.8568707964000001,6.0,0.5813409686000001,0.0014487368,1.0,0.0018203864000000001,0.6111111111,0.1111111111,-1.2718498049,-107.0,0.1666666667,1.8145682163,0.354815,1.7100241576,-454.0,0.1764705882,-0.6199994741,279.1666666667,2.0807822632,0.2274951259,1.3881849225,16.5,143.0,-0.5032158946,0.5057742513,17.0,1.9410754726000001,0.44685376120000003,1.8600324224,0.08571413480000001,3.2437353026,0.3647618193,1.6736011077000001,12.0,0.1285714286,-1.1097259642,158.0,0.0715242251,-0.1,0.0,107.0,151.0,22.0,3.6570917274,0.2780236332,1.0028246591,-1.0697441189,6.9,8.3,220.0,2.7171996587000002,0.2629644306,0.6554511945112879,203.3333333333,0.5222222222,2.9780048259000003,0.29102686650000004,1.4254659037000001,0.0072936266,0.0452380952,38.6666666667,37.8918382914,0.0,3.1226426717,0.3152203518,2.0972760196,-1.4991435771,-0.9371245824000001,-0.029658538600000003,1.8022340006,0.2605111835,1.3054986221,-0.4416847602,-0.7473254258,1468.4314814815,10.0,8.0,4286.5,0.17608351600000002,0.2579547215
s440,0.7461617965,0.2125289457,1.0674331386,1.4,52.7777777778,0.4,30.5263157895,0.36666666670000003,-0.1818162307,-0.9771886808,4.4491493238,0.35181040300000005,2.3332441778,-0.8499025309,0.3446875,-2.47543113698962,-3.249564545802508,-6.292835675276178,-5.627714471048299,4.1008584404,0.276745173,1.4868900047,0.8333333333,0.1666666667,11.125,0.0791666667,2.0,-0.00016666670000000001,-4.875,11.375,0.12002518890000001,1.0,-0.0028765743,-2.9647355164,0.5059221124000001,0.2857142857,0.2636682354,8.6,6.4,3.0085653149,0.34155744790000003,2.5099731846999997,0.6565397735,-3.261036556242721,-0.02379778,0.1388888889,-1.3671604372,1.0312096001,0.1910395678,4.9380558016,2.7994776389,0.2661159722,1.3905123408,-0.8075379761,0.0857142857,4.3503317988,147.0,36.916090177465975,0.9992780966,7.0,0.7121234894,0.0008184264000000001,0.8977050781,0.0017858348,0.6944444444,0.33333333330000003,-1.0986942156,-115.0,0.75,0.8653116636,0.4460491358,1.5360214158,-32.0,0.2,-0.42532121230000003,368.568333333338,2.6840433498599996,0.328307035932,1.409728827568,27.565,65.725,2.491158742742001,0.466197171,7.0,1.9872685638,0.5144850776000001,2.0154546546,-0.732635235,2.5500268976,0.4198797161,1.8279669173,64.5,0.09285714290000001,-1.6713055512000001,99.0,0.0508115196,0.27192982460000004,0.0,115.0,168.0,14.0,4.2896571143,0.3106506404,1.4917427792,-1.2646112465,6.2,6.1,335.548333333334,2.939714093683001,0.3309716690170001,0.5235717323679403,325.0833333333,0.55,2.2515542123,0.3484066428,1.2173759116,0.0119925598,0.1,8.1666666667,17.4380733945,0.67,1.9329846356,0.34720692750000004,1.8234681738,-0.1881064711,0.0375009757,-0.0591161143,0.5188806815,0.0907773952,1.8438280587,-0.9848284074,-0.06722017620000001,3650.0119047619,7.0,3.0,6335.7916666667,0.1735041303,0.7257394383
s441,0.6064825125000001,0.011053063600000001,1.9015674015,1.55,29.35,0.33333333330000003,24.7058823529,0.4333333333,-0.4178655089,-1.0846143275,3.4323942793,0.3853771446,1.9133044416,-1.0112664693,0.5937517123,-1.1183529486643022,-2.245787284330996,-8.113980618361367,-7.310484183910796,3.4402932077,0.3438242864,1.7710994161,0.1666666667,0.6666666667000001,10.0,2.0816681709999999e-16,0.0,2.6020852140000003e-18,-1.110223025e-16,13.1666666667,-0.0170212766,1.0,0.00017021280000000002,-4.4964539007,-0.1576093857,0.2083333333,0.7442672490000001,6.7,5.5,1.924814741,0.4275083215,2.2817461765,-0.7811447005000001,-3.3399115516685054,-0.0183721926,0.2222222222,-1.5626107290000002,-1.193809451,0.1954308362,4.9292732649,2.4123321676,0.35805469700000003,1.6569325918,-0.9437793146000001,0.2,3.5708010963,179.0,2.3916188301,0.3492235958,5.0,0.7985671997,0.0017424483,0.9886718750000001,0.0016435172,0.4444444444,0.4444444444,-1.1988016987,-156.0,0.5,0.739588063,0.43583931633999995,2.1904203472,-286.0,0.15480704839099999,-0.5632986672,372.3333333333,2.3044314762,0.3401449428,1.7958043423,43.0,60.5,2.201724780853999,0.7661515078000001,11.0,1.6499817905,0.4899163211,2.4152006957,-0.024594391400000002,2.3792674005,0.4689859659,1.8320468362,-36.0,0.0866425993,-0.37719503260000004,53.0,0.0166330672,0.20526315790000002,0.0,118.0,138.0,18.0,3.5785780228,0.25464952500000004,1.6033402881,-0.7489427994000001,5.1,5.5,330.3333333333,2.9400501481,0.35828360843400014,0.5825156148871327,318.8333333333,0.5277777778,2.5574687887,0.3394191126,1.755597586,0.0026924870000000004,0.0523809524,98.0,51.7946169772,0.0,2.8969213198,0.3318333645,2.8797344232,-0.9860986582000001,0.2294741776,0.2258776147,1.6177924384,0.2631269506,2.1191527505,-0.41561274540000004,-0.7889580671,2517.875,-5.0,8.0,5299.0,0.2099747325,0.1588319678
s443,1.0566702774,0.1578583676,1.6376980292,1.9,54.0,0.4666666667,36.0714285714,0.5333333333,-0.7160105632,0.08383654310000001,4.5435480208,0.3550522947,2.7652358851,-0.548350707,0.1399092466,-1.9570420854864756,-3.442608161982756,-7.488102306740923,-4.442573134541916,4.6483141781,0.21999068830000001,2.2747910816,0.6666666667000001,0.0,18.625,0.07083333330000001,1.0,-0.0008333333,-4.0416666667,17.875,-0.054166666700000005,1.0,0.0008333333,-2.4214285714,-8.67361738e-17,0.0,-2.0816681709999999e-16,8.9,8.0,1.7433166611000002,0.5059765866,1.875315713,-1.080154531,-2.7884537022680944,-0.007367194200000001,0.0555555556,-3.9108041225,-2.028351875679,-0.41409998494999994,1.1259469243,2.0578122585,0.3460543486,1.0217210854,-0.8893284577,0.11428571430000001,4.1867508355,150.0,0.0331595576,-0.6040336065,3.0,0.6292142868,0.0009793858,0.8637496948000001,0.0014990718,0.6666666667000001,0.5185185185,-1.5326121299,-75.0,0.2727272727,1.7774784329000002,0.34968089750000003,2.0257391916,-139.225,0.0,0.0662552257,332.5,2.4890920339,0.27523892450000004,2.1702887135,0.0,119.0,3.964985463475,0.5373508218,12.0,1.7974485628,0.7661122399,2.1166190893,-0.8460504764000001,2.7141070588,0.4679884519,1.7740058729000001,41.0,0.1182795699,-2.0395518934,67.0,0.0182268605,0.11754385960000001,0.0,107.0,157.0,19.0,4.3345592241,0.2798657254,1.8295830779000002,-0.8874636097,5.2,4.9,301.5,2.8499673669,0.3601225785,0.44331542526173384,269.9166666667,0.5055555556,2.3756606212999998,0.3732997353,1.8046307257,0.0040938182,0.0428571429,17.5,98.100980192,0.0,3.4518217625,0.41472033410000003,2.118218014259001,-0.5424906068,-0.6721352109000001,-0.5185840451,1.4499240893,0.37852637920000004,1.6331414080000002,0.1247804925,-0.48974825920000004,3433.9907407407,2.0,8.0,4404.3333333333,0.1939935633,0.6572922504
s444,1.6645871277,0.3593737662,1.4400975135,2.9,9.8965517241,0.033333333300000004,6.7916666667,0.2,0.0055915189,-0.8563295287,3.6886516085,0.3522019342,2.5622780031,-0.8520847663000001,0.5744811644,-1.3055480022361738,-3.1493665347483084,-8.54987238702531,-6.309598294426793,2.6501248833,0.21609603770000002,1.9075872723,0.1666666667,0.5,7.3333333333,-0.025,2.0,-0.0026666667,-1.1666666667,5.5833333333,-0.0226419032,1.0,-6.510850000000001e-05,-0.9709933222,0.3106767944,0.3265306122,0.6552189127,7.8,6.8,1.7997042538999999,0.3978425378,1.6330547891,-1.2565975813999999,-3.556394404215085,-0.0209595131,0.1944444444,-4.4096816793,-3.5085748511,-0.5629734621,4.194188013,2.8758453618,0.1938789129,1.9160013022,-0.8075379761,0.0857142857,4.3503317988,180.0,7.6113128603,0.3752535483,7.0,0.8120243073000001,0.0017951515,0.8875045776,0.0019007887,0.6944444444,0.37037037040000004,-0.9560761332000001,-109.0,0.23529411760000002,1.7598156083,0.6083870515,1.5505657418,-102.5,0.1,-0.5138477892000001,266.1666666667,2.8713141128,0.2537461314,2.1962760694,40.5,98.025,21.3335135227,0.3475217539,12.0,1.6351186234,0.4816828394,1.8572743416000002,-0.3478517487,2.3767260723,0.28001337600000004,2.9328865699,22.0,0.075,-1.8556639353,177.0,0.1030410611,-0.0681114551,0.6931471805599453,86.0,153.0,24.0,3.295349976,0.2781581658,1.4238718569,-0.8907235261,6.0,4.9,247.1666666667,3.4856593793,0.3478106735,0.8567033313601782,267.9166666667,0.5444444444000001,2.9270705819,0.34639471520000004,2.2637799185,0.0071206334000000005,0.021428571400000002,27.1666666667,126.8713075061,0.0,3.6820224292,0.27385263600000004,2.404807623,-0.8206754724,-1.6521297262,-0.1590456941,1.7369650915000001,0.2767724723,1.9537433509,0.14571605240000002,-0.1719813885,2190.4833333333,4.0,10.0,3020.6666666667,0.197842486,0.244265377
s445,1.4036156273,0.3398870661,1.3122188581,2.441333333333,20.0,0.2,15.9090909091,0.2666666667,-0.44791112180000003,-1.2408918744,3.5750434219000002,0.4481176906,1.0782228326,-0.7330019916,0.5437619863,-0.6717644164553951,-2.76269264553161,-8.13428730652605,-7.530730336978413,4.3147366229,0.28900949470000004,1.5072765592000001,0.8333333333,0.0,2.7916666667000003,0.07083333330000001,3.0,-0.0041666667,-1.7916666667,2.8333333333,0.0562047797,2.0,-0.0062894102000000006,-1.2759263319,0.1686906602,0.1632653061,1.0088319717,7.8,9.6,3.0257470067,0.46419319950000004,2.0082438644,0.2551423587,-4.976841066179563,0.0060728059000000004,0.6388888889000001,-0.2260343622,1.4891991575,0.3298219498,4.6604910377,3.4104978089,0.2286223645,1.4978290090000002,-1.1195720593,0.22857142860000002,3.7262636324000002,181.0,59.8991114415,0.8568707964000001,6.0,0.7629388809000001,0.0011875193,0.9790039062,0.0020530422,0.7777777778,0.6666666667000001,-1.5708133163,128.5,0.2222222222,1.8278347147,0.48736092150000004,1.4995533763,-455.5,0.0666666667,-0.2697968669,341.1666666667,3.0557546754,0.3311431517,1.0831463706,34.0,29.5,-13.1431584895,0.5108936494,11.0,1.7994311858,0.5526225669,1.4924104407,-0.0358712203,3.497510194,0.3750359189,1.6554356879,-16.0,0.0678571429,-1.3770356498,180.0,0.0707143035,0.0035087719000000002,0.0,108.0,203.0,25.0,4.642104457,0.2945288207,1.708047086,-0.26443284100000003,6.7,5.1,301.8333333333,2.8413442854,0.4048039671,0.1771675429871719,277.5,0.5222222222,3.4755694149,0.34953000900000003,1.3480121042,0.0110779806,0.05,47.6666666667,44.7258928571,0.67,1.8536264387,0.34875242630000003,1.5268518649,-0.4508932169,0.38481558200000004,-0.2679912897,2.1361780047,0.34538151840000003,1.4627541216,-0.7230098115,-0.17186957020000002,2984.6166666667,6.0,9.0,3385.8333333333,0.6444939448,0.5964793091
s446,1.4755164442,0.31839672880000003,1.4304770351,2.85,28.25,0.29833333333500006,35.2380952381,0.30000000000000004,-0.6463808261,-0.12301984090000001,4.3896938152,0.313347252,2.8948846507,-0.6322992496000001,0.6110933219,-2.8575797264304517,-2.4556604385338505,-8.420321050290688,-4.674076954039193,4.4915110261,0.1570955374,2.4925839534,0.6666666667000001,0.1666666667,14.1666666667,-0.0416666667,2.0,-0.006666666700000001,-3.3333333333,10.5833333333,0.0371428571,2.0,-0.0079428571,-2.7285714286,-0.0515205725,0.0625,0.9573345259,6.1,7.9,1.4515550088,0.6176803683000001,1.8522540534,-1.3101456385999999,-3.6095844683763243,0.0144721556,0.33333333330000003,0.7013484415,2.702289487,0.0,5.3201349372,4.9526113423,0.045066083800000004,2.5439811110550004,-0.5749801717,0.0571428571,4.308399382,270.0,10.925098711,0.2565783653,8.0,0.7371804237,0.0009380799000000001,0.8735153198000001,0.0017186378000000001,0.47222222220000004,0.37037037040000004,-0.8111804235000001,-234.0,0.2222222222,1.8096586794,0.4169051181,1.9132118045,143.0,0.0625,-0.43953048380000004,269.0,3.5182363505,0.3167810855,1.5053235556,9.0,68.0,11.3182983619,0.3280554049,18.0,1.1186944229,0.5915865338,2.2260156908,0.1593424718,3.1815995477,0.4003641636,2.1024585171,18.0,0.0785714286,-1.5729478849,143.0,0.0328482607,0.201754386,0.0,59.0,121.0,23.0,3.7365157439,0.3199006863,1.1300862179,-0.5451116621000001,7.3,6.0,292.5,4.4381616978,0.30150401930000004,0.5132924331084643,273.0833333333,0.5,3.3541797652,0.3110309348,1.5568447318,0.0170850625,0.0261904762,36.1666666667,-59.1558571778,0.0,3.2391382616,0.4000444823,1.5136162082,-1.7414175086,-0.7970411371,-0.6994076936,2.0583294367,0.38326890410000003,1.612880104,0.5132260719,-0.06250313760000001,1646.6106060606,1.0,9.0,3307.8333333333,0.3533319467,0.1831966041
s447,1.0571931359,0.19808167100000001,1.7709884722,2.05,34.037037037,0.1,44.4666666667,0.5,-0.9276969012,-0.6638898115,2.9194018218,0.3261657756,2.2767652561,0.1124349476,0.9062619863,-0.281245071930756,-2.2165389656114516,-10.3332801898857,-9.359617944700465,3.9939739281,0.29345502900000003,1.1036579078,0.5,0.33333333330000003,20.0416666667,-0.07083333330000001,1.0,0.0008333333,-2.7083333333,22.1666666667,0.24397590360000002,2.0,0.00032713910000000003,-3.7033898305,0.21856301990000002,0.1632653061,0.6612832612,8.1,7.0,2.4891528522,0.4449444138,2.4234974057,-0.7529489522,-6.984013515143548,0.0009519260000000001,0.8888888889000001,-2.8760807134,-2.9792144005,-0.556638505,2.8875701281,1.6846043701,0.0593275505,2.5793690653,-0.7625664513,0.11428571430000001,3.9332268227,134.0,0.0331595576,-0.6040336065,3.0,0.7904842377,0.001833355,0.8710342407,0.0017533939,0.6388888889000001,0.7777777778,-1.3135916819,61.0,0.05,2.1462521273,0.5480036324,1.6503134954,-309.5,0.0952380952,-0.458344364,332.930000000004,2.7554182917700007,0.311179864875,1.5083796325290002,21.125,65.785,4.820616707984,0.3675359805,15.0,1.6555342107,0.48891154340000004,2.4565342119,-0.7876114728,2.8784190962,0.4485426329,2.0403230092,-28.0,0.09712230220000001,-0.9501715655,102.0,0.0151919987,0.1964912281,0.0,101.0,181.0,18.0,2.4639574108,0.2786809738,1.4189178231000001,-0.3524695016,6.9,7.6,267.6666666667,3.8156340792,0.4041053686,0.3952991024001802,283.6666666667,0.5055555556,2.7126017454999998,0.2993279271,1.2855895281,0.005846873000000001,0.0833333333,38.0,45.6772784706,1.0,2.0967269984,0.31521359930000004,1.6453907795,-1.3832034447,-0.33647364150000003,0.17602775950000002,1.6730067034,0.1470950923,1.9085075784,-1.034485639,-0.136638523,1728.9444444444,0.0,12.0,3501.8333333333,0.30204783290000004,0.4373795111
s448,1.7291614542,0.30227870290000003,1.790984251,2.55,39.0,0.2666666667,22.5909090909,0.2666666667,-0.8483422213,0.2520708077,3.8756673053,0.3183281047,2.1316057158,-1.0731566568,0.9155907534000001,-1.22885164986492,-2.5503222684231477,-9.40111959420283,-7.165001134880166,4.768101606,0.3228407969,1.5447285003,0.33333333330000003,0.5,13.7083333333,0.0291666667,2.0,-0.0125,-5.9583333333,7.9583333333,0.0060667341,2.0,-0.0166491405,-3.771991911,0.0878787879,0.387755102,1.0718360071,7.9,9.4,2.6299758318,0.501229559,2.3120564836,-0.0065088219000000004,-3.3705220854562965,-0.0171914143,0.1666666667,-4.86031665,-4.8817538127,-0.42503709440000004,3.1507729495,2.1629451073,0.1646133197,2.7393497706,-0.8075379761,0.0857142857,4.3503317988,182.0,2.3916188301,0.3492235958,5.0,0.6783995152,0.0019649079,0.9,0.0024368025000000002,0.6666666667000001,0.4444444444,-1.6462188092,40.0,0.8666666667,0.3898315645,0.6713533595000001,1.6512407648,-179.0,0.16178720488599999,-0.19768637460000002,294.5,1.9454539038,0.3551400588,1.3579466113,34.5,92.5,17.3597269521,0.5780258574,10.0,1.8655018085,0.4711844914,2.3534280747,0.5087815247,4.0814255259,0.4197480571,2.3848481688,-2.0,0.0785714286,-1.3691992291,102.0,0.0315076908,0.0456140351,0.0,87.0,132.0,17.0,4.6660569538,0.2998605335,1.7787323144,-0.4870940775,6.9,5.6,195.5,2.8187735172,0.2067579096,0.6063685009798304,229.0,0.5222222222,2.6936851191,0.3261639606,1.4533565149,0.0074943736000000006,0.0666666667,45.0,33.3407738095,0.0,2.4843928456,0.4511135378,1.7610547000999999,-1.2731285555,0.5364147092,-0.059807036200000004,1.7521832404,0.37098468570000004,1.7713985663,-0.5777783104,-0.9121745237000001,2364.785,1.0,9.0,3895.0,0.14265118840000002,0.2852826929
s449,1.4321418298,0.3703271875,1.3130755512,3.8,53.35,0.33333333330000003,21.4666666667,0.5,0.0218511721,-1.2604487804,2.8522115681,0.3633904593,1.5218691233000001,-1.0966055132,0.2933835616,-0.6255621490013965,-2.2384051545770745,-7.4952362706070925,-8.209402288553235,3.5757295476,0.2800350063,1.1295835303,1.0,0.0,4.5,0.058333333300000005,2.0,-0.0053333333000000005,-1.5,6.5,0.057559439100000005,2.0,-0.0085376956,-1.3529770372,-0.0594019397,0.061224489800000004,0.794921875,7.8,4.7,1.5715897723999999,0.47465742590000004,1.7457306619000001,-0.7297311543,-4.558888279153394,0.0068084473,0.5555555556,-2.0041117542,0.3152139439,-0.5629734621,4.194188013,2.7246725623,0.2401999861,1.4297874198,-1.070541321,0.2,3.8243251091,246.0,59.8991114415,0.8568707964000001,6.0,0.7666687012000001,0.0017125011,0.9,0.0021133988,0.6666666667000001,0.5185185185,-1.6412141585,-104.815,0.0,1.9014352406000001,0.305440982,1.6794949258,3.0,0.25,-0.1684662476,260.3333333333,2.4672636602,0.2482488514,1.7973035348000002,11.0,237.0,4.4728655896410014,0.3918505786,15.0,1.7168653836,0.49917544290000004,1.9784323334,0.0726417265,2.9515574545,0.3725515353,1.6044933044,36.0,0.075,-1.5645807965,67.0,0.07129320410000001,0.3240454076,0.6931471805599453,95.0,144.0,20.0,2.8692661233,0.2527239496,1.8727325823,-0.843135383,5.8,5.0,240.5,3.7546884355,0.2469834722,0.6728622531514393,234.5833333333,0.5222222222,3.04895329,0.36243184170000003,1.5679585847,0.0075575629,0.033333333300000004,0.1666666667,65.8975402758,0.0,2.7965809436,0.4326931726,1.9715190953000001,-1.2776947525,-0.21149863940000002,-0.1524304851,1.6236479029000002,0.3378071515,1.3660542102,-0.3934095904,-1.1009122385,1597.55,3.0,9.0,4259.9166666667,0.8238883472,0.5082991130000001
s450,1.5619420244,0.3289227313,1.5911606263,3.15,31.9583333333,0.2,25.9545454545,0.2666666667,-0.12936177470000002,-0.7647531846000001,5.453081812,0.4106862153,2.3406726227,-0.1988734114,0.1727183219,-3.3959032006026644,-3.4053498261388073,-6.8393059739879565,-4.653054790998481,4.2832828132,0.2586306874,1.2536358994,0.8333333333,0.0,6.0416666667,-0.0625,2.0,-0.0081666667,-2.7083333333,6.1666666667,0.0079764903,2.0,-0.0080142737,-0.9363979849,-0.1374406363,0.2244897959,0.9550444665000001,7.2,6.8,2.1582319303,0.5211507193,2.3133571008000002,-1.3702954202,-1.5404450408804822,-0.0047451269,0.0,-0.4967602709,0.9515309605220004,0.1910395678,4.9380558016,2.9529431954,0.1974297483,1.2298904585,-0.8075379761,0.0857142857,4.3503317988,148.0,10.925098711,0.2565783653,8.0,0.888521862,0.0017309969000000001,1.0,0.0018450159,0.7222222222,0.18518518520000002,-0.7688726331,-496.0,0.1333333333,1.7674214287,0.38630817040000004,1.9691282747,-577.5,0.0,-0.1305235618,357.0,3.1445983961,0.3190941885,1.5701857106000001,70.0,115.0,-15.5979053512,0.44247084940000003,16.0,1.4483419626,0.6073506356,1.8084178485,-0.6390189896,2.7515366775,0.4320770923,2.484273003,-31.5,0.1071428571,-1.484992357,166.0,0.0547134593,0.1421052632,0.0,77.0,157.0,15.0,3.8033330896,0.28502855860000004,1.2333839485,-0.6520685859,7.3,7.2,291.0,3.2077868531,0.3444347907,0.46392093932696765,296.25,0.5,3.4179234691,0.3437445425,1.5956527344,0.017738352500000002,0.0428571429,22.8333333333,-28.5246717627,0.0,2.5773009836,0.3371468838,2.342775699,-0.7348005738000001,-0.8868388047,-0.07029388290000001,1.7515188093,0.3635408606,1.7492226379,-2.05514e-05,-0.2631803032,1531.8466666667,9.0,8.0,3743.4166666667,0.8126815854,0.39291361810000003
s451,1.107622159,0.0965964044,1.9601276516000001,2.15,39.7368421053,0.36666666670000003,20.2380952381,0.30000000000000004,-0.5245282029,-0.9707705401000001,2.7591469436000002,0.3869983976,1.6032398192000001,-0.9188164697000001,0.9625085616000001,-2.0527329208442846,-3.1753998201507834,-10.407135663054696,-6.3360235859509375,5.3119430181,0.304739499,1.9896295253,0.8333333333,0.0,13.9583333333,0.0625,1.0,-0.0028333333,-2.625,15.5416666667,0.0104761905,1.0,-0.00015238100000000002,-3.9380952381,-0.1580180448,0.042553191500000004,0.7129976663,7.4,8.3,3.0353940152,0.48981903670000004,2.146344206,0.7487146469,-5.726843753595173,0.002872138,0.8055555556,2.7867504779,3.4025034765,0.0,5.3201349372,3.464218443,0.2099923384,3.6120343155,-0.8893284577,0.11428571430000001,4.1867508355,238.0,10.925098711,0.2565783653,8.0,0.7293655396000001,0.0010473463,1.0,0.0010621789,0.6388888889000001,0.5925925926,-0.9736564961,-16.5,0.1818181818,1.9915908219,0.46217060520000003,1.52648783,-232.0,0.05,-0.6992166728,348.1666666667,3.3342180619,0.3521145505,2.238750956,6.5,99.0,-4.1590127806,0.6377633009,15.0,2.0806619607,0.4694564001,1.7406284901,0.230030157,3.9964785751000003,0.477896896,2.1816994297,21.5,0.061818181800000004,-1.0600886596,140.0,0.0839289227,0.07719298250000001,0.0,115.0,159.0,18.0,3.2952873726,0.31517516100000004,1.4059434117,-0.4142278387,4.9,6.1,320.3333333333,3.0619774052,0.19846823430000002,0.7376724981536075,282.9166666667,0.5222222222,3.4917542048,0.331362156,2.4052698583,0.007639725000000001,0.0119047619,-38.5,28.3507750095,1.0,2.4977123957,0.31545701670000004,1.9305799786,-0.8459653587,-0.0670413432,-0.8473034500000001,2.4875434425,0.42191357700000004,2.1089217966,0.2057796737,-0.0294943359,2855.9555555556,2.0,6.0,4804.6363636364,0.51847973,0.176661702
s453,1.3237474908,0.1520930005,2.1178696424,2.35,39.0909090909,0.2666666667,30.5263157895,0.36666666670000003,-0.1963010856,-1.0388887901,3.1067963847,0.4681276301,1.9413684165,-0.1783677435,0.0334571918,-3.4063303970740093,-3.4053498261388073,-6.809733870725029,-4.679383446730795,3.8394989142,0.3346150748,1.6996014220000002,0.33333333330000003,0.0,10.0,2.7755575619999997e-16,1.0,-6.938893904000001e-18,4.440892099e-16,24.2083333333,-0.1130550622,0.0,-0.0026394316,-0.9915630551000001,-0.2404509347,0.0,0.3458355135,8.9,8.9,1.5573754530000001,0.4426349862,2.0619917395,0.1380551276,-0.6651200559806838,-0.0237196361,0.0555555556,-1.7009231787,-1.2507351899999999,-0.5720779213,2.493135343,1.9644340241,0.2690285754,1.4851782982000001,-0.8742787237,0.22857142860000002,3.2356769612,113.0,46.0626954627,0.8291899447000001,10.0,0.7586198807000001,0.0009973241,1.0,0.0016370174,0.47222222220000004,0.2222222222,-2.1637656122,8.5,0.336186757379,1.5906412383,0.48585614590000004,1.4367660935,-133.125,0.0,-0.020533612700000002,347.85333333333506,2.7004117570960005,0.32825040613999995,1.5127366318050002,20.065,61.895,-5.2974742799,0.647701198,6.0,1.0539631859,0.6032521578000001,2.0201663388,-0.2486363393,2.8553585507,0.42885917290000003,1.7627543869000002,-5.5,0.1071428571,-1.599437966,85.0,0.0534652054,-0.0122807018,0.0,76.0,124.0,22.0,3.2747862489,0.3318120013,1.4503239085000001,-0.2184714912,5.9,4.9,485.5,1.8052743012999999,0.3440006645,0.22576837752187087,273.5,0.5055555556,3.4718022898,0.3624056331,1.6937632204000002,0.006591202700000001,0.0357142857,72.6666666667,64.1228822005,0.0,2.1779257503,0.4959200166,1.7659201179,-1.6250270293,-0.2920155193,-0.24073427360000002,0.7425963141,0.23909900820000002,1.8347509039,-0.7342753852,-0.6391695795,1612.4242424242,2.0,11.0,5918.0833333333,0.9166965387,0.1534768705
s454,0.9585769921750001,0.172891547452,1.4864666622349996,1.7145000000000001,25.6153846154,0.1333333333,18.8260869565,0.2333333333,-0.0419200011,-1.1491615118870002,0.6092154547,0.3707073798,1.3156562383,-0.35321753850000004,0.9362517123,-1.2765189479997388,-3.4285984966858947,-11.755557692868301,-6.213064340629667,3.3813959929,0.24216093260000002,1.5179825119,0.0,0.6666666667000001,9.9583333333,0.019166666660000015,2.0,-0.0061666667,-5.375,13.3333333333,-0.0165921561,2.0,-0.0048278805,-1.4836415363,0.0903422076,0.2653061224,1.005251926,6.6,6.6,1.8730280911000001,0.4182892943,2.0379265234,0.4805235399,-5.570672091893894,0.0037212086,0.75,-1.8131110594900002,-0.7345182271839998,-0.3823998549109999,3.443418897226999,2.0610715160250006,0.13912367067900008,1.8367764424360005,-1.030817943997,0.2614285714339997,3.2850638016839993,202.0,25.7627506452,0.3968411315,9.0,0.6674293518000001,0.001098527,0.7175274849000001,0.0014002268000000001,0.3888888889,0.7037037037,-2.5810587098,44.5,0.7142857143,1.0387294575,0.29117501300000004,1.3044293456,-59.5,0.3571428571,-1.0002845239,337.3333333333,2.4900276647,0.2596483146,1.7965546301000002,-40.0,48.5,-5.3540962209,0.3493219382,2.0,2.1926113593,0.4387940233,2.3150677163,0.0183783811,2.6809947261,0.3149335887,2.6807286704,23.0,0.1115107914,-0.8880027302,58.0,0.0282577887,-0.15789473680000002,0.0,112.0,126.0,20.0,2.7014931265,0.2949080085,1.5321837241,-0.9036087883,5.2,4.9,455.5,2.9523738088,0.2596333595,0.4341650610616964,351.4166666667,0.5277777778,2.8149508698,0.34256067160000003,1.5604997741000002,0.013954697700000001,0.05,73.5,-17.508771929799998,0.0,1.9536993011,0.2958285275,1.9719098537000002,-2.1502921548,-0.3873728454,-0.2435360366,0.5890473974,0.10964327410000001,2.0706710886,-0.5481879754,-0.2386622546,3439.1,12.0,5.0,3889.6666666667,0.8091498952,0.17717458630000002
s455,1.5677124718000002,0.22675502,1.4862662546,2.2,25.2727272727,0.2666666667,14.8260869565,0.2333333333,-0.5582302211,-0.5099663351,3.5622001671,0.3542935679,2.1879592613,-1.0887790752,0.117375,-2.130713206827616,-3.178560809240029,-6.580179931136233,-4.8628068690994155,3.2135484483,0.2615863879,1.6660773564,0.6666666667000001,0.33333333330000003,15.75,-0.0833333333,0.0,0.009000000000000001,1.5,17.2083333333,-0.062486861500000004,0.0,-0.0012318688,-0.1829934833,0.09475979650000001,0.2857142857,1.0518073085,6.3,5.7,1.0372759669,0.46156086230000004,1.8555335507000001,-0.4072907585,-3.281722628433875,-0.023794246800000002,0.1388888889,-2.7586906001,-4.1469094269,-0.8453108148,1.6906216296,2.1881410221,0.23962238,1.0856302431,-0.5402436899,0.0285714286,4.8849203713,159.0,25.7627506452,0.3968411315,9.0,0.6526859283,0.0018274361,0.7252599716,0.0024192216000000002,0.6666666667000001,0.2592592593,-2.5251661702,-105.0,0.39062244290200004,1.4057991438,0.3275786636,0.9610584636,-27.0,0.1052631579,-0.2091196857,340.07666666666404,2.670404539642001,0.3039685466089999,1.436150943604,20.82,60.3,1.2163541163,0.5341048855,1.0,0.9950521765,0.42925662210000004,1.9143811273,-0.6585974465000001,2.226060486,0.4267834672,1.4587822624,38.0,0.1115107914,-1.9465285826,92.0,0.0300948044,-0.2107843137,1.0986122886681098,102.0,148.0,16.0,3.4650753805,0.2737244787,1.5876316521,-0.0659120669,5.4,4.8,294.4583333333279,2.710067463643,0.31540140948,0.5122637162733752,278.01624999999694,0.5284444444419996,2.5165303625099993,0.31602002876900004,1.6473783419259984,0.0074290673970000025,0.07228571428399999,19.552500000000997,34.331819492662,0.0,2.3872764528,0.35345165370000003,1.7255042678999999,-1.7296930978,-0.3310841202,0.1004381203,0.6438660103,0.0220450732,1.9604002197,-0.2135587712,-0.2844796287,1678.9283333333,13.0,8.0,4502.3333333333,0.5658278141,0.2272438096
s456,0.6800553721,0.0231042659,1.5479187471,1.3,25.0,0.30000000000000004,26.5789473684,0.36666666670000003,-0.06483222450000001,-1.0517318831,4.0246760923,0.38199099070000003,2.315150575,-1.1960160489,0.2574460616,-0.6073622974231622,-2.534717833534632,-6.437176502665192,-5.98298619016616,2.011977651,0.2614277235,1.3000529716,0.6666666667000001,0.1666666667,19.2916666667,0.22916666670000002,2.0,-0.014833333300000001,-7.125,6.4166666667,-0.0016949153,0.0,-0.0024096386,-0.2838472534,0.0290088098,0.12244897960000001,0.5355575654,6.7,7.0,1.4175801516030007,0.4600173976909999,1.9171287214410007,-0.6547248261489998,-3.1290653932644585,0.0209831161,0.2777777778,-1.9201678822550008,-0.7384970861499999,-0.4081168568079999,3.197581109475,1.8451983233370004,0.142853453846,1.9134028021930007,-1.2890129854999999,0.3428571429,3.38738178,113.0,25.7627506452,0.3968411315,9.0,0.7262480736,0.0007537971,0.7526407838,0.0008973645000000001,0.47222222220000004,0.2222222222,-1.1446111889,-1.0,0.375,1.5248825174,0.46441362960000004,1.4193100791,-188.0,0.2666666667,-0.5908825841,251.6666666667,2.1573243754,0.2381121363,1.5167188683,-16.5,125.5,4.978791076150999,0.4505768973,10.0,1.353003888,0.5256843754,2.1373568536,-0.0880743527,1.868627396,0.4443210306,1.8392713107,52.0,0.09854014600000001,-0.44613462260000003,127.0,0.1019174771,0.0371517028,0.6931471805599453,111.0,188.0,19.0,1.6760029977,0.2376387819,1.5543248066,-0.6625294592000001,5.7,5.1,312.8333333333,2.7964109294,0.3010806709,0.5564930886955147,231.9166666667,0.5328888888899997,1.9018796625,0.21970128490000002,1.8349891895,0.002128245,0.09285714290000001,34.1666666667,42.027150071383005,2.0,2.1322514781,0.3764298408,1.9220705034,-0.6768136523,-0.43642685400000003,-0.512431372,1.2234954173,0.3737358908,1.675065277,-0.3575488634,-0.0874973431,3664.1520833333,2.0,7.0,4006.6666666667,0.8060803131000001,0.3561214143
s457,0.9887129588,0.2870308541,1.3621360124000002,1.85,49.0526315789,0.36666666670000003,17.5555555556,0.4,0.36982519350000004,-1.3083666683000001,3.251713622,0.3946745165,1.5542540857,-0.9287531685,0.8312517123000001,-0.28147761569580837,-1.4603759901129043,-10.180944744368231,-9.043485307116145,7.5147990209,0.21597881230000002,2.1452264224,0.8333333333,0.0,14.9166666667,0.075,2.0,-0.009000000000000001,-2.9166666667000003,21.3333333333,-0.0355915066,1.0,-0.0070159757000000005,-3.1539939332999998,0.1828648599,0.20408163270000002,0.556605933,8.8,9.2,2.9192797237,0.41313695180000004,2.0332995545,-0.011182810900000001,-5.806883511526508,0.0016000837,0.8055555556,2.4705421118,2.160327072,0.0,5.3201349372,4.9241789697,0.1781384675,2.3761936998870006,-0.9575666758,0.1428571429,4.0502743994,162.0,10.925098711,0.2565783653,8.0,0.6787423134,0.0009547538000000001,0.8045763016,0.0012106305,0.7222222222,0.7037037037,-0.9316513225,-76.33,0.0,2.3464967518,0.3910968752,1.8350657023,88.0,0.0,-0.1490675131,253.8333333333,3.3868887169,0.2701502327,2.0700442034,13.5,214.0,10.5345085743,0.3489343568,15.0,2.4471165851,0.7137466506,1.9699423189,0.1417204349,3.3225631185,0.435712898,1.2891399966,-37.0,0.11428571430000001,-2.6229029276,176.0,0.0356150048,-0.0298245614,0.0,71.0,138.0,25.0,4.2507846764,0.2903970348,1.4005060838,-0.8900414949000001,4.5,4.5,244.6666666667,4.8155075369,0.3113478946,0.32874246965585774,235.6666666667,0.5111111111000001,3.7677655025,0.32599315640000004,1.4497716465,0.0206358144,0.0261904762,18.0,31.0546722591,0.0,3.6865795322,0.3308172364,2.3441379789,-0.9619450768000001,-0.1207808372,-0.4236200781,2.3822895733,0.3552598048,1.4710840915,-0.45858006100000004,0.4217916585,3740.0,-3.0,5.0,6359.0,0.6224135713,0.6657150176000001
s458,1.1364275007,0.13942319150000002,1.7409907345,2.2,29.3181818182,0.2666666667,25.0,0.2333333333,-1.1824909938000001,-1.2646373535,3.0471700324,0.34767071380000003,1.2969397277999999,-2.1241132669,0.5905907534,-1.3031689495565848,-2.9048215462553113,-6.885724156235338,-5.471063332001835,4.9088633526,0.2730031284,1.3630243482,0.6666666667000001,0.1666666667,5.6666666667,-0.058333333300000005,2.0,-0.007333333300000001,-1.75,17.2916666667,0.2534501175,3.0,-0.0121132237,-5.0393078402,-0.2799525064,0.061224489800000004,0.8575006493,6.7,7.1,2.6445020291,0.3756516944,1.5519738856,0.2204271895,-4.078571135380713,0.0091212407,0.4444444444,-0.36683962330000003,2.1917143413,0.0,5.3201349372,3.756181005,0.017581128300000002,3.0058552666,-1.0170844173,0.1714285714,3.9312389163,251.0,25.7627506452,0.3968411315,9.0,0.8345733643000001,0.0014595834000000001,0.9984375,0.0012144263,0.6944444444,0.4444444444,-0.2667963371,192.5,0.058823529400000005,1.682026123,0.4026276435,2.108010866,-71.0,0.0,-0.7315268456,278.5,2.8488716335,0.3046860933,1.100629292,10.0,35.5,-18.922824077,0.2717522162,15.0,1.9809622323,0.3928468323,1.7850228691,-0.6464617412,3.6729527426,0.39739548300000005,1.5792504598,7.0,0.1107142857,-2.6752454059,157.0,0.0680437099,0.298245614,0.0,80.0,129.0,18.0,2.8912476836,0.2760781764,1.3012926384,-0.5227303018,6.7,6.2,273.1666666667,3.5217359783,0.3077739957,0.3853834260518266,238.4166666667,0.5111111111000001,4.4119290366,0.2712669495,2.3321642263,0.0121855928,0.0142857143,32.1666666667,39.8443629785,1.0,2.4903509319,0.3405619996,1.6470871438999999,-1.2380942268,-1.1955732347999999,-0.4697682964,1.1341152097,0.26619151350000003,1.6962849292,-0.1437548517,-0.5372985967,1590.3390909091,24.0,6.0,2200.9166666667,0.8793803336,0.1449898818
s459,1.0098417157,0.2593822165,1.6251938242000001,1.9500000000000002,6.2692307692,0.1333333333,5.1785714286,0.0666666667,-0.6746916203000001,-1.3042164971,3.180803316,0.31392620800000004,2.2206003389,-0.6358218485,0.07839041100000001,-2.0508274597207614,-3.3982565062784333,-6.887200800154376,-4.495645987500596,2.9833060872,0.29974775600000003,1.4429927607000002,0.6666666667000001,0.33333333330000003,12.3333333333,-0.0166666667,1.0,-0.001,-3.75,8.7916666667,0.058769742300000004,0.0,-0.0014139651000000001,-0.7406483791,-0.1787987822,0.0416666667,0.5867699972,7.8,7.0,1.6482995695,0.5061496384,1.7028635209,-0.45504274510000003,-1.5404450408804822,-0.0148524881,0.0,-3.2848073503,-4.0228183905,-0.7848481349,2.4311508684,2.1074898244,0.3075480579,1.6383271628,-1.327315884,0.3714285714,3.310775983,123.0,2.3916188301,0.3492235958,5.0,0.7500877380000001,0.0016015729,0.7776842117,0.0014468802,0.5833333333,0.2222222222,-1.3707231465,-151.0,0.1,1.6881366778,0.33651016640000003,1.9614169153,-271.0,0.11764705880000001,0.1468325597,312.6666666667,2.7742305806000003,0.2801675651,1.4192592081,48.5,85.0,2.2389600126,0.5782953093000001,12.0,1.1936856528,0.5626725666,1.4343302058,-0.6254581955,2.2582105667,0.3527672967,2.2342078085,42.0,0.0892857143,-1.4697453888,157.0,0.0640730763,-0.1620227038,0.6931471805599453,102.0,150.0,17.0,2.6738163258,0.2960155578,1.2920967363,-0.5574392637,6.3,7.9,324.3333333333,2.7995002271000002,0.3156647158,0.3179657714310228,248.8333333333,0.5277777778,2.9488696779,0.3165651734,1.5852481356,0.0164712823,0.030952381,11.6666666667,5.1707858517,1.0,1.9459518012,0.37633303500000004,1.6368054807,-2.1700796409,-0.864960648,-0.2016852487,1.5419981473000002,0.3847543976,1.4436213569,-0.8508185564,-0.3780388853,2126.7016666667,4.0,8.0,4656.4166666667,0.4377562331,0.7594474232
s460,0.8572956978,0.13668490290000002,1.7733461982,1.8,33.5789473684,0.36666666670000003,18.9565217391,0.2333333333,-0.7040236733,-1.3786573402,2.7027621092,0.3416442072,1.4497571281,-0.8969045941,0.6956181507,-2.1285742303840993,-3.1399269713889333,-8.87897328735328,-6.136960348679954,5.8175250545,0.3080195972,1.3106314069,0.8333333333,0.1666666667,7.625,0.1625,3.0,-0.0071666667,-2.9583333333,9.75,0.20513300080000002,3.0,-0.0106309227,-2.532003325,0.3102224326,0.24489795920000001,0.8650418047,7.3,6.1,2.173066371,0.4372665269,1.6327270737,0.4042209799,-4.094637163025541,0.013138858000000002,0.3888888889,-0.18069498050000002,0.1479706576,-0.3884511935,3.7790742791,2.7666369553,0.30193079910000004,1.3381741343,-0.6440351222,0.11428571430000001,3.6961641644,115.0,59.8991114415,0.8568707964000001,6.0,0.8476997375,0.0012394507,0.9500000000000001,0.0016679161,0.6111111111,0.40740740740000003,-0.7227610753,26.0,0.1538461538,1.8859999728,0.46508197830000003,2.0386709918,334.0,0.0,-0.1193616423,340.5,3.3362999475,0.3710436676,1.3476600856,39.0,60.5,23.6360391914,0.53791219,11.0,1.4271076145000001,0.4133636402,1.7751380155,-0.1181181305,3.4202762444,0.3743063236,1.2450495308,1.5,0.09285714290000001,-2.3831937409,182.0,0.1307553574,-0.0122807018,0.0,60.0,128.0,24.0,4.1795771221999996,0.30971738390000003,1.8364976143,-0.0185420359,6.9,6.3,386.5,3.7138862025,0.4200603237,0.2897426139522733,299.6666666667,0.5,4.0046807363,0.324295271906,1.9314607880319996,0.007400729500000001,0.0119047619,87.3333333333,53.5042372881,0.0,2.9105239103000002,0.3853742223,1.6661252026,-0.6042968061,-0.8483446588,0.2904107103,1.8240766583,0.3518902122,1.8398087439,0.2951601526,-0.2864533669,2241.0266666667,11.0,8.0,3456.0833333333,0.8815918949,0.32856693940000004
s461,0.9455114318000001,0.21635568460000001,1.4191302376000001,1.8,18.8461538462,0.1333333333,9.3181818182,0.2666666667,-1.0508584421,-0.3542414232,5.0598748129,0.4209906049,3.3676772729,-0.09235526570000001,0.18737499999999999,-1.878537996383857,-2.1072211055052215,-6.138778623191272,-5.07122654396954,5.7493386599,0.2708526396,2.2193042224,0.5,0.1666666667,7.625,0.0041666667,1.0,-0.0018333333,-1.875,7.8333333333,-0.0757683215,2.0,-0.0043687943,-1.9089834515000002,0.1079307456,0.2653061224,0.886428372,6.9,6.5,1.6493302499,0.4537867231,1.6298060256,1.0627458603,-7.487435926593645,0.0021615146,0.75,-2.8076141119,-2.2552976511000002,-0.7548590441,3.810416849,2.7121730488,0.1671240615,2.2986187477,-0.5402436899,0.0285714286,4.8849203713,153.0,59.8991114415,0.8568707964000001,6.0,0.7385105133000001,0.0011846005,0.9598880768,0.0012976711,0.5833333333,0.4444444444,-0.5622896276,95.5,0.375,0.9713885914,0.5238865811,1.8589969417,-208.0,0.1428571429,-0.6539309469,392.1666666667,4.0197954496,0.2825986587,1.8932516489000002,47.5,32.0,-18.1175353574,0.5854811429,10.0,1.737821641,0.5623756084,1.563016967,-0.3676966594,2.4950502122,0.5106785244000001,2.0928688344,49.0,0.0892857143,-0.30151982800000005,169.0,0.1134917998,-0.0385964912,0.0,73.0,138.0,17.0,5.0025682073,0.364675311,2.4969856649,-0.0080696651,6.2,5.0,304.8333333333,4.0019175662,0.3406356118,0.4856986004734517,243.25,0.5111111111000001,4.2941549517,0.295438545,2.2326068678,0.015428692,0.0142857143,-2.1666666667,8.9477177235,0.0,3.2346442054,0.5169409689,1.9399677613000001,-2.0149366621,0.3404487737,-0.48967048020000004,2.1459096108,0.3128852093,2.4225936085,-0.070858609,0.3210448792,2338.3375,15.0,6.0,2331.4166666667,0.532143099,0.23998473990000002
s462,0.7195818884,0.044352295900000005,1.7235682357000002,1.55,21.125,0.2,8.3703703704,0.1,-0.34034411838699996,-0.915560864229,2.6655317391850004,0.3571875366190001,1.8982300544799995,-0.6024779259399999,0.7973544521,-1.2833978374385748,-3.315428212893786,-9.458718401413378,-5.821152280703701,2.4828655559,0.2843623042,1.5868086935,0.1666666667,0.33333333330000003,14.5,0.05,1.0,-0.0043333333000000005,-5.0833333333,16.0833333333,0.049848331600000004,0.0,8.61476e-05,-1.121536906,0.0278288156,0.33333333330000003,0.9562267319000001,6.3,6.4,0.2207708603,0.21351761190000002,2.1856747126,-2.1058902895,-1.244314331997209,-0.011870471300000001,0.0555555556,-0.1760810249,-0.4102340559,-0.7148277373,2.5615531184,1.7704401397,0.0271237036,2.4502149896,-0.915317409,0.3428571429,2.6399906271,168.0,46.0626954627,0.8291899447000001,10.0,0.6388552904,0.0013530346000000001,0.7451288223,0.0018639020000000002,0.5555555556,0.14814814810000002,-1.0421257737940004,-31.955,0.322851860261,1.3492807751380003,0.4036705789879999,1.7433152546949986,-121.395,0.16032602296600001,-0.27548201060100014,349.25166666667116,2.4332634993980014,0.30249335301200003,1.482524747273,23.215,55.27,3.4102453249280003,0.8624257218,10.0,0.7997550808,0.43044655540000004,2.2777127539,0.027468175,1.7538845864,0.38185264262900004,2.7606581506000003,22.5,0.0811808118,-0.7129363919,110.0,0.07366598320000001,0.1403508772,0.6931471805599453,125.0,186.0,24.0,1.5563670700999999,0.260934818,1.4430951897,-0.4176803153,4.8,4.4,256.8333333333,3.3548238297,0.2387669131,0.5020327027552639,290.33208333333306,0.5292222222289996,2.3602763430160003,0.29329796292499993,1.8401036422899995,0.0060083985219999995,0.07519047619100003,29.33583333333601,28.991554791395984,1.0,1.6886553246,0.37241185250000003,1.8335388401000001,-1.3335339053,-0.034378021,-0.1488433295,0.7868811231,0.15227354910000002,1.812612749,-0.5435522267,-0.5978582667,2648.8666666667,1.0,7.0,4602.5,0.6542605562,0.1995555068
s463,0.7417125156000001,0.1574227383,2.2185462319,1.85,53.125,0.4666666667,30.1111111111,0.4,-0.1031272102,-1.0255060262,3.7265296053,0.3561759869,2.5107515569,-0.40787383720000003,0.4476044521,-2.162808261164518,-2.8758661734280864,-7.986604058766241,-5.500286242059173,3.6312391915,0.31329424240000003,1.448860699,0.6666666667000001,0.1666666667,7.7916666667,0.1125,3.0,-0.009166666700000001,-1.7916666667,10.4166666667,0.1596428571,2.0,-0.006892934431000006,-3.0369047619,0.0156278728,0.20408163270000002,0.9254918183,8.3,8.5,2.0303350623,0.5247450361,2.0284944544,0.5471307298,-3.6711231386943597,0.0183408577,0.25,0.4306992651,2.9645784280000003,0.1910395678,4.9380558016,2.4714177292,0.058141150100000004,2.6320042699,-0.7625664513,0.11428571430000001,3.9332268227,147.0,7.6113128603,0.3752535483,7.0,0.6922149658,0.0008671109,1.0,0.0013141611000000001,0.6388888889000001,0.33333333330000003,-0.894982385,-242.0,0.2,1.7203903956,0.4169802831,1.7878451270000002,-213.0,0.1666666667,-0.3892945176,291.8333333333,1.9483839906,0.2800314611,1.5230031186000001,51.5,102.5,12.6999484459,0.5855357495,10.0,1.5138190196,0.5758712308,2.1138393614,-1.0949766933,2.2641211545,0.4758561718,1.630904958,-15.0,0.1146953405,-1.7128346128,122.0,0.0466881163,-0.0052631579,0.0,104.0,186.0,21.0,4.0648970163,0.35469429010000003,1.3669164435,0.31666776890000004,6.7,5.6,283.8333333333,3.245632981,0.4018777317,0.3212499996585076,264.1666666667,0.5166666667,2.9017146112,0.37073955470000003,1.4772780783,0.0182611188,0.0452380952,22.6666666667,9.6892702771,0.0,2.3794759003,0.41949207780000003,1.6345501108,-1.4432212966,-1.1447895494,-0.9737614072,1.134449184,0.3769062353,1.8735231592,-0.0112038899,-0.07609921,1698.89,14.0,9.0,2736.4166666667,0.1689118649,0.1470948391
s464,0.4051550694,0.0083732987,1.3789585,1.15,32.6923076923,0.1333333333,40.625,0.4666666667,-0.6619134947,-1.4472240561,2.8292798257,0.4349871429,1.7124480158000002,-0.7792791976,0.6521404110000001,-3.1614391969555986,-1.7389558434953103,-7.443501866408621,-6.3828988883993185,0.8971190751,0.290559304159,1.8063400638,0.0,0.6666666667000001,18.125,0.1208333333,0.0,0.0021666667,0.7083333333,15.375,0.05,1.0,-0.00041176470000000003,-1.8676470588,-0.0259759967,0.1875,0.7878190095000001,6.5,5.7,0.5087136369,0.4627593448,1.6462659071,-1.3675429990999999,-4.0225044187747105,-0.0056819978000000005,0.8888888889000001,-6.1682347323,-5.9525409038,-1.1498474865000001,1.2948905264000001,1.167434674,0.0234301162,1.6096017377,-0.7514882369,0.2,3.186218941,138.96,25.7627506452,0.3968411315,9.0,0.8642578125,0.0017518944,0.706350708,0.0015427573,0.6111111111,0.7777777778,-1.4030564907439997,-36.885,0.38783562737999994,1.1871962721749998,0.44138015061799984,1.6337616509659996,-102.12,0.21423690825800001,-0.2804179367910002,385.474999999999,2.280528141564001,0.33028784374899994,1.462925931874,25.77,45.79,1.1554394482869992,0.6214688403,3.0,1.0384958856,0.5184837355,1.6943256452000002,-0.1795440432,2.4622937501,0.4778173369,1.636979447,-29.5,0.1023622047,-0.8816837008,44.0,0.0106820162,0.03308031107599998,0.4623239709296025,96.0,130.0,25.0,1.7434795686,0.3416473249,1.3293015549,-0.8215495958,6.6,4.6,346.1666666667,2.0374661238,0.3840611949,0.38278709307603664,317.9029166666711,0.5388888889,1.7106631238,0.3309138549,1.5381574395,0.009882526,0.1166666667,42.5,-7.5299763033,0.99,1.5835950652,0.405558022,1.4875830406000001,-1.1188845974,-0.2542102294860001,-0.09205108599199997,0.7647646911740001,0.15105471598099998,1.9278659366979993,-0.38254427459299994,-0.3502292545160001,2422.7740740741,14.0,7.0,2689.4166666667,0.30243387600000005,0.37195086520000004
s465,0.8756638102000001,0.3167165402,2.0290424136,2.2,48.1818181818,0.2666666667,18.8888888889,0.4,-0.7393781687000001,-0.8741101528,3.4645831076,0.4867372487,2.7117137403,-0.8487364835000001,0.5862517123000001,-2.461865919047412,-2.5840309431646955,-8.319674777358403,-5.905945563183103,1.8726469344,0.252797839,2.5426909616,0.33333333330000003,0.5,16.9166666667,0.058333333300000005,2.0,-0.0043333333000000005,-4.3333333333,17.2916666667,0.1009656652,2.0,-0.0025373391,-5.0656652361,0.5387979596,0.1489361702,0.1273364382,7.7,5.8,1.9216269501,0.4875994999720001,2.6810538913,-0.31331478430000004,-4.699700395048695,0.007092221300000001,0.5555555556,-2.8390268294,-2.1963322257,-0.5724086694,3.3663605721,1.794947233,0.2795855929,1.9783892508,-1.2494826612,0.3142857143,3.4664424285,122.0,59.8991114415,0.8568707964000001,6.0,0.8465061188,0.0008668525,0.7994915962,0.0008072554,0.3611111111,0.5185185185,-0.3083927931,-48.0,0.0,1.920943665,0.46713166230000003,2.0630981257,-181.5,0.0666666667,-0.36069670600000003,358.0,2.5916492363,0.34638241200000003,1.9427766313000001,-7.0,184.5,15.1655583939,0.6293952577,15.0,1.088403961,0.731073292,2.2322353933,-0.7446992854000001,2.3375116240000002,0.4972661143,2.0972191377,25.0,0.11552346570000001,-0.2818566104,93.0,0.0425508309,0.0416666667,1.0986122886681098,92.0,126.0,17.0,3.7527755909,0.23289508,2.054164346,-0.9028359047000001,6.8,5.6,278.3333333333,3.9078530104,0.420604923,1.1205656808222606,324.0,0.5444444444000001,3.0123487187,0.4614223646,2.2881027407,0.0067827429,0.0738095238,-8.3333333333,102.3658210233,1.0,1.7137328096000002,0.4236127894,1.909086393,-1.1956620613,-0.22214028900000002,-0.8725248364,1.4951016559,0.3551253622,2.0306754619,0.1612113637,0.3125253025,3852.0,-21.0,7.13,4685.305681818185,0.7957090674,0.30740870870000003
s466,0.5342210438,0.1102221993,1.983215456,1.85,13.7142857143,0.0666666667,9.7916666667,0.2,-0.4901182925,-0.8862445095,4.1555565773,0.2924867903,3.4531863245,0.10418094230000001,0.1478390411,-2.4838729382519147,-3.3176938615145777,-5.406308338825383,-4.691359882020333,3.8713367274,0.27448275450000004,1.3210878508000001,0.6666666667000001,0.1666666667,6.7083333333,0.0791666667,0.0,-0.0035,0.0416666667,4.9166666667,0.2594047619,2.0,-0.0012904762,-2.144047619,0.1279994147,0.3125,0.4554964885,8.9,7.9,1.7798457021,0.5087978998,2.4302754879,-1.67565834,-1.5404450408804822,-0.0109914278,0.0,2.7206610803,3.0174065126,0.0,5.3201349372,2.9234553223600015,0.20783558270000002,2.2457157566750006,-0.9575666758,0.1428571429,4.0502743994,187.0,46.0626954627,0.8291899447000001,10.0,0.7083417892,0.0010019975,0.9890625,0.0009966662,0.6111111111,0.18518518520000002,-0.3433597376,-72.5,0.2727272727,1.2752921458,0.4546421276,2.1274975995,-355.0,0.0476190476,-0.7399878044,309.1666666667,3.8566982856000003,0.2756877598,2.528301279,-14.5,90.0,32.5177317881,0.7020750746000001,11.0,2.2215531398,0.5737058782000001,1.9818670012,0.0641210668,2.7289880634,0.43247028,1.664049092,-38.5,0.1290322581,-2.0829865454,77.0,0.037690405600000004,-0.036119711,0.6931471805599453,102.0,146.0,15.0,3.3791652274,0.2946294399,1.6908289362,-1.3447736030000002,5.1,4.0,272.8333333333,3.6383898917,0.36409915740000004,0.8290883100911762,272.3333333333,0.5222222222,3.438397832,0.3653992391,1.581679779,0.0078477622,0.0261904762,-8.0,47.1758865248,0.0,2.7983438966,0.38296237320000004,2.6319035414,-0.7083781237,-0.5795282346,-0.47130305780000004,1.4794666739,0.1369606986,2.4833468924,-0.4659231937,-0.3677442584,2748.3023035112997,-12.0,2.0,4564.954696969696,0.6714391576000001,0.2790955482
s467,1.0333492899,0.3348101949,1.4845362742,2.0,16.2,0.1666666667,17.875,0.2,-0.5250642097,-0.6561623985,4.0078561062,0.4066414537,2.0632963394,-1.2407044395,0.0386678082,-3.4632185268510787,-3.3428880885046093,-6.604648534687427,-4.756022647068903,3.5607961295,0.3408487659,1.3481887659,0.0,0.360000000007,12.0416666667,-0.0291666667,1.0,0.0031666667,-1.2916666667,7.2916666667,0.0951041443,2.0,-0.0015069787,-2.028022332,0.1787792867,0.2916666667,0.7385464856,5.6,3.3,2.4405126491,0.3331494238,2.0365353673,0.6999726962,-2.0493228604716194,-0.0207045494,0.0277777778,-2.408663436,-1.4500958282,-0.5629734621,4.194188013,2.6757019884,0.2563853318,2.5579555782,-0.5402436899,0.0285714286,4.8849203713,181.0,7.6113128603,0.3752535483,7.0,0.6438240051,0.0008910011,0.65,0.0017257695,0.5833333333,0.0,-1.8815229018,-435.5,0.125,1.318619578,0.43689645860000004,1.5775196127000002,-238.0,0.15544605164699998,-0.43917138180000004,249.8333333333,3.0641273614,0.37044323090000003,1.6276575473000001,32.5,150.5,-3.1941004024,0.4276950095,2.0,1.8495561068000002,0.555933819,1.9890565078,0.6979956214,2.8783581263,0.43591937500000005,1.6702179141,-20.0,0.0683453237,-2.9335625771,106.0,0.040202439900000005,0.1298245614,0.0,108.0,186.0,20.0,3.8937533619,0.3447685143,1.8272409806,-0.6508270685,5.5,5.4,294.8333333333,1.6825464619,0.4124204207,0.4553875671801798,238.9166666667,0.5388888889,3.6740048857,0.4071312589,2.1201473331,0.0040185825,0.0476190476,20.1666666667,-21.5729640347,0.0,2.8260047065,0.35852046200000004,1.9471044363,-1.3936933277,-0.3487334332,0.5771919505,0.5563259722,0.0625713387,1.8587690270000001,-0.0892758285,-0.8965990764,3424.3761904762,1.0,6.0,5546.0,0.5636077225,0.6444832007
s468,1.1665602514,0.227679608,1.0859939809,1.1,39.3333333333,0.30000000000000004,25.8823529412,0.4333333333,0.2219365264,-1.3917026576,2.0809219699,0.3502392535,1.4613092064,-0.9010536639000001,0.9687517123,-1.3538012288867947,-1.1802077850693027,-12.343038500603331,-12.376410297021453,2.4288546159,0.22179016240000002,1.0798339258,0.6666666667000001,0.1666666667,11.625,0.10416666670000001,2.0,-0.005875000004000001,-6.0416666667,6.125,0.0906862745,0.0,-0.0021666667,-0.9901960784,-0.21054103170000002,0.0408163265,0.3604082203,7.7,4.9,0.561134743,0.37989469362700007,1.6267955576,-1.7088579284,-6.676254903396013,0.0012379529000000002,0.8611111111,-1.962327250437001,-1.0001800356240007,-0.40506873625400014,2.684902084158001,1.6316033509160004,0.11246166289200002,1.654290419978,-1.0820225484,0.3714285714,2.8201893119,130.0,25.7627506452,0.3968411315,9.0,0.6772982836,0.0012811597,0.6381545067000001,0.0015206618,0.5277777778,0.8888888889000001,-1.3339885176,164.0,0.3888888889,1.1337912329,0.3831791834,1.7814546305,272.0,0.1904761905,-0.3745951703,349.81000000000705,2.3850507975230015,0.30969643427800003,1.4558503294730005,16.725,56.22,-6.8757261775,0.7496762738,6.0,0.7393548965000001,0.22848120030000002,1.6229909849,-0.4433698587,1.8885024702000002,0.37545261014200015,2.1234945096,64.5,0.083032491,-0.8120551429,32.0,-0.0045713897,0.0754385965,0.0,82.0,109.0,18.0,1.8041452144,0.313518095,1.5018895555,-0.12301754540000001,7.1,6.0,410.8333333333,2.8951776209,0.2887722721,0.34488258443059044,309.81875000000207,0.5345555555549996,2.2760456491629997,0.2972680587630001,1.5865909661170006,0.007754516493,0.08985714285100001,26.119999999995002,35.10340317876399,0.0,2.2065740018,0.27475755420000003,2.0888178533,-0.8238357104,-0.3993392792,-0.1537551561,1.0463538605,0.0915407299,2.0491497402,-0.5686789453000001,-0.1724019658,1846.0277777778,12.0,7.0,3889.6666666667,0.8641007274,0.3005941055
s469,0.8318910775,0.2927626104,1.3576672484,1.7000000000000002,25.8333333333,0.2,13.6956521739,0.2333333333,-0.9730974865,-0.6650061279,4.0568648385,0.4373997754,2.1383912442,-0.539934574,0.3468065068,-3.2312595501505323,-2.5851433280825273,-6.233375000267199,-4.802553877659298,6.0659180962,0.2709992247,2.1222349638,0.1666666667,0.5,17.0833333333,0.125,1.0,-0.0016666667,-2.5,17.875,0.0467735348,0.0,0.0054302634,-1.7771084337,-0.0313445314,0.2653061224,1.1247700844,6.3,5.4,2.6920773475,0.44273766210000004,1.8011758529000002,-0.5325232315,-1.5404450408804822,-0.0103542776,0.0,0.4419969339,1.4879121856,0.0,5.3201349372,3.3378050712,0.280269407,2.3803057518,-0.8893284577,0.11428571430000001,4.1867508355,222.0,10.925098711,0.2565783653,8.0,0.7259790421,0.0012726102,0.8725616455,0.0017990564,0.5833333333,0.1111111111,-0.9226822429,3.0,0.0769230769,1.9785397396,0.39610161390000004,2.0640388421,38.0,0.125,-0.6670590081000001,296.5,3.9166554728,0.29497715280000003,1.9591296964,-25.0,116.5,9.5935780524,0.5117351171,14.0,1.731081569,0.4351894545,1.5917180949,-0.5671220307,3.413912523,0.4324339515,1.5802625475,10.0,0.0857142857,-1.7799728972,181.0,0.0824397399,0.1473684211,0.0,80.0,139.0,21.0,3.1853344544,0.29641960170000003,1.2649730602,-0.6692418092,6.1,6.0,365.6666666667,2.8344665124,0.32988787880000003,0.3669358899717529,258.25,0.5166666667,3.6861677337,0.3269992208,1.6457188588,0.0216488537,0.0261904762,-8.8333333333,23.7904761905,1.0,2.9271144822,0.4080694388,2.0533463206,-1.6263600706,-0.3769165312,-0.0181650692,1.9344157636000001,0.32555417470000003,1.7379640126,-0.2764174385,-0.9643781517000001,2439.3642857143,12.0,5.0,5099.6666666667,0.8324493087,0.5012340848
s470,1.3795243992000001,0.21780811630000002,1.5803674616999999,2.55,32.5,0.4,10.0,0.33333333330000003,-0.7560066002,-0.5614800941,4.4331291663,0.27755004180000004,2.4027073562,-0.2781134088,0.0502919521,-2.7492736027380227,-2.5903813266286333,-6.765293408518434,-4.0056457677225215,6.0096197485,0.245797182,2.11170795,0.8333333333,0.1666666667,9.5416666667,0.3125,2.0,-0.0035,-2.4583333333,11.0833333333,0.1569117647,2.0,-0.000407563,-4.5304621849,-0.11076145550000001,0.2653061224,0.6307412399,8.7,8.1,3.0853602141,0.5204575921,2.7788365948,0.27701558060000003,-1.8702309757348623,0.0223979643,0.25,-2.9151931605,1.6295072135000002,0.0,5.3201349372,2.3296005238,0.0029383289,2.245974279,-0.7017421781000001,0.0571428571,4.5619233948,152.0,2.3916188301,0.3492235958,5.0,0.8016897202000001,0.0008600621,0.9938232422000001,0.0013159543000000001,0.6666666667000001,0.33333333330000003,-0.3351194538,-345.0,0.0555555556,1.9470365299,0.3592648587,2.5025952297,-143.64,0.0,-0.3175911125,310.6666666667,3.8314370478,0.3203701612,1.9648802309,74.0,46.0,4.156911272382001,0.5663985341000001,15.0,1.8470510865,0.4806746992,2.1832160881,-0.5370676188,3.0310142738,0.4122409999,2.4772058029,-18.0,0.0860215054,-1.1301387762,123.0,0.0458298933,0.3052631579,0.0,86.0,129.0,19.0,5.0892428805,0.3199793729,2.0675451059,-0.7602649846,6.9,6.6,294.6666666667,3.2319335846,0.3305869642,0.9571693744794771,214.25,0.5166666667,3.7980689704,0.3011478004,1.9849168131,0.0147872943,0.019047619000000002,8.8333333333,49.5426617874,0.0,3.1574025505,0.3423824554,2.0015550441,-1.2394570048,-1.3891109163,-0.3475290488,1.6521988773,0.3447007314,1.9676436121,0.1033148218,-0.42980503340000004,2203.5833333333,5.0,10.0,3501.9166666667,0.8455318787,0.7425756593
s471,0.7228700048000001,0.035886841100000004,1.5146421113000001,1.9,30.0,0.33333333330000003,24.4705882353,0.4333333333,-0.32074857430000003,-1.4237421861000001,3.248771907,0.3281714873,2.2789270397,-0.7066668368,0.1291746575,-3.3028951071864077,-3.182309448660131,-5.113107966922351,-5.101577070323788,3.2375920376,0.2787312066,1.5523259085,0.0,0.6666666667000001,14.75,0.075,1.0,-0.006,-0.75,17.7916666667,0.0085714286,1.0,-0.0022761905,-3.5857142857,0.1695965364,0.08510638300000001,-0.15421938570000002,6.8,5.0,1.2095782616,0.4619437155,1.6392822991,-0.30893613400000003,-3.252334037764078,-0.0166525364,0.1666666667,-1.1424488236,-0.6793552237,-0.9927888592,3.3345572188,2.0445392361,0.0711964265,2.2675577721,-0.8324442081300006,0.0285714286,4.2468142033,100.0,1.2928725743,0.0438060331,4.0,0.7242507935,0.0015028700000000001,0.7269584656,0.0014840076,0.5555555556,0.2592592593,-2.5223179552,-250.5,0.5714285714,1.0185372723,0.35695984540000003,1.4582374396,174.5,0.20611165234599998,0.2908301297,317.33833333333405,2.5989370182919997,0.31732855784100006,1.5750867085880003,15.255,61.86,8.7765643621,0.7428714658000001,7.0,0.7275533077,0.526102717,1.7662849305,0.0141435628,2.9786733105,0.495858414,1.9145259768,94.5,0.0501792115,-1.6981994243,122.0,0.0228259692,-0.0794633643,0.6931471805599453,109.0,153.0,23.0,3.1133876475,0.2825087779,1.8862801283000001,-0.5449596264000001,5.7,5.3,294.5,4.7021767929,0.3252869259,0.6908857482483288,203.7083333333,0.5555555556,3.6290603378,0.3678845409,1.8427999640000001,0.0004086521,0.1023809524,78.25,23.5913793103,0.0,2.0374122987,0.44126883440000003,1.9347445223,-2.1706585753,-0.5540117343000001,-0.1713230881,1.5175568516,0.327514636,1.5597417607000001,-0.6525880864,-0.21807431200000002,2789.8866666667,6.0,8.0,4624.1666666667,0.8348524595,0.6225294788
s472,0.9026613879000001,0.0799079686,1.4685684019,1.4,32.8125,0.4666666667,45.1176470588,0.4333333333,-0.5678681516,-1.4331843696,2.3857514862,0.40472031350000004,1.2705794859,-0.0762392559,0.0449075342,-3.1568822769294167,-3.4052466659591887,-6.788497157697809,-3.5398619034236525,4.9501685011,0.300628815,1.5685542363,0.0,0.4233333333410001,8.875,-0.0125,1.0,-0.0021666667,-3.875,9.6666666667,0.0236675516,1.0,-0.0010843373,-2.9836634674,-0.0511844009,0.1632653061,0.7464391804,6.7,4.2,0.4489590833,0.4485222251,1.1535890818,-0.632789516359,-1.5404450408804822,-0.016776018900000002,0.0,-1.6449402503,0.2825428112,-0.20749572630000002,3.4832325413,3.0894185313,0.32574192160000004,1.1833921597,-1.2890129854999999,0.3428571429,3.38738178,117.0,46.0626954627,0.8291899447000001,10.0,0.6570756674,0.001066822,0.7081039429,0.0011506331000000001,0.4444444444,0.0,-1.8047683746,-43.5,0.4166666667,1.7843063334,0.4092953016,1.1918988291,-114.5,0.1875,-0.4281420361,360.1933333333371,2.645543531925,0.333093889672,1.4676758419430005,18.005,71.035,1.7989709467819999,0.48246688460000003,8.0,1.0577532519,0.41720789280000004,1.3809538262,-0.150946675,2.9873945133,0.4115970397,1.2331572857,-4.0,0.1035714286,-1.7150079784,49.0,0.0191353688,-0.1888544892,0.6931471805599453,117.0,139.0,15.0,2.7362469686,0.31133376090000003,1.325055049,-1.5999622516,5.8,4.5,372.5,2.6719098561,0.3658851254,0.3053520498394305,301.85875000000306,0.5265555555589997,2.578182628654,0.318289471443,1.5251931804899999,0.008536018462000002,0.074452380956,27.510000000001014,36.07207641967301,1.0,2.2393990674,0.39981438690000004,1.6448729772,-2.0046114239,-0.6897567833,-0.039859948,0.7317193484000001,0.054188491500000005,1.8548138304,-0.9883523708,-1.1060668185,1900.0744047619,28.0,6.0,3804.1666666667,0.8695873854,0.211404944
s473,1.0321144296,0.3156793683,1.5700190999,2.65,54.2352941176,0.4333333333,30.45,0.33333333330000003,-0.5731830508,-1.3138059313000001,3.6030722254,0.36972851370000004,2.1432180880000002,0.1413430523,0.9687585616000001,-0.7939480919193874,-1.4740631854821855,-10.694128495181904,-8.064038842392632,3.7774933104,0.27045095610000003,1.971729241,1.0,0.0,10.0,0.0666666667,3.0,-0.0026666667,-1.9166666667,10.0,-0.0373674912,1.0,-0.0004946996,-0.7517667845,0.0465345484,0.1836734694,0.7328926021000001,8.0,7.1,2.5008709977,0.38093120140000003,1.8192216072,0.1264085919,-5.975413694021407,0.0012908372,0.8333333333,-2.5378918866999998,-6.1710468907,-1.4345616294,1.6232718124,1.9067769797,0.15111549330000001,1.5028321669,-0.8075379761,0.0857142857,4.3503317988,207.0,2.3916188301,0.3492235958,5.0,0.8496757507,0.00199196,1.0,0.0022297972,0.6388888889000001,0.8518518519,-0.8014565519,-406.0,0.0,1.8893869732000002,0.3698650409,2.0206431761,-271.0,0.125,-0.3326566071,345.5,3.4872532514,0.2807078343,1.2367896853,34.0,13.5,1.847657457844,0.3376973789,18.0,1.7732773303,0.4286089772,1.9518085202000002,-0.5248395843,3.0273323809,0.38429413360000003,1.6086299780000002,-19.0,0.0785714286,-1.6986716737,145.0,0.0661135686,0.2754385965,0.0,81.0,156.0,20.0,4.2072934869,0.3059905033,1.5607672612,0.0742503472,7.1,6.6,315.6666666667,3.50420783,0.3056602963,0.5359715089298994,219.0833333333,0.5,4.3486789128,0.2651791678,1.9511397685,0.0169911807,0.019047619000000002,-10.1666666667,39.9401001541,0.0,2.9992861346,0.2867558942,2.4185085465,-1.2703794694,-0.2837956504,0.1545307545,2.0217592454,0.3633022799,1.63659401,-0.3071906732,-0.2022048108,1759.9833333333,15.0,6.0,2541.0833333333,0.2029161739,0.5657648364
s474,1.4177045306,0.3471307645,1.9845593454000001,2.3,40.4761904762,0.30000000000000004,40.0,0.33333333330000003,-0.1948470307,-0.3796467713,3.8211019466,0.368654757,1.7746856372000002,-0.6154803062,0.2064674658,-3.061056492070926,-2.450604492925293,-6.521885103740134,-4.0481526391309535,4.4362751058,0.2884955931,1.5162813847,1.0,0.0,10.0416666667,0.0041666667,1.0,0.00016666670000000001,-6.0416666667,9.375,0.2610349127,3.0,-0.012364921000000001,-3.4921030756,-0.0454486458,0.1458333333,0.6903175565,8.9,7.0,1.7315486757,0.4590661841,1.8740856687,-0.013554436000000001,-2.5565658961650395,-0.022098859000000002,0.0277777778,-1.0906593736,-0.4216938389,-0.7548590441,3.810416849,2.5956716896,0.033482104900000004,3.7626418497,-1.0170844173,0.1714285714,3.9312389163,164.0,7.6113128603,0.3752535483,7.0,0.6641467333000001,0.0010550595,0.9854003906000001,0.0023881964,0.5555555556,0.33333333330000003,-0.8536440124,-96.755,0.0,2.0296791152,0.42821364500000003,1.9566923011,-26.5,0.1538461538,0.10715997910000001,227.8333333333,3.9443732302,0.33003988910000004,1.958145918,8.5,59.5,1.8639089432659999,0.5608484822,18.0,1.1804429144,0.6906047926000001,1.7862010432000002,-0.0698678788,3.1290247839,0.4221626761,1.8449424696999999,2.0,0.1226765799,-1.0462121287,156.0,0.0829597968,-0.06315789470000001,0.0,100.0,138.0,20.0,2.7898712568,0.33483956930000003,1.6000404499,-0.3488207132,8.3,6.5,261.6666666667,3.823354876,0.3728040842,0.24889657395885867,242.3333333333,0.5166666667,4.0908806517,0.2990089224,2.1974284893,0.0104472175,0.0142857143,34.6666666667,33.1065987431,0.0,2.8151391587,0.4527019619,1.6615471355,-1.4453030567,-0.0686289684,0.1962024088,1.1632103522000001,0.0440296221,2.2190937129,-0.1699753903,-0.19644323090000002,2298.0316666667,5.0,9.0,5864.3333333333,0.8337617930000001,0.49871291570000004
s475,0.8723663003000001,0.0935019361,1.6888692812000001,1.75,19.2222222222,0.1,14.96,0.1666666667,-0.3984217561,-0.9232987093,3.0661381439,0.3914952916,1.5858069916000002,0.1817490511,0.27776712330000003,-1.8179100792803562,-3.4539156287074273,-7.569431312241221,-7.628670240619987,3.1875324535,0.2937245204,1.3531713810000001,0.0,0.35333333333300004,5.7916666667,0.0125,2.0,-0.0041666667,-1.2083333333,5.375,0.024264705900000003,0.0,-0.0009705882,0.0416666667,-0.203929559,0.0408163265,-0.0918934653,8.5,7.3,1.6611534935,0.46332747960000004,1.8009867318000001,-1.7196533318,-1.5395469718652668,-0.0156722511,0.0,-3.3854976396,-1.4457884128,-0.2331515124,3.5345441135,2.1761963224,0.0067150904,2.0134127762,-0.8075379761,0.0857142857,4.3503317988,143.0,27.5716565685,0.42925480380000003,9.0,0.6336494684,0.0017115589,0.6910768509,0.0016652069000000001,0.5,0.18518518520000002,-0.4085205995,-320.0,0.25,1.4531932633,0.40940068300000004,1.7396407455,-265.5,0.0,0.24497072690000002,346.73166666667004,2.8957150646520007,0.32878608602699994,1.4030698211839998,27.065,60.135,2.127580871849001,0.4464076571,2.0,1.5657430126,0.5391361209000001,1.7296073258,-0.6712205757,2.666546179003,0.4298799495360002,1.7475711244670002,15.255,0.09562020380100003,-1.6255402989490007,110.58,0.04222602977200001,-0.021767475814000004,0.3634488649494728,94.07,146.39,20.45,3.0054211322,0.3394298209,1.1404609351000001,-1.706285791,5.3,5.2,339.98,3.095815123160001,0.3512849752699998,0.44240266291050956,335.375,0.5055555556,3.8497182083,0.3824961516,1.140136388,0.0079062175,0.0357142857,-49.75,0.49665635290000004,2.0,2.0283542075,0.4025330364,1.763372033,-1.0357002395,-0.0591961109,-0.1849170779,1.1293396573,0.086098044,1.991546751,-0.8112895465000001,0.1177985832,2585.34375,6.0,6.0,3986.75,0.1750609719,0.1520313703
s476,1.2772426483000001,0.33292673980000004,1.1516104121,2.65,29.1666666667,0.2,21.3,0.33333333330000003,-0.7424204102,-1.5361625744,3.5319719636,0.37145073770000003,1.790417119,-0.8900804214,0.6112517123,-1.3272180767477002,-2.222173643775568,-8.440377994248157,-5.576672140474818,5.2819163765,0.2624786732,1.8500426632,0.8333333333,0.1666666667,11.8333333333,-0.0666666667,2.0,-0.0016666667,-3.3333333333,13.4583333333,-0.00125,1.0,0.00025,-4.6125,-0.1279602649,0.0204081633,0.7934701987,6.7,6.6,3.1567128006,0.4483058843,2.1012333453,1.6575037765,-3.9379483363786862,0.016298252000000003,0.30555555560000003,-0.2301554304,-0.0671867493,0.0,5.3201349372,3.7491068846,0.1173127526,3.9756925444,-0.9575666758,0.1428571429,4.0502743994,259.0,59.8991114415,0.8568707964000001,6.0,0.6417560577,0.0008920786,0.9628295898,0.0013957345,0.5277777778,0.48148148150000003,-0.5835331831,159.0,0.0952380952,2.0694993001,0.3761695672,1.8350007229,-322.0,0.0769230769,-0.8584586523000001,240.1666666667,3.6667208519,0.37452142860000004,1.71887382,-1.0,72.0,-9.258558724,0.48033375640000003,16.0,1.7407710397,0.49789798570000005,2.1622967029,-0.5609226883,4.2133708513,0.4210552718,2.0006466748,-40.5,0.1,-2.0034829492,116.0,0.0040858356000000005,-0.1877192982,0.0,103.0,141.0,20.0,5.1897626025,0.2771622452,1.9394785081,-0.9099224231,5.7,5.3,282.0,5.2722033205,0.3592976585,0.6989043366874375,249.5,0.5,3.7683699555,0.3491659106,1.4670138795,0.0178316891,0.0261904762,21.0,27.2647776044,0.0,3.2690151657,0.3019961805,2.1081508734870003,-0.9043408559,-1.0049934936,0.4123889918,3.0101833996,0.3257825502,2.0605095957,0.1250071718,-0.5103307246000001,2230.81,5.0,7.0,3933.6666666667,0.8807649258,0.31605507850000003
s477,0.9098735634,0.0476956975,1.2578262499,1.45,30.4782608696,0.2333333333,36.1666666667,0.4,0.1217619707,-0.795042785,3.5685977632,0.3322183342,2.2690434168999998,-0.3269269071,0.9062517123,-1.2040144060421603,-1.4518050440403,-10.339849077092975,-8.728569993257944,4.0766553596,0.2535769838,1.3104968759,0.33333333330000003,0.5,13.2916666667,-0.0791666667,0.0,-0.0015,-0.45833333330000003,19.6956521739,0.0691791045,1.0,-0.0012910448000000001,-2.572761194,0.0715559752,0.2653061224,0.7987094743,6.1,4.2,1.8554787067129999,0.40474042909199975,1.768422098068,-0.475706322968,-5.58952979671904,0.0039693034000000006,0.7777777778,-2.469142321,1.313251571,0.0,5.3201349372,2.4610519157,0.1474551825,1.4619171353,-0.87440141243,0.0,3.986049135824999,192.0,59.8991114415,0.8568707964000001,6.0,0.7196039200000001,0.0018328192000000001,0.8773010254,0.0020847071,0.5491666666680003,0.7037037037,-1.3953621788000001,-61.0,0.23529411760000002,1.7486436108,0.38348873920000004,1.2783856222,-104.5,0.0833333333,-0.6297206633,277.8333333333,2.9241910703,0.2812476165,1.5948705404,-8.0,183.5,8.730179766100001,0.6027511185000001,7.0,1.4473951796520006,0.4535766159930001,1.805668292106,-0.28156009417000005,2.4018685704,0.3611916449,1.2967688161,3.5,0.0931899642,-1.9943284572,116.0,0.040073445,0.024561403500000002,0.0,101.0,163.0,21.0,2.7902808762999998,0.3114962754,1.3281349594,-0.6603620146,4.0,4.4,342.5,2.8299800083,0.3351586487,0.04829221869134793,260.75,0.5277777778,2.9507232741,0.22886871450000001,2.0740057904,0.007519505,0.0523809524,13.8333333333,32.7860244059,0.0,4.0142377624,0.2671860943,2.2662252512,-0.7916975557,-0.3339169191,0.22859799620000001,0.4831143858,0.0554748459,1.468925449,-0.7260261182000001,-0.5478693906000001,1954.8788888889,16.0,5.0,2314.25,0.1397758561,0.1232259717
s478,0.6163717613,0.0095722744,1.6727783317,1.35,25.9259259259,0.1,23.75,0.33333333330000003,-0.0115286763,-1.4905590212,2.8961183919,0.3484276463,1.793971885,-0.8950276672,0.031363013700000004,-3.4539156287074273,-3.136136544678098,-6.711692289394943,-4.91021090729665,4.1183194611,0.2726103126,1.6771209349,0.1666666667,0.5,13.4166666667,2.359223927e-16,0.0,-0.002,-0.8333333333,11.75,0.0660200123,1.0,0.0025542169,-4.6771492751,0.27919864910000003,0.3469387755,0.9312864599,7.5,5.8,1.2311275845,0.42616204560000004,1.3861290036,-1.3467335331,-2.6166971212099077,-0.016406455900000002,0.1388888889,-4.6484738426,-3.6435363051,0.0,5.3201349372,3.2425165585,0.2652547924,1.9430212727,-1.0170844173,0.1714285714,3.9312389163,158.0,7.6113128603,0.3752535483,7.0,0.6401567459,0.0012486062,0.7495637417000001,0.0012758747,0.5833333333,0.037037037,-2.0746104157,49.0,0.4166666667,0.5106672874,0.4039404062,1.445341503,-1.0,0.213150882676,0.0798040299,293.3333333333,4.1275944417,0.2712953023,1.9712306097,24.5,-28.5,-7.1250294789,0.3527624629,10.0,2.1387985547,0.3784350023,1.5458122183,-0.2561480968,2.6736864198,0.35445671640000004,1.6976095372,40.0,0.09642857140000001,-3.4805840349,112.0,0.049141353400000004,-0.2600619195,0.6931471805599453,85.0,137.0,25.0,4.0834254408,0.256751587,1.3542410674,-1.4936254892,5.0,4.9,312.583333333334,3.4595007386660006,0.3201278037360001,0.5796544440251461,303.0833333333,0.5222222222,3.4577397438,0.2863074682,1.9223666679,0.0156429613,0.030952381,31.1666666667,-42.8860728225,0.0,1.9612853956,0.3517085232,1.9030956721,-1.8597705878,-1.0760506353000001,-0.37272890950000004,1.1374341659,0.3062349095,1.4571137318,-0.5575465265,-0.40597539920000003,2573.6320795394436,-10.0,6.0,4962.0,0.8768263901000001,0.5690737204
s479,1.0200705276,0.1032315708,1.7410285884999999,2.05,38.3684210526,0.36666666670000003,19.8823529412,0.4333333333,-0.17929075500000002,-0.5586713871,4.4365555393000005,0.3651951178,3.1799606115,-1.6745953162,0.7973544521,-1.197424655656998,-3.1689040376617497,-7.814119195131088,-7.198708027602068,5.5812089674,0.2837387644,2.4123059697,0.5,0.5,26.125,0.0125,1.0,-0.0081666667,-0.7916666667000001,22.625,-0.0919883303,1.0,-0.0019991023,-1.5116696589,-0.1428531907,0.12244897960000001,1.0488795647,8.2,6.4,2.397207073,0.48234978640000004,1.7760539721000002,-1.3139199052000001,-3.2203514230278705,-0.0237812984,0.1388888889,-1.0982445007,-5.7091869126,-0.3776785115220001,3.661066147910002,1.2999205603,0.3951349058,1.4853967421,-1.1195720593,0.22857142860000002,3.7262636324000002,229.0,59.8991114415,0.8568707964000001,6.0,0.7603970051000001,0.0009800402,1.0,0.0008894508,0.5277777778,0.48148148150000003,-0.8741548481,-188.5,0.0454545455,2.2891161372,0.4651656623,2.2502192678,-93.275,0.0,-0.7107045932,298.5,3.6225576586,0.3539447093,1.8007629835999999,-5.0,92.5,-5.0446157321,0.46882436260000004,8.0,1.4698998093,0.47838831540000004,2.076795789,-0.44654587640000004,3.1852678286,0.5453239546,1.6911439811,-4.0,0.10035842290000001,-1.1798782888,170.0,0.0831293062,0.0859649123,0.0,84.0,147.0,16.0,4.7956732454,0.3172652466,2.2121453883,-0.4635382448,5.6,6.1,283.1666666667,4.9213248203,0.2999300311,0.7460048363949467,294.8333333333,0.5055555556,4.5092446341,0.3390136024,2.397087786,0.0070047915,0.0071428571,24.3333333333,96.972897372,0.0,3.8403002457,0.40592501000000003,2.3855606369,-1.2378336585,-0.7127540459,-0.9638528416000001,1.9597449251999999,0.3640493166,1.9120588892,-0.49093454140000004,0.0551026409,2481.6866666667,1.0,9.0,4922.25,0.8628239184000001,0.3552881207
s480,1.3078691455,0.25374640260000003,1.425395387,2.15,28.2631578947,0.36666666670000003,17.0,0.2,-0.5195749712000001,-0.5315007899,3.9912905468,0.3618358092,2.3833551916999998,-1.4421338971,0.0817782534,-2.2216286828737535,-2.722885732917265,-5.9258707579616035,-4.953621848263661,5.345578068,0.24069827700000002,1.7339876038000002,0.8333333333,0.1666666667,4.3333333333,0.05,2.0,-0.0036666667,-2.2204460489999999e-16,3.6666666667000003,0.058333333300000005,3.0,-0.0043333333000000005,-0.5833333333,0.1652170527,0.2857142857,1.0609227334,9.3,8.5,3.183222246,0.4831101827,1.8167378275,0.40724368250000004,-7.22012192405661,-0.0003174504,0.9166666667000001,-2.6310039039,0.7809295355,-0.2331515124,3.5345441135,2.9139050163,0.1574243321,1.7580504659,-0.9575666758,0.1428571429,4.0502743994,178.0,25.7627506452,0.3968411315,9.0,0.9574218750000001,0.0010899559,0.9947265625,0.0013512465000000001,0.8055555556,0.6666666667000001,-1.4094651917,-24.0,0.4705882353,1.6299797574000001,0.4219350115,1.4974683085,-39.5,0.15789473680000002,0.0468075993,300.5,2.4565029312,0.30974441820000004,1.2255852499,50.0,7.5,6.5806550203,0.3357877823,6.0,2.0446056145,0.5873742926000001,1.7063266373000001,-0.5073506544,4.0532084053,0.45056865830000004,1.8114663758,4.0,0.09642857140000001,-2.2544919531,213.0,0.0828686503,0.0719298246,0.0,50.0,154.0,17.0,3.5960244861,0.27446186,1.9099393226,0.2621466519,5.8,4.8,277.5,4.8038452875,0.3458487296,0.3916739764502813,249.5833333333,0.5166666667,3.5241823875,0.3014976653,1.922497045,0.0144211834,0.033333333300000004,-16.8333333333,-27.6185281385,0.0,2.7840551608,0.44814708610000004,1.9472672386,-1.7171717132,0.2858858072,-0.024718324,1.4870463964,0.30678575280000003,1.5855167864,-0.9442986656000001,-1.0096389509,2798.6203703704,-5.0,8.0,4999.1666666667,0.8587423953000001,0.3433470422
s481,1.2497392170000001,0.26716185200000003,1.4004995221,2.0,25.2,0.1666666667,16.6666666667,0.30000000000000004,-0.1570187196,-0.853244899,4.5039203715,0.31785566670000004,3.5529868418,-1.1157699756,0.4462517123,-0.8886976353668351,-2.4330491979739013,-8.190497157952157,-7.3833225164334735,2.4317830037,0.23198646280000002,1.7916524948,0.6666666667000001,0.1666666667,10.7916666667,0.0125,2.0,-0.006500000000000001,-4.875,11.125,-0.0589882122,2.0,-0.0076345776,-2.855108055,-0.24789262720000002,0.061224489800000004,-0.0932588364,8.6,6.5,2.3788608237,0.5077796751,2.2855154494,0.5703136517,-4.81557909318004,0.0052970301,0.6111111111,-1.9325495691,-0.5750978044,0.1932209246,4.933693088,2.8815002505000002,0.178913337,2.0959744429,-0.8893284577,0.11428571430000001,4.1867508355,204.0,2.3916188301,0.3492235958,5.0,0.7845558167000001,0.0018107403,0.8862304688,0.001956,0.6111111111,0.5925925926,-1.8304668512000002,-62.5,0.4444444444,2.0329934938,0.3778668772,1.5376731021999999,-233.0,0.1,-0.21127819490000002,296.5,2.1568854898,0.310107597,1.1365684598999999,36.0,-10.0,14.0919223235,0.48551587430000004,8.0,1.7258765745,0.4888066225,2.020554156,-0.898675647,2.4425754764,0.388603886,2.2679739721,28.5,0.1071428571,-0.9892329962,154.0,0.026010913,-0.0403508772,0.0,63.0,126.0,16.0,2.757468254,0.2678362071,1.5025636005,-0.7175592554,5.6,6.1,348.6666666667,3.3554834948,0.31571066670000003,0.36705520430945443,235.25,0.5277777778,2.3334396858,0.2088204127,1.477759908,0.0035845190000000004,0.0642857143,34.8333333333,98.3790029016,2.0,1.8922888605,0.37941871990000003,1.7368382158,-0.6358902383,-0.7919224959000001,0.5217175261,1.8502057862,0.31651772100000003,2.0584893065,-0.003572983,-0.3568187044,2028.7777777778,8.0,8.0,3697.4166666667,0.6305592315,0.2387538907
s482,0.7524943771,0.2088237652,1.6567519283,1.85,19.1666666667,0.2,7.9166666667,0.2,-0.0861867426,-0.5910588366,3.2229592141,0.3435657686239999,3.1336582191,-0.1674842506,0.12533561640000002,-2.7703446660184325,-3.312885480970204,-6.224392005124627,-3.678875944476765,3.8375565938,0.2605998477,1.4560997123,0.8333333333,0.1666666667,8.375,0.1458333333,1.0,-0.0041666667,-3.125,13.4583333333,0.020212766,1.0,-0.0064326241,-3.975177305,-0.0177523711,0.08163265310000001,0.6674471681,8.0,7.1,1.8398856266,0.39128961240000004,2.0867053414,0.4164326285,-3.7025974125306327,0.0169320894,0.30555555560000003,0.7627122091,2.4197403318,0.0,5.3201349372,3.3633657651,0.1325309593,2.8302125154,-0.8075379761,0.0857142857,4.3503317988,121.0,59.8991114415,0.8568707964000001,6.0,0.5974589944,0.0009369441,0.8902950644000001,0.0012862491,0.6111111111,0.2592592593,-1.0532204571,-109.0,0.1538461538,1.5407165728,0.417417254,1.8013319931,-64.0,0.25,-0.3432668264,259.3333333333,3.2692027745,0.27604133610000003,1.3501550545,2.5,40.5,-31.5948961363,0.6407170567,11.0,1.3831146591,0.40328161030000004,2.1508693987,-0.9478012703,2.3880773082,0.3931937781,1.7008042069,-26.5,0.1146953405,-2.2249873813,140.0,0.0522707181,-0.0423116615,0.6931471805599453,90.0,150.0,25.0,2.7015549035,0.23894577930000002,1.6347595046999999,-0.4204394362,6.3,6.3,236.3333333333,4.1065791502,0.314977394,0.6300841468885071,229.4166666667,0.5111111111000001,4.2918196033000005,0.2964944715,2.4248437082,0.0069407721,0.009523809500000001,24.1666666667,86.2463276836,0.0,3.351774142,0.3846513875,1.8881562120000002,-1.8995874044,-0.6409648635,-0.472122244,2.0014027676,0.281372407,1.9121233265000002,-0.0015209991000000001,-0.0143966948,1866.9515151515,6.0,9.0,2344.1666666667,0.8145426786000001,0.28322599530000003
s483,0.9412641735,0.2151473545,1.1509090366,1.05,44.7777777778,0.4,34.0526315789,0.36666666670000003,-0.2519962687,-1.1082261422,2.7581165297,0.3238805122,1.5040595714,-0.5783779767,0.1376044521,-2.9386271329108116,-2.988175283665722,-6.5582519597787305,-4.774526839529512,4.2303025097,0.2611127793,1.68473301,0.1666666667,0.33333333330000003,12.1666666667,-0.033333333300000004,2.0,-0.0186666667,-6.75,21.9583333333,-0.043292682900000004,1.0,-0.0014552846,-5.8028455285,0.6453917824000001,0.3673469388,0.5278465606,11.1,8.3,1.0966903698000001,0.3758322807,1.5796032123,-0.6606331563000001,-4.142707461782058,0.0128728628,0.4166666667,-1.5133478749,0.2098776104,-0.22829995860000002,3.5248410059,2.6973920034,0.024157832400000002,2.2641556366,-1.0170844173,0.1714285714,3.9312389163,181.0,1.2928725743,0.0438060331,4.0,0.9,0.0017792651,0.874609375,0.0014897656,0.8055555556,0.2962962963,-2.449082372,13.0,0.6666666667000001,1.3098701965,0.4107417713,1.3311746144,-461.5,0.25,-0.9133673196000001,316.1666666667,2.4742495076,0.3656452414,1.835538828,-11.5,51.5,10.2050741975,0.4487692974,12.0,1.8086478548,0.4438828012,2.0654531654,-0.3350308305,1.6829108579,0.3974504599290001,2.4803783816,-2.0,0.1231884058,-0.6903877757,130.0,0.0301193635,-0.0216718266,0.6931471805599453,90.0,151.0,18.0,3.4871986124,0.3210382378,0.8436847595,-2.3012906446,6.5,5.1,275.0,2.7353410602,0.3828121899,0.9769490444171686,283.3333333333,0.5388888889,2.3484242356,0.33568751900000005,1.7404509106,0.0042757119000000005,0.0571428571,9.0,157.992451848,0.64,1.9426188809,0.32611761,1.4161413199,-0.694119271,-0.43150555030000004,-0.4690386777,1.4623870612,0.3278219316,1.4425274573,-0.45063336070000004,0.08786006460000001,2998.545,0.0,7.0,3355.2727272727,0.7823611926,0.2003722487
s484,0.8666621265000001,0.3716035828,1.3957631903,1.1,17.75,0.2,10.6296296296,0.1,-0.37601068190000003,-0.9886694341000001,5.4069906327,0.3874025296,3.0434601203,0.5390806084,0.8312517123000001,-0.6600552601472203,-3.156520229110767,-9.372060796834248,-7.471227568670281,3.5755523684,0.28799529430000004,1.7983029445,0.0,0.33333333330000003,3.4166666667,0.0083333333,1.0,-0.0006666667,-1.4166666667,9.125,0.0029303655,0.0,0.0007796610000000001,-0.2168674699,0.0983877635,0.2857142857,-0.0961140967,8.1,7.0,1.4315357782,0.6244495048,1.6103542752000002,-0.40012873520000003,-3.6164895856268378,0.020659855600000002,0.2222222222,-1.9745993341,-0.2043265604,-0.2602683052,3.4510041959,1.7936489002,0.1838565379,2.0886110734,-1.0170844173,0.1714285714,3.9312389163,112.0,57.9526365305,0.8535643773,6.0,0.6356148243,0.0007519226,0.7659990311,0.0009971358,0.33333333330000003,0.48148148150000003,-0.904819362091,-120.86,0.3049696401969999,1.288583683119999,0.46655703998800013,1.798310862823,-187.71,0.16925130233000005,-0.3525253696540001,372.11999999999995,2.6895229635550004,0.34102823807199995,1.47975794803,23.66,54.815,1.764507004344001,0.7511492304,1.0,1.6027974149,0.7757283322,1.9710498688,0.1370516645,2.5663393118,0.47131178360000003,1.7790888458,45.0,0.08214285710000001,-0.5395506576,92.0,0.08701787350000001,-0.1701754386,0.0,107.0,134.0,22.0,3.0178458058,0.3267902238,1.2730605324,-1.0158803718,5.4,5.4,327.0,2.5567878478,0.4265617322,0.2055988806119077,412.625,0.4833333333,2.3200860461,0.394932447,1.1307142458000001,-0.0010273732000000001,0.11904761900000001,67.75,19.6176647427,1.04,1.7027378099,0.4070713701,1.6855175164,-0.5981371247,-0.45608857490000004,-0.5154966112,0.8642821889000001,0.0680230995,1.9161435656,-0.08869549900000001,-0.2623593283,2880.7712591750837,-3.0,6.08,7316.1666666667,0.17954101890000002,0.4801633129
s485,1.0187977143,0.020710488500000002,2.1047279712,2.25,12.8333333333,0.0,12.2592592593,0.1,0.3061439033,-0.7138101509,2.7647129842,0.4020814098,1.8115522934000001,0.0339381635,0.0889914384,-0.8495006270639965,-2.3665940743625518,-7.781751603395012,-7.586845325635791,2.8616015701,0.2320942684,1.8999606418,0.1666666667,0.6666666667000001,11.6666666667,-0.0666666667,0.0,0.001,0.25,15.1666666667,-0.0007092199000000001,1.0,0.0023049645000000002,-3.5904255319000002,-0.1600426932,0.0204081633,0.4680885885,7.6,7.8,1.1907100376,0.4227073032,1.9120600470000002,-1.4880871984000001,-3.138959386704785,-0.0141711844,0.1944444444,-0.9897731110000001,-0.2945939503,-0.5769915315,2.8372255301,1.8750981913,0.2530687439,1.6540006292,-0.798037988618,0.0,5.7118837382,168.0,10.925098711,0.2565783653,8.0,0.7656909943,0.0014622159,0.880078125,0.0017481509,0.7222222222,0.33333333330000003,-0.6448768213,-216.0,0.33333333330000003,1.2738167475,0.4450657672,1.99966295,305.0,0.058823529400000005,-0.4869804264,325.453333333333,2.577132729662001,0.298585848358,1.625666671319,25.27,65.73,4.7187181977,0.6941134398000001,9.0,1.3334965031000001,0.5251488014,1.9535700804,-0.0633891344,2.3471028691,0.4438125914,1.5479347524,19.5,0.0860215054,-1.5481684864,121.0,0.014439282900000001,-0.35810113520000003,0.6931471805599453,79.0,128.0,18.0,2.1368707092,0.2737148084,1.2909437262,-1.1350698566,5.8,5.5,268.3333333333,2.4713717572,0.29318165560000004,0.7597223320759561,236.9166666667,0.5235555555529998,2.6623216643000003,0.3154823433,2.2224041063,-0.0007341933000000001,0.1,47.8333333333,53.9032902468,0.0,2.1773800555,0.309727802,2.3218191447,-0.4885560358,-0.36052758,0.1712153505,1.4888210013,0.0682635956,2.6884509502,-0.4519033786,-0.0997864998,1851.5511904762,23.0,4.0,2962.8333333333,0.5335571387,0.40402210200000005
s486,1.2359892888,0.43536905670000003,1.3761541388,2.5,44.1052631579,0.36666666670000003,24.1428571429,0.30000000000000004,-0.3019053134,-0.9139369965,4.0724676718,0.4026311984,3.0956660323,-1.0555275514,0.4862542808,-3.091172599626974,-3.2058193108246185,-6.291814573674809,-3.869823056722976,3.4857091784,0.2972470832,1.6473643055,1.0,0.0,10.6666666667,-0.0666666667,1.0,-0.0006666667,-2.8333333333,10.0416666667,0.0842467139,2.0,-0.0149698686,-2.9504550051000002,0.0584095707,0.2857142857,0.46762843070000004,8.8,6.7,2.2422765468,0.5943851097,2.1733153467,-0.22130856573400004,-2.6398535791377875,-0.0237539821,0.0555555556,-2.4777982162,-1.6867821903,-0.3719338943,3.8121088774,2.3045406105,0.27505928830000004,2.6278515232,-0.9575666758,0.1428571429,4.0502743994,247.0,0.0331595576,-0.6040336065,3.0,0.6945617676,0.0006909899,0.9968261719,0.001013318,0.6388888889000001,0.2962962963,-0.5165387966,-336.0,0.1428571429,1.4418532099,0.5639730172,2.3961137961,-357.5,0.0555555556,-0.3721731943,413.6666666667,3.3576881366,0.3108735466,2.1235939544,53.0,74.0,3.5003278533,0.6715414085,16.0,1.6492952067000002,0.5496010420709998,2.2548077513,-0.0190095917,2.5132538277,0.46112871815300016,2.0932497096950007,-13.5,0.1071428571,-0.8170140498,107.0,0.0435683617,0.0918472652,0.6931471805599453,111.0,163.0,18.0,3.9099793865,0.30640967010000003,1.4916810565,-0.0231831188,6.5,5.9,274.1666666667,4.6762637873,0.2751257654,1.0794002407915688,307.0,0.5111111111000001,3.020175713,0.3467220069,1.6682765953,0.009072651000000001,0.0285714286,51.0,24.424914509,0.0,2.8947338162,0.3337760209,2.6026045635,-0.4293810133,-1.0789702589,-0.905301699,1.6705327685,0.3380873957,2.4585553775,-0.145066209,-0.46291600720000003,2857.9481481481,5.0,8.0,4408.75,0.8417794818000001,0.36399278150000003
s488,0.8743346963,0.20418743720000002,1.6243571511,1.5,37.9090909091,0.2666666667,14.2608695652,0.2333333333,-0.2559005562,-0.5335194857000001,2.3627610017,0.35869227647400004,3.527558975,0.1613329501,0.0560136986,-0.4142449769528192,-1.725615858311562,-5.10697591161922,-7.619483828877437,1.2915077617000001,0.2666815475,1.353507402,0.1666666667,0.6666666667000001,15.2916666667,0.10416666670000001,0.0,0.0055000000000000005,-0.625,9.5416666667,0.29285136500000003,0.0,-0.0012032356,-0.47148634980000004,-0.0248849169,0.24489795920000001,0.9283306689,7.4,5.2,1.2507338116199995,0.43642276442899997,1.847506746870999,-0.7334726623000001,-1.5404450408804822,-0.0057984668,0.0,-1.977882346239,-1.2987750478499998,-0.5220293220129999,2.691951282725,1.7736686199529998,0.14048740751100008,1.781575645104,-0.9168473076780002,0.22857142860000002,3.2427318251970005,164.0,59.8991114415,0.8568707964000001,6.0,0.9405670166000001,0.0006916981000000001,0.772342968,0.0015181103000000001,0.6388888889000001,0.2592592593,-1.7826469361,25.5,0.35761029203199995,1.1071465738,0.3266963943,1.6303389824,-366.0,0.0476190476,-0.5984877434,360.05166666666895,2.4840656072130014,0.30473743671699993,1.4523203465810004,25.79,50.255,9.2958764144,0.4677504711,2.0,1.0015803965,0.5651756375,1.8590143276000002,-0.6456522806,2.7057774648,0.4012112268329999,1.9280458730269996,-28.5,0.10294117650000001,-1.0863016664,61.0,0.0064340122,-0.1818181818,0.5321598489969874,52.0,81.0,32.0,3.2845193532,0.2926313437,2.1344884574,-1.2144931238,5.7,5.0,350.465,2.560310434734,0.2609048069,0.41598716308670297,308.859166666665,0.5237222222249996,2.2095627381590006,0.3105648925810001,1.6869832708040005,0.005478429879999997,0.08126190475800002,27.86083333332999,39.643212012159005,0.81,1.2855543707,0.3301779554,2.1475566566,-0.4935516553,-0.1636817608,-0.3015624619,0.8622687751,0.1601687664,1.9032785482999999,-0.3415885044,-0.4305178952,2717.2716666667,8.0,7.0,3784.4166666667,0.8454161012,0.125539208
s489,1.1988519179,0.3229246504,1.6826873513,1.6,12.9285714286,0.0666666667,11.84,0.1666666667,-0.1374906567,-1.0865412295,3.6572117153,0.4283961371,2.2803965611,-0.0038959632,0.7030907534,-1.9303014365854507,-3.3886226658385628,-7.670933584112995,-6.577417893565812,4.2928708296,0.3098334035,1.3597339329,0.5,0.33333333330000003,9.5,-0.058333333300000005,0.0,-0.006666666700000001,-2.75,8.9583333333,0.0378895815,0.0,0.0021175423,-0.6391362422,0.0515384615,0.1020408163,0.9411965812,8.5,6.9,0.8044525073000001,0.5599782894,1.4348321598,-0.6529586846720001,-2.9733693618937185,-0.023788517800000002,0.1388888889,-5.3987843855,-2.832291985,-0.24725917520000001,3.4966902426,1.2656516248,0.0159431425,2.3923043440000002,-1.1652624446,0.2571428571,3.6348828618,180.0,25.7627506452,0.3968411315,9.0,0.881072998,0.0013821334000000002,0.9473144531000001,0.0017275794,0.6388888889000001,0.33333333330000003,-1.2133973511,12.0,0.15,1.5173561904000001,0.45328453280000003,1.7846369902,-109.5,0.1764705882,0.09090797540000001,285.8333333333,2.756612825,0.3064079299,1.8895809375,49.0,186.0,1.548807897511001,0.5571275451000001,5.0,1.4216373441,0.4710393332,2.5518085049,-0.0257579769,2.4652877278,0.504501836,1.9605657067000002,83.0,0.1178571429,-2.0950731691,119.0,0.010969454600000001,0.221878225,0.6931471805599453,84.0,112.0,19.0,3.9434718436000002,0.2957699773,1.8873814967,-1.560653601,6.0,3.6,295.0,2.8512049161,0.3430122229,0.6543041720232939,286.0833333333,0.5277777778,2.7968460502,0.36299725860000004,1.7564173093000002,0.0062507093,0.0285714286,-7.8333333333,95.2046351931,1.0,2.4042143637,0.42980203,2.5384795098,-0.3653506807,-0.3715306452,-0.582519878,1.6736110225,0.39576390380000004,1.7409917535,-0.3946971103,-0.3818666537,2746.93,-4.0,4.0,6689.9090909091,0.8593645247,0.3763216695
s490,1.1792703654,0.2536477038,1.2449656568,1.9500000000000002,15.0833333333,0.2,11.7916666667,0.2,-0.5597328565,-0.6382873706000001,3.3186787241,0.335593246,1.7428967035,-0.48749806900000003,0.20352054790000002,-0.9008919249211922,-1.9961333603965292,-6.916252780702819,-5.637575468089899,1.7030689045,0.22281847870000002,1.1833502616,0.6666666667000001,0.0,15.9583333333,0.0125,2.0,-0.014833333300000001,-3.375,13.625,0.0254237288,2.0,-0.010481927700000001,-2.2516847049,-0.1571246792,0.24489795920000001,1.0313988787,8.2,6.6,2.6355666187,0.33795127810000003,2.2387951364,-0.29203223266,-4.122430795685445,0.0103810764,0.4166666667,1.3825861754,2.2161408231,0.1976700244,4.9247948884,3.563077191,0.033144255000000004,3.900778629,-1.2083775268,0.2857142857,3.5486526974,181.0,10.925098711,0.2565783653,8.0,0.7580966949,0.0009994266,0.8355087280000001,0.0013369329,0.7222222222,0.48148148150000003,-0.2301927406,187.0,0.0,1.6242004824,0.4871784562,1.9673014248,-347.0,0.0,-0.7051265381,298.69999999999794,3.202736355882999,0.289380702503,1.7816555309630004,12.21,94.955,0.6898332912,0.488760564,11.0,1.608301331,0.3067101649,2.4748515803,-0.0042962946,3.0962865299,0.39724697130000003,1.8977605314,-43.5,0.1,-1.9747556606,74.0,0.0017780984,0.1614035088,0.0,99.0,130.0,19.0,3.6174166897999998,0.2779249784,1.9728610545,-0.4978109637,5.2,4.2,266.8333333333,5.4668197278,0.2626122806,0.8949888494196124,248.9166666667,0.5055555556,3.5832202543,0.21604272800000002,2.4097413565,0.010050472000000001,0.033333333300000004,34.1666666667,51.8668256808,0.0,2.863282463,0.3878907808,2.0014504478,-0.8789427876,-0.8718633234000001,-0.08287401330000001,2.0427610142,0.3188924483,1.6143230259,-0.7091871461,-0.6019283759,3712.2142857143,-3.0,7.0,5353.0833333333,0.1675384494,0.3166153661
s491,0.6857665206,0.11881251,2.0754373798,2.0,10.7407407407,0.1,8.75,0.2,0.1286124603,-1.9092833377,2.3352303925,0.3845876546,1.6784464782000001,-0.29972967370000003,0.4421678082,-2.441689717549904,-3.2014135983903707,-7.314078405082483,-5.394040229494337,3.3050359805,0.3572031103,1.4843902398,0.33333333330000003,0.33333333330000003,5.2916666667,0.0625,0.0,0.0018333333,-0.2916666667,11.4166666667,0.023044096700000002,0.0,-0.0021918309,-1.2347083926,0.0241254206,0.1739130435,0.7679166082000001,7.2,3.7,1.374597944691,0.46425078630100003,1.9212953780550002,-0.5701384205999998,-2.8846797320551802,-0.017900101300000002,0.1388888889,-0.6860177183,2.0411298318,0.42332495000000003,4.4734850373,1.8432462088000001,0.0300719661,2.083783161,-1.1227206548,0.3142857143,3.2129184158,107.0,46.0626954627,0.8291899447000001,10.0,0.6930587530000001,0.0014906277,0.6457630157,0.001379638,0.30555555560000003,0.2592592593,-0.8805860966,59.0,0.6153846154,0.494213885,0.4381115515259999,1.819384394,119.5,0.4285714286,0.39440855,379.73500000000405,2.524454772222,0.33524494710999986,1.5528477490550006,24.56,57.745,-3.2787897714599996,0.421813152,4.0,1.0775490991,0.6588891902,2.3659931086,-0.7480112165,2.7473928857,0.4663272243,1.5131411399,-27.0,0.09642857140000001,-0.633058042,95.76,0.032765642964,-0.003300959096000002,0.457748159837131,96.58,146.76,19.95,2.0544156962,0.34011562840000004,1.8167034701,0.25615011860000003,4.7,3.8,398.8333333333,3.0878597127,0.3554281362,0.42787076380012057,324.6666666667,0.5,2.3390480497,0.33211624440000004,1.5462610733000002,0.0024223456,0.07619047620000001,135.3333333333,0.6941558442,1.0,2.3751920685,0.48146284370000003,1.9649050871,-0.16156505640000002,-0.440159236,-0.0276543918,0.5995999351,0.0906238235,1.9719786053,-0.0515394174,-0.1514168726,2993.1527777778,10.0,3.0,3037.8333333333,0.8256218483000001,0.32002450520000003
s492,0.5375436213,0.0845303951,1.5994372751,1.4,8.6296296296,0.1,13.0714285714,0.0666666667,-0.176118821,-0.2752775287,2.8374767260000002,0.3315910064,2.0712037868,-1.1151338368000001,0.031630137,-3.4640387134407113,-1.789628180238818,-6.8370050163286304,-4.761705763725335,3.9058724751,0.2821324523,1.8128354522999999,0.5,0.1666666667,5.3333333333,0.033333333300000004,1.0,-1.7347234760000003e-18,-1.3333333333000001,9.0,0.1,1.0,-0.0020588235,-2.9117647059,-0.2946720799,0.1632653061,0.7685083227,9.5,6.7,1.3962465185,0.45044248800000003,1.7080466939,-1.1565751746,-1.3539476851171106,-0.013144806,0.1388888889,-4.233333019,-2.4731487513,0.4181320954,4.4838707464,1.8146238507999999,0.008680239000000001,2.6204405304,-1.2083775268,0.2857142857,3.5486526974,143.0,2.3916188301,0.3492235958,5.0,0.9522460938,0.0007349573,1.0,0.0016732633,0.5,0.037037037,-1.3341301881,-65.0,0.2857142857,1.5144053515,0.4922447615,1.3760114088,-85.0,0.1764705882,-0.9834700037,369.8333333333,3.2263342567,0.3684576021,1.2407054180000001,13.0,68.5,5.629843572505998,0.5146171273,12.0,1.9191961308,0.4843919833,2.0234685292,-0.419960647,3.1230452372,0.4469217,2.5767258805,-75.0,0.083032491,-1.4871076834,131.0,-0.0031626441,-0.29901960780000003,1.0986122886681098,69.0,124.0,20.27,2.1391930889,0.2687774043,1.2302559205,-0.6384736156,5.3,5.1,306.1666666667,4.4429774709,0.3676206326,0.4845593182847506,286.4166666667,0.5333333333,2.4561417903000002,0.2568418648,1.7881427514000001,0.0076451892,0.080952381,8.8333333333,90.05352657,1.0,2.572240812,0.3631101053,1.7744020126,-0.6869781864000001,-0.2878847809900001,-0.17630597918699997,1.2803681179740007,0.25467161856799986,1.787230791142001,-0.4087277504999999,-0.24935269840200003,2273.4583333333,-2.0,8.0,5499.4166666667,0.8140297282000001,0.3243236957
s493,0.7518747064,0.185677733,1.373372731,1.1,29.5652173913,0.2333333333,27.8947368421,0.36666666670000003,0.1616270156,-0.638194946,3.5445453459,0.4231754612,2.6980762762,-0.7191909183,0.6627671233,-1.9551651736768934,-3.1680899368144737,-8.983301218383227,-6.385572413536219,3.161671896,0.3142582981,2.2326003984,0.8333333333,0.1666666667,12.8333333333,1.249000903e-16,1.0,0.0003333333,-2.5833333333,11.5416666667,-0.0502463054,1.0,0.000954023,-3.5718390805,0.2409421767,0.2244897959,0.8737553136,7.5,5.5,1.8303108943000002,0.4441279362,2.1603608774,-0.9445355101,-2.9814558937566336,-0.0166211026,0.1388888889,-1.2758687981,-1.0584422398,-0.2618582637,2.8244152882,1.5812050954,0.2395092842,2.0694787632,-1.0170844173,0.1714285714,3.9312389163,173.0,25.7627506452,0.3968411315,9.0,0.8079391479,0.0008985939,0.9922607422,0.0015697374,0.6111111111,0.2962962963,-0.6429219967,446.0,0.3846153846,1.1680067396,0.4267967308,2.0550612763,-656.0,0.125,-0.5011927838,398.3333333333,2.1845264556,0.3423771524,1.4088395891,6.0,16.0,2.3609416619809998,0.5864145299,5.0,1.3258342873,0.5379028786,2.0420150478,-0.6311295158,2.036792338,0.5145997640000001,2.2759375287,-49.5,0.1294964029,-1.1655309381,71.0,0.0127948877,0.0639834881,0.6931471805599453,134.0,170.0,23.0,2.6967024506,0.3031575429,2.2815096606,-0.7126206912,6.1,5.2,272.0,3.0480477941,0.39689348690000004,0.8224827816617326,285.5833333333,0.5555555556,1.9366437936,0.330583348,1.4126965143999999,0.0043435837000000005,0.1238095238,35.5,105.0737784228,0.0,2.3114503232,0.3380330842,2.6251824291,-1.0837400985,-0.4647821487,-0.0932288559,1.6289990121,0.0142206524,2.8662274713,-0.2261981389,-0.4735074614,3087.0466666667,1.0,9.0,4467.75,0.8529312919,0.4384512057
s494,1.1554379031,0.20754773470000001,1.6380951047,2.15,40.1111111111,0.4,24.55,0.33333333330000003,-0.1416522042,-0.5612564419,3.5190740498,0.42603197200000004,2.0781463372,-1.6929944329,0.4878313356,-0.8384996350980647,-3.2523936536232156,-7.399925011133427,-6.6771809245965335,5.32970261,0.2944775854,1.6832303681,0.33333333330000003,0.6666666667000001,15.375,-0.0041666667,2.0,-0.0045000000000000005,-1.2083333333,22.1666666667,-0.0294047619,0.0,0.0004904762000000001,-0.680952381,-0.16009589770000002,0.061224489800000004,0.9461729711,8.5,6.3,2.9339075812,0.4262032206,2.2251960897,0.91048328,-3.12840681585679,-0.023686745000000002,0.0277777778,-1.2257624431,1.8486854611,0.0,5.3201349372,3.3579956615,0.013062637600000001,2.421148674678,-1.070541321,0.2,3.8243251091,235.0,59.8991114415,0.8568707964000001,6.0,0.7939270020000001,0.0012151716000000001,1.0,0.0011903436,0.6111111111,0.5185185185,-0.6431023090000001,2.0,0.1818181818,2.5828955359,0.49332988440000003,1.8975692486,-97.41,0.0,-0.4139749795,300.6666666667,4.7358831478,0.3530244403,2.1442389721,44.0,4.5,0.9527420990000001,0.5675561608,7.0,1.6581673912000001,0.5415307037,2.0872192493,-0.027352467300000002,3.5570468818,0.4545890582,1.8176036545,1.0,0.1321428571,-1.5483691617000002,139.0,0.0158952046,-0.049122807000000004,0.0,86.0,131.0,21.0,3.7734785415000003,0.32919349880000004,1.8380973374,-0.6122862654,6.0,6.0,305.8333333333,3.99689214,0.3484118122,0.6148021084706861,302.9166666667,0.5111111111000001,3.9305818418259992,0.2957405858,2.105290033032,0.0101390148,0.0,9.5,62.4958333333,0.0,3.9796329356,0.420211015,2.5933220724,-1.1397499187,0.6618036026,0.36723464910000003,2.0918600315,0.3561911406,1.9574625684,-0.3447049841,-0.3686886272,2120.0833333333,-1.0,9.0,5537.75,0.8812996015000001,0.211538988
s495,0.7926456552000001,0.0165053,2.2075339685,1.8,30.2173913043,0.2333333333,28.5714285714,0.30000000000000004,-0.1183910869,-1.5740154601,3.9771131473,0.387301648,2.2245912769,-0.5653302763,0.8012517123,-1.3367347604712143,-2.5404585719600243,-9.930840250017248,-6.546570848080742,3.7529275016,0.2622653654,2.0569229924,0.6666666667000001,0.33333333330000003,8.25,0.09166666670000001,3.0,-0.0046666667000000005,-2.6666666667000003,22.25,-0.0473296888,0.0,0.0022102607,-1.0218671152,-0.0135538607,0.2244897959,0.5283936384,8.6,7.2,1.4557926777999999,0.33889310580000004,2.4990903759,-1.3290556438,-3.3843344114906713,-0.0203812685,0.25,-2.0336586755,-1.1362298272,-0.38405992510000003,3.7702917423,2.3075078325,0.0187480034,3.3174530324,-0.9575666758,0.1428571429,4.0502743994,150.0,59.8991114415,0.8568707964000001,6.0,0.9014892578,0.0015891229,0.84140625,0.0016269857,0.5833333333,0.5185185185,-0.1386111279,-564.0,0.0555555556,1.3808172307,0.47008898190000004,2.1833448849,-226.0,0.1666666667,-0.030337613200000002,234.6666666667,3.6517260683,0.3377676201,2.1982610876,-10.5,110.0,2.6368250944,0.5444854609,8.0,1.6056366143,0.562336085,2.4724841434,0.0897420044,2.7375497928,0.4136406541,1.8926460563,19.0,0.1115107914,-1.7922884459000001,118.0,0.0533451578,-0.0280701754,0.0,113.0,161.0,23.0,3.0787949393,0.3652240798,1.947480045,-0.4056407933,6.1,6.0,430.3333333333,3.1307717613,0.3897323513,0.39173482652206487,353.3333333333,0.48888888890000004,4.0537038673,0.365998639,1.7400300062,0.009409941,0.0047619048,56.6666666667,-18.1196078431,0.0,2.0130990141,0.3436877078,2.1921297957,-1.2469761823,-0.1670713168,0.0720886385,1.8218030391000002,0.3323801784,2.0875302002,-0.1507111542,-0.5494326755,4208.7380952381,-3.0,7.0,5910.75,0.8493878674,0.4021572049
s496,0.992594045,0.09060960080000001,1.6985923705000001,2.05,10.2222222222,0.1,11.7407407407,0.1,0.0223121881,-0.9195006772000001,4.1024928192,0.3756782125,1.9219677758,-0.6573491713,0.1109280822,-1.9924724031155694,-3.2675589733890114,-6.644520777895781,-6.632322549337449,5.4155553065,0.2793984289,1.3813345469,0.33333333330000003,0.33333333330000003,12.2083333333,0.0958333333,2.0,-0.0105,-3.2083333333,7.7083333333,-0.0014705882,1.0,-0.0041764706,0.625,0.2213537864,0.3673469388,0.9221010927000001,7.8,6.6,2.9403148659,0.4962854014,2.2562386176,-0.2982679116,-4.703991727413313,0.0062878890000000005,0.5833333333,-1.2425323908,-0.41335299480000004,0.1910395678,4.9380558016,2.76709081,0.21801220600000001,1.6531137939,-0.8075379761,0.0857142857,4.3503317988,200.0,0.0331595576,-0.6040336065,3.0,0.5,0.001209706926,0.5981097221,0.0012038734,0.6388888889000001,0.4444444444,-0.6668648425,-114.5,0.11764705880000001,2.3855445446,0.47237159570000004,1.7549925530000001,74.0,0.0,-0.6242007749,298.1666666667,4.0344977407,0.3178543501,1.2582091944,31.0,71.5,2.452295722458,0.4748288653,13.0,2.0738685724,0.5981390319000001,1.8258732305,-0.6834315242,4.1372058766,0.3719896495,1.3098730549,-4.0,0.1,-2.5851062726,167.0,0.0753750612,-0.0754385965,0.0,79.0,168.0,23.0,3.8586670081000003,0.2960639372,1.9090293106,-0.0213600619,5.9,5.2,202.5,3.6298047333,0.3714608942,0.6867901893390483,239.0,0.5055555556,3.714886382659999,0.3131753995,2.5008438694,0.0205775866,0.0047619048,-2.0,31.4707397004,0.0,3.4781237089,0.3507718426,1.8946882336000002,-1.4581409848,-0.4894785485,-0.1819791197,2.1088879718,0.35012827080000003,1.6328026665,-0.9822612213,-0.3173528772,1705.975,4.0,10.0,5165.25,0.8534710849,0.1703934764
s497,1.3789693339,0.2556851459,1.1895336687,3.15,54.1111111111,0.32599999999499985,25.295086788859003,0.6666666667000001,-0.5152318441,-0.6947624605,3.1435411212,0.40894538220000004,1.2974112333,-1.4463999389,0.5797148973,-0.5342762496953614,-2.253661191605356,-8.337592833728475,-8.09330483829491,4.7845088296,0.27151903180000003,1.848982387,1.0,0.0,1.9166666667,0.1416666667,3.0,-0.0056666667000000006,-1.0833333333,2.75,0.11350482320000001,3.0,-0.0045401929,-1.1093247588,0.4562670703,0.2653061224,0.7591891803,8.1,7.0,2.6267491155,0.4198529943,2.2663775658,-0.3784520081,-7.9389118369591145,-0.0088188833,1.0,0.276765256,5.1381453305,0.0,5.3201349372,3.6239126023,0.2000610583,1.9553398745,-1.0170844173,0.1714285714,3.9312389163,231.0,1.2928725743,0.0438060331,4.0,0.5805901289000001,0.0006824308,1.0,0.0011733923,0.75,0.9259259259,-1.0070666192,-355.0,0.0526315789,2.1595201158,0.42818451160000004,2.2836942948,-153.85,0.0,-0.3140787185,286.5,2.8358222919,0.26946588450000003,1.5308287062,41.5,85.5,35.5925859442,0.45563321500000004,18.0,2.341434133,0.4033965486,2.0674485001,-1.2217865813,3.3801369826,0.3998986222,1.4282296124,26.0,0.09285714290000001,-2.2134265864,223.0,0.0832863425,0.14385964910000001,0.0,71.0,195.0,14.0,4.8813622351,0.2765353937,1.5853242710000002,-1.2428054982,6.0,5.6,286.0,5.4357500277,0.3015102046,0.8231604429403392,259.9166666667,0.5277777778,2.9974974403,0.2810788744,1.6067650553,0.0043425271,0.0404761905,-8.8333333333,77.9091228952,0.0,2.536433391,0.25029081870000003,1.916472527,-1.6389674077,-0.3800262171,-0.1767195667,1.889107424,0.338356064,1.7953507918,-0.40693213710000004,-0.0676875967,2619.003030303,0.0,9.0,4804.8333333333,0.1911057729,0.3194807514
s498,0.7112978632,0.0892642658,1.9550175398,1.65,29.3636363636,0.2666666667,32.8235294118,0.4333333333,-0.8967116729,-1.9661854632,2.6967178183,0.3182607819,1.3208153968,-0.652683588,0.1556746575,-3.1247727870029856,-3.235886120603377,-5.741684735749507,-4.963124909067838,3.0228640358,0.27888673610000003,1.2605241807,0.5,0.33333333330000003,17.125,-0.0125,2.0,-0.011166666700000001,-4.375,13.7083333333,0.0294887781,2.0,-0.008891105600000001,-1.860556941,-0.07620059500000001,0.18604651160000002,0.8951338717,8.3,7.7,2.2482243449,0.5903402926,1.8051537487,0.003640284,-2.638947790214918,-0.0237182465,0.0555555556,-1.1713019701,0.11683994800000001,-0.15381375120000002,3.0736157567,2.2490998519,0.209593088,1.6196986296,-1.4375347416,0.4571428571,3.0903382679,238.0,2.3916188301,0.3492235958,5.0,0.7022261620000001,0.0012358522,0.6641836166,0.0013764044,0.6111111111,0.2962962963,-1.3175694484,-70.0,0.5555555556,1.5474023801999999,0.3546359662,1.5033244692,200.0,0.1333333333,-0.3707881096,327.7983333333442,2.4967760561900003,0.313041558259,1.3236914344959998,27.035,61.2,-0.6793930770000001,0.3553118272,8.0,1.8485715049,0.4664548558,2.2111438065,-0.3014129934,2.4537975383,0.4005422315,1.6598860233,-26.5,0.0857142857,-2.3597168695,129.0,0.0596125652,0.1424148607,0.6931471805599453,86.0,144.0,23.0,3.0938561121,0.3253312333,1.2943289698,-1.5685214653,5.3,6.1,331.6666666667,1.9186335052999999,0.3078012305,-0.03509888571131998,249.4166666667,0.5166666667,2.3922073908,0.2701811469,1.240486693,0.0058667868,0.0833333333,-53.1666666667,-86.3433333333,2.0,2.0146028456,0.428039186,1.4723978145,-1.5123876889,-1.0698533211,0.2263865814,1.2984723213,0.3326298585,1.4589515121,-0.1830772292,-0.2628167592,1640.3733333333,12.0,6.0,3409.75,0.1746612468,0.4044699074
s499,0.9625633472,0.3014525453,1.6070738273,1.7000000000000002,36.1111111111,0.4,27.1428571429,0.30000000000000004,-0.22943356040000001,-1.0200547241,2.5747798594,0.3793656241,1.582197523,-1.2713730704000001,0.1549332192,-3.235886120603377,-3.3739187401191284,-5.057407581549008,-4.704017218059135,2.669411528,0.2806281578,1.3549090962,0.6666666667000001,0.1666666667,17.7916666667,0.08750000000000001,2.0,-0.0051666667,-2.7083333333,21.375,-0.1700277718,0.0,-0.0008472549000000001,-1.5576799828999999,-0.0946356589,0.3265306122,0.4609612403,7.0,6.2,1.1244356891,0.6373636102,2.2067187672,-1.1045874298,-2.1171764681023477,-0.0050216188000000005,0.0555555556,-1.1023069073,1.5558039529,0.14676739730000002,1.9280084387,1.1942644055,0.2357254669,0.9726475623,-1.1195720593,0.22857142860000002,3.7262636324000002,172.0,7.6113128603,0.3752535483,7.0,0.7003261566,0.0008263466,0.93125,0.001212399,0.6388888889000001,0.18518518520000002,-1.1508245862,-159.0,0.25,1.2832671544,0.3985418389,1.6474748634,-158.5,0.4285714286,-0.46446497800000003,375.5,1.9153702243000001,0.3297612318,1.4023443032,36.0,126.0,1.6232272438260005,0.6523632628,8.0,1.6285788016,0.5729435943,2.2397548948,-0.6922105597,2.2438896205,0.4798137847,1.6850440696,21.5,0.0857142857,-0.8239473386,104.0,0.0402036579,0.5323529412,0.33454514737051105,97.0,159.0,23.0,3.1531041599,0.32298765890000003,1.4008896768999999,-0.00046351190000000004,4.8,4.2,321.5,3.4155945689,0.39933312930000003,0.23749973125346216,354.1666666667,0.4777777778,2.1253000265,0.33996585521699985,2.4182796865,0.0054470262,0.069047619,29.3333333333,1.9095915312,0.8,1.8348136309,0.43557919770000003,1.2515022905,-1.4110655592999999,-0.5112855054000001,-0.2000343377,0.8274319809,0.0863013208,1.9837953654,-0.3995800942,-0.1456134913,2127.6666666667,17.0,5.0,3581.75,0.5517237391,0.8296445855
s500,0.9956822398,0.0830761899,1.8479715338,2.3,33.0,0.4,20.5,0.33333333330000003,0.0676850897,-0.6055617659,4.6338669141,0.41444863590000003,2.1503073728,0.1839184656,0.6562517123,-0.8563512762598946,-1.3294124313870392,-8.686370710790165,-7.042307306563078,4.3859766118,0.3058753529,1.1167412353,0.6666666667000001,0.1666666667,7.0833333333,0.025,2.0,-0.008,-3.5,10.7083333333,-0.0534704904,1.0,-0.0041546135,-5.1319617623,-0.0036913564,0.2173913043,1.0278583375,7.5,6.7,0.7662982156,0.49533011390000004,1.5080938320000001,-0.747620382,-4.4414350923178505,0.010022349,0.47222222220000004,0.0387507542,1.7429481251,0.4847229195,4.3506890982,2.1957904573,0.0970714929,2.3263328954,-1.3646783862,0.4,3.2360509786,180.0,7.6113128603,0.3752535483,7.0,0.6633827209000001,0.0007012180000000001,0.9786376953,0.0011742963000000001,0.5555555556,0.5925925926,-0.7938239178000001,-444.5,0.11764705880000001,1.4330983015,0.5696118188,1.9216136207,-243.0,0.1764705882,-0.34652594540000003,310.6666666667,2.9381269109,0.3552501658,1.0821407405,58.0,14.0,2.074435653471,0.3548918861,8.0,1.2731699349,0.4907883958,2.0916740268,0.514242989,2.3734535342,0.37189632440000003,1.8272192605000002,-12.0,0.09285714290000001,-1.2962994434000001,133.0,0.0270542918,-0.0877192982,0.0,75.0,153.0,24.0,3.0473277256,0.3112393376,1.1658256412,-0.6482721796,7.4,5.1,364.0,3.8775033677,0.3384063516,-0.04454139856074634,282.9279166666711,0.5176666666689996,2.9790226039449994,0.315311886494,1.6016468808359992,0.010387890703999998,0.05385714285499998,21.050833333331003,28.456559539742997,1.0,2.7103643526,0.4147011043,1.7061913113,-0.6430433413000001,-0.3933510683,0.1229638256,2.0978401294,0.40379484600000004,1.5438232782,0.1011057892,-0.4070628229,2588.409347522845,-14.0,4.0,7825.5833333333,0.8484439474000001,0.8580945027
s501,0.4868361205,0.0279396283,1.7455640811,1.7000000000000002,18.16,0.1666666667,14.4347826087,0.2333333333,-0.3135338177,-2.3024809712,1.9139981802000001,0.4635463871,1.4575730595,0.027032168000000002,0.7485205479,-1.41243090951399,-1.2063386143154315,-9.958733913162499,-6.044346007226519,3.6051068257,0.33761459520000003,1.3833229912,0.33333333330000003,0.6666666667000001,20.75,-0.0083333333,1.0,-0.001,-2.0,18.75,-0.09456264780000001,0.0,0.0026099291,-0.0289598109,0.0155376777,0.2916666667,0.8596605235,7.3,6.3,1.7019557932,0.4125083165,1.6549433661,-0.6386344316,-5.5135654939145295,0.0027640092,0.75,-3.8892471883,-3.0584402179,-0.8231400365,2.8921315195,1.5165131848,0.1202821517,1.6671730166,-0.8893284577,0.11428571430000001,4.1867508355,127.0,46.0626954627,0.8291899447000001,10.0,0.6412649155,0.0011374752,0.9980468750000001,0.0017049242,0.7777777778,0.7407407407000001,-1.0642372304,12.5,0.2142857143,1.5894274506000001,0.4163199698,1.9222085127000001,-226.5,0.125,-0.3659665347,394.1666666667,2.4707934374000002,0.3922968424,1.2731707625,20.0,72.5,1.2408579668430002,0.44832281560000004,12.0,1.4112889591,0.5009607472000001,1.6419141406,-0.8152293409,2.7499630521,0.4459542728,1.6230368132000002,-38.5,0.10394265230000001,-1.588609222,96.0,0.025520821500000002,0.1964912281,0.0,84.0,125.0,17.0,4.0670072976,0.29375288790000004,2.3975842488,-1.4143717018,5.9,5.8,383.1666666667,4.4006928756,0.3275793088,0.88074723408726,299.0833333333,0.5222222222,2.8729010791,0.3014271136,1.9665124062000001,0.0103973788,0.0357142857,-19.8333333333,73.6318019625,1.0,2.7068308644,0.3970683005,1.6096166362000002,-0.7523331883000001,-0.3031640169,0.8897307272,1.4095794234,0.1934250589,1.9879265371,-0.452977128,-0.5746082853,2920.8958333333,8.0,5.0,4727.0,0.8539848128,0.20285038130000002
s502,1.0379041642,0.0669919965,1.9343800786,2.35,25.4166666667,0.2,12.0,0.1666666667,-0.0407948802,-1.1056984318,4.6398897187,0.3244139796,2.9190982208,-0.7813795853000001,0.0319109589,-3.1830939070229323,-3.449485103626815,-6.521074824314956,-4.153304923064419,4.0313916686,0.2690190565,1.3526604729,0.33333333330000003,0.5,13.375,0.0208333333,1.0,-0.0008333333,-5.2916666667,25.6666666667,-0.0565799257,1.0,-0.0012973978,-2.030669145,0.3097832098,0.3541666667,0.9787910629000001,7.3,7.9,2.6161752044,0.6340079362000001,2.8323086239,0.027694041200000002,-3.370388786950273,0.0159041828,0.25,-5.5922356164,-1.7713001106320005,-0.468501576628,3.625776515992001,1.5643320740000002,0.2424133276,1.0261282397,-0.8893284577,0.11428571430000001,4.1867508355,228.0,2.3916188301,0.3492235958,5.0,0.730250095843,0.001306394702,0.8986314003419998,0.00158183747,0.6211111111140003,0.5555555556,-0.6861528609,-341.0,0.11764705880000001,1.7121063672,0.4353789001,1.9724513305,-246.0,0.058823529400000005,-0.224331457,293.34166666667204,3.165393289051,0.300944386251,1.696226954245,21.78,75.77,3.0097200277909995,0.6930733877,11.0,1.9178010633,0.44454515720000004,1.5921097541,-0.6478507862,3.3094879848,0.4047700994,1.8240680963,5.0,0.1,-0.8434892182,124.0,0.0833827543,0.1771929825,0.0,89.0,160.0,19.0,3.9994206837,0.2627295457,1.640197077,-1.3556554812,5.9,6.8,277.116666666661,3.736642816714998,0.3245022539110001,0.681842499996403,259.48541666667,0.5153333333379998,3.3336754797480013,0.303219162876,1.877687846170001,0.009450417986999997,0.033214285712999995,13.462499999993994,28.053897120191987,0.0,3.5325164045,0.2748798736,2.6846787478,-1.3486236957,-0.6052776625,-0.4617799987,1.8219981566,0.30037357870000003,1.7470141317999999,-0.0978460773,0.0898336546,2397.6604166667,1.0,7.0,6029.5833333333,0.8204108773000001,0.4380570137
s503,1.1549646691,0.2262158364,1.9982357781000002,2.25,33.8260869565,0.2333333333,27.7272727273,0.2666666667,-0.2789708748,-0.8221881983,4.7815859962000005,0.3811360214,3.0171799835,-1.4342977376000001,0.5187517123000001,-3.312885480970204,-3.4461481785935617,-7.569369490745442,-3.428267024752376,3.5749346897,0.2843278114,1.8308176009000001,0.6666666667000001,0.33333333330000003,20.25,7.771561172e-16,2.0,-0.012,-2.3333333333,23.2916666667,0.1587004405,2.0,-0.0049162996,-2.0011013216,0.0707390589,0.2244897959,1.3651325403,7.2,6.0,2.3525594846,0.5493375420000001,1.7108339896,-0.0349631097,-3.8481996133719334,0.0152751763,0.30555555560000003,2.3192689429,2.4109370438,0.0,5.3201349372,3.2606051047999998,0.085758739,2.2992570665760006,-0.9575666758,0.1428571429,4.0502743994,149.0,59.8991114415,0.8568707964000001,6.0,0.6687150002000001,0.0009702431,0.7122373581,0.0013903592000000002,0.5555555556,0.37037037040000004,-0.5102968469,80.5,0.058823529400000005,1.9537942074,0.3874937524,2.7794755624,-138.72,0.0,-0.0162974733,324.499999999999,3.1791169722419994,0.3080460210230001,1.8460190393720006,15.66,87.695,-11.1909728478,0.6204803124,10.0,1.6005565417,0.5403333603,1.8201230851,-0.49163097390000005,2.7541738853,0.3674676022,2.149335592,76.0,0.075,-2.0351782409,168.0,0.0171966243,0.2961816305,0.6931471805599453,59.0,141.0,20.0,3.0351478778,0.34008605470000003,1.8099455517,-0.0837678961,6.7,5.4,353.5,5.5409978984,0.20431392380000002,1.0834928626518006,260.5833333333,0.5111111111000001,3.5352899668999997,0.3196926446,1.7194605441,0.0129089423,0.030952381,16.5,-15.2808441558,0.0,3.2849578534,0.42126543590000004,2.6010331355,-1.5452005375,-0.2393479159,0.0114253207,1.2384053862,0.3032194801,1.8389419112,-0.30729270270000003,-0.6320766608,1399.8181818182,0.0,10.0,4266.1666666667,0.9096090058,0.2542437709
s504,1.2913352212,0.0097626382,1.7334451878919994,3.1,50.0,0.33933333333599996,50.0,0.5,-0.9018242603000001,-1.4946265577,3.6948646380000003,0.33913652250000004,2.4322414924,-1.251492211,0.2491267123,-0.8551444894195405,-1.3693496950836308,-6.978230319768098,-8.192386952992662,4.0645679095,0.2817073727,1.3427968109,1.0,0.0,14.7916666667,0.2541666667,3.0,-0.011166666700000001,-4.2916666667,14.5,-0.0651334045,2.0,-0.0064354322000000005,-3.6990394877,0.0732046821,0.0204081633,0.1629547612,7.4,7.0,2.2717692656,0.3480721659,2.2811303951,0.44439675160000003,-5.179941191278183,0.0045606866,0.6944444444,-0.2256874993,1.142027995243,0.4847229195,4.3506890982,2.5675158822,0.1937480413,1.4352966458,-0.6440351222,0.11428571430000001,3.6961641644,161.0,59.8991114415,0.8568707964000001,6.0,0.9930419922,0.0008678426000000001,1.0,0.0010084777,0.4166666667,0.8148148148000001,-0.7748627393,-258.0,0.1428571429,1.6677341804,0.5931249986,1.8491241778,-250.0,0.0625,-0.4318001878,418.6666666667,3.42384941,0.34998808670000003,1.2263859332,44.0,57.5,-9.9234381901,0.4352878652,17.0,1.6822146561,0.4913950782,1.8541279204,-0.5602192884,2.590379075,0.41582048600000004,1.6424584009,3.5,0.0896057348,-1.6239488020000001,133.0,0.0792947735,-0.2192982456,0.0,91.0,136.0,23.0,3.8054115125,0.3101460739,1.3070084307,-1.79943736,7.0,5.6,346.3333333333,3.9693255772000002,0.3261445454,0.24961629427826534,299.6666666667,0.5111111111000001,3.0407729177,0.3399427726,1.6005432305,0.0200000211,0.0476190476,-10.0,37.1976744186,2.0,2.2826627328,0.2930233859,1.5192975081,-0.5152041622,-1.3734606076,-0.9777724623,1.843145859,0.3362706636,1.7140006518000002,-0.32649764810000004,-0.47142087730000004,2060.7083333333,-4.0,10.0,7160.8181818182,0.5651407679,0.32366704290000003
s505,1.5529328416000001,0.2387133652,1.3082560603,2.3,27.56,0.1666666667,12.95,0.33333333330000003,-0.2416992798,-1.0001433047,4.1993706882,0.3335875957,1.9755434223,-1.1710354193,0.5255933219,-1.4070843249203815,-3.4282553736579726,-7.805366072362937,-4.27191618662735,3.1377990563,0.23789514650000002,1.726091195,0.33333333330000003,0.6666666667000001,7.0833333333,0.075,2.0,-0.0016666667,-1.1666666667,8.0416666667,0.0576683292,1.0,-0.0017855362,-1.258312552,-0.0239799121,0.061224489800000004,0.7154425612,7.7,6.6,1.5528214114,0.23613908900000002,2.0781612244,0.15002682850000001,-2.9011851247838183,-0.0098845443,0.1388888889,-2.8259821658,-2.8220224155,-0.4016305517,1.4405398314,1.1645532423,0.10518115480000001,1.4370947723,-0.9630841912,0.2857142857,3.0580660263,108.0,0.0331595576,-0.6040336065,3.0,0.6686310053,0.0016607631,0.9328613281,0.0020960234,0.3888888889,0.33333333330000003,-1.2714282834000001,-21.5,0.5625,1.456963838,0.3347459849,1.3191186656,40.0,0.0952380952,-0.474316656,225.6666666667,2.3342855886000002,0.292612617,1.1219310289,17.5,34.5,3.0285790577480003,0.48025843226099996,6.0,1.3069819842000001,0.41893197330000004,2.0661377279,-0.6119464869,2.8375433123000002,0.3882581828,1.5645148687,-14.5,0.11510791370000001,-1.2017097985,105.0,0.017586225,0.2892156863,1.0986122886681098,87.0,132.0,16.0,1.8786218232,0.2565089832,1.9517716644,-0.0590055748,6.8,5.9,215.8333333333,3.1689468303,0.2802895682,0.4431717351626477,265.6666666667,0.5444444444000001,2.8515712772,0.3262896186,1.2740081265,0.0078693792,0.0714285714,-11.0,60.0162455358,0.0,2.1699890632,0.3567973605,1.8480614392999999,-1.2680021791,0.4427505727,0.6703273306,1.584824963,0.2453665776,1.727556609,-0.8252633142,-0.38145874280000003,1712.9821428571,33.0,3.0,2945.1666666667,0.7977451038000001,0.5412144408
s506,1.0334071616,0.4659669623,1.6688320299,2.3,35.4210526316,0.36666666670000003,33.0666666667,0.5,-0.1756060052,-0.7347188456,2.5034670019,0.3198340978,1.9653282475,0.0818362767,0.5845565068,-1.9665287942915883,-2.9835803798010425,-8.311077392925904,-5.963481471108117,2.5246707727,0.2682145737,1.582149861,0.5,0.5,7.4166666667,0.0166666667,1.0,0.0013333333,-2.3333333333,14.0416666667,-0.009821428600000001,1.0,-0.0029642857,-1.625,-0.202599663,0.27659574470000003,0.604750101391,8.4,5.8,1.7198726625650003,0.4268231524840001,1.9625752633260007,-0.5452315162160001,-2.1899991995600625,0.019929095,0.2777777778,-4.0612059481,-2.8438120678,-0.5616381195,3.4239749998,2.0623271549,0.1507256632,2.1289687305,-0.9575666758,0.1428571429,4.0502743994,225.0,25.7627506452,0.3968411315,9.0,0.5456039429,0.0011617274000000001,0.9,0.0024092999,0.5277777778,0.6296296296,-1.0848315423,-260.0,0.2666666667,1.4536257647,0.5499298570000001,1.8830612804,-193.5,0.1764705882,0.0946860852,354.28166666667005,2.5548972190930006,0.308579868361,1.458395301891,18.67,53.77,2.561938856936,0.42844452390000004,3.0,1.3969120114719997,0.4721250932200002,2.0103085641620004,-0.17809732725900002,0.8671597786,0.4035623544520001,2.4378537618,-15.0,0.0739299611,-0.22755856940000002,192.0,0.0999688755,0.0784313725,1.0986122886681098,71.0,126.0,21.0,2.6923834346,0.31116199780000003,2.2961808292,-0.3579220521,5.5,5.7,365.8333333333,3.2828245258,0.3285814543,0.09754127251950616,276.0,0.5111111111000001,2.586756212,0.2927378028,1.7396165125,0.0060181099000000005,0.054761904800000004,41.0,37.9318667014,0.0,1.621655702,0.42705412540000004,1.9824358363,-0.9733896351,-0.5458047517,-0.1649390689,1.0993497904,0.3215934462,1.9100560866,-0.4705258168,-0.1268045405,1592.3576388889,4.0,11.0,3203.4166666667,0.5107807436,0.3695944579
s507,1.3888074748,0.32289934340000004,1.6979990967,2.55,40.0,0.4,30.4,0.33333333330000003,-0.6578796596,-1.4288763389,3.9647017859,0.3687168844,2.4881985507,-0.4676693443,0.2747020548,-2.045046732955417,-3.1418672200484274,-6.306066530739109,-5.532427051718636,4.815026748,0.2831592114,1.6344176652,0.1666666667,0.1666666667,10.0416666667,0.21250000000000002,3.0,-0.0155,-3.125,7.0833333333,0.2007512521,3.0,-0.012247078500000001,-2.9666110184,-0.2523173423,0.12244897960000001,0.7301893367000001,8.2,5.8,2.4297498024,0.3598375968,2.0090145709,0.1291772859,-4.760963150293239,0.006769823,0.5833333333,-2.4483060495,-0.9314613702000001,-0.5629734621,4.194188013,3.3169037164,0.2652978139,1.5767255011999999,-0.5402436899,0.0285714286,4.8849203713,151.0,25.7627506452,0.3968411315,9.0,0.8876098633,0.0014169088,1.0,0.0013522868000000001,0.6666666667000001,0.40740740740000003,-0.8650094595000001,-158.0,0.33333333330000003,1.5003438385,0.38389419620000004,1.9259219155,-111.0,0.11764705880000001,-0.330314999,465.3333333333,2.8550961538,0.312423541936,1.615530448792,4.5,127.0,8.0292781297,0.4572231946,9.0,1.2948892623,0.40881249140000003,1.5876917125,0.3071556083,3.1068831687,0.4731906554,1.6035065081000002,13.0,0.1111111111,-0.8687993621000001,138.0,0.0748270874,-0.058823529400000005,0.6931471805599453,62.0,115.0,22.0,3.3089125624,0.2758129299,1.908021479,-0.22679662020000002,5.8,6.2,393.6666666667,3.6173433695,0.3199030713,0.41149367631904543,309.3333333333,0.5,3.4301078914,0.2819797472,1.8497327724,0.0120554736,0.019047619000000002,7.0,48.9416515973,0.0,2.9136593569,0.2744177123,2.3247096366,-1.5100723379,-0.7311287191,-0.5998028231,1.428676972,0.2879668553,1.6857444455000001,-0.529963674,-0.6154273632,2890.1875,0.0,8.0,4600.5833333333,0.8780913148,0.6712601920000001
s508,1.1669811465,0.1973626655,1.4009201411,1.9,23.0,0.2,13.75,0.2,-0.4336299189,-1.2663739407999999,2.8829773632,0.3640920009,1.1689495707,-0.9761335742,0.2277328767,-3.0407368047823637,-3.3514292216009345,-6.414225754080982,-3.261297457502573,4.1044341257,0.2739190145,1.3512562447,0.33333333330000003,0.33333333330000003,6.0,0.2416666667,3.0,-0.0153333333,-2.75,11.4166666667,0.13255506961400002,3.0,-0.0072875,-5.553125,0.24064592950000002,0.3541666667,1.0294389046,8.9,9.1,1.6024208754,0.3921684163,1.8020065114000001,-0.0944738507,-3.2578425830707705,0.0190674719,0.2222222222,-6.4200033617,-4.4992132392,0.0,5.3201349372,2.8315660219,0.2281584781,1.4978358861,-1.1652624446,0.2571428571,3.6348828618,199.0,7.6113128603,0.3752535483,7.0,0.7611515045,0.0014810795000000001,0.8661010742,0.0016224493,0.5833333333,0.4444444444,-0.3534711594,-151.0,0.1052631579,1.1572525646,0.4024438346,1.5534795876,-242.0,0.2307692308,-0.4590042675,301.8333333333,3.4721243835,0.29598222020000003,1.9187889921,1.5,120.5,26.1313525702,0.6062847056,10.0,1.5975465963,0.3625898856,1.9945091416,-0.7173979915,3.499401749,0.3953821079,1.5274476799999999,-24.0,0.125,-2.2638638195,149.0,0.0380398469,-0.0964912281,0.0,117.0,173.0,17.0,3.0991430292,0.2665349497,1.3126806927999999,-0.8369083356,5.4,5.2,181.3333333333,3.704646338,0.2800933337,1.0782390313996109,275.0833333333,0.5,3.8449248978,0.2856583552,1.8180676439,0.012072628,0.0285714286,-17.5,64.1475168608,2.0,2.124618502,0.4585876561,1.8870385178,-0.3257854881,-0.20572777,-0.7236497617000001,1.6888276711999999,0.30575912800000005,1.7622253520000002,-0.26707890770000003,0.057498266400000005,2390.25,5.0,5.0,4104.3636363636,0.2019286338,0.20799335870000002
s509,0.9214706799,0.308918358,1.4492962791,1.75,41.55,0.33333333330000003,18.5454545455,0.2666666667,-0.6422866989,-0.9710114879,3.8715265269,0.34134873660000004,2.4477876068,-0.41801489210000004,0.3571780822,-1.434988296979415,-3.290241249706749,-8.152964399758918,-7.023972628465048,3.821989079,0.2720168248,1.586670515,0.5,0.33333333330000003,17.5416666667,-0.12916666670000002,1.0,0.0058333333,-3.0416666667,27.0833333333,0.006024096400000001,1.0,-0.0047457627,-1.5199101491,-0.22619689410000002,0.0408163265,0.8070706168,7.6,6.8,1.4077306217,0.31789063570000003,2.0425324176,-0.7108863767,-4.6929198972976165,0.0058948977,0.5833333333,0.9543521434000001,1.5250100227,-0.7746479260000001,3.7708390853,2.7016535322,0.2663268965,1.7050380984,-1.0385004382,0.2571428571,3.3813588491,121.0,25.7627506452,0.3968411315,9.0,0.6454257965,0.0011296165000000001,0.7699863434,0.0013620992000000001,0.6388888889000001,0.5925925926,-2.0070418594,-64.0,0.4375,1.9184753305000002,0.4325710996,1.3725226679,-113.535,0.0,0.1887994254,481.0,2.9405434831,0.2457423205,1.7645903232,39.0,115.5,3.288989454813999,0.6425266755,16.0,1.5129692220000002,0.5203848014,1.7914346982,-0.1622690949,2.7635660037000003,0.4585815539,1.7397845568,37.5,0.09285714290000001,-1.7626172419000001,77.0,0.050922901300000004,0.0052631579,0.0,100.0,156.0,16.0,4.3243198750000005,0.2861095144,1.5611566751749997,-0.7141227926,5.7,5.1,245.8333333333,3.3028276717000002,0.2590807511,1.3096196057100928,314.7083333333,0.47222222220000004,3.3501288237,0.25552276960000003,1.6680387692,0.0024986894000000003,0.033333333300000004,-41.0833333333,4.3317748918,0.0,2.8227591317,0.35018778910000004,1.8720038692,-1.3347589498999999,-0.0470900373,-0.4471557899,1.9374770767,0.3764030438,1.5279530961,-0.4364200227,-0.0735448327,1846.3611111111,9.0,8.0,3740.9166666667,0.2087852899,0.7579937325
s510,1.336564,0.238765626,1.4318369088,2.25,25.0,0.2333333333,15.3703703704,0.1,-0.4160314748,-1.376536893,2.8436269210000003,0.3684639718,2.2885786646,-0.8082930111000001,0.5693681507,-0.21846487304377474,-1.675434116275068,-8.211447871159159,-9.427406180245162,4.3198727284,0.3247428853,1.2774063630999999,0.1666666667,0.6666666667000001,5.8333333333,0.0166666667,2.0,-0.003,-3.75,9.9166666667,0.0621158392,2.0,0.0001513002,-3.7878250591000002,0.053906068424,0.22916666670000002,0.3349064182,7.9,5.7,2.0603896099,0.40418813140000004,1.5743211379000002,-1.2402877024,-5.607074880780791,0.0026035104,0.7777777778,-3.0128104775,2.3717981889,0.3298219498,4.6604910377,3.4414064757,0.19138614110000002,1.4499421652,-0.8075379761,0.0857142857,4.3503317988,190.0,59.8991114415,0.8568707964000001,6.0,0.7037647247000001,0.0012900464000000001,0.726373291,0.0018256287000000002,0.6666666667000001,0.7407407407000001,-1.3038198284,-242.5,0.33333333330000003,1.7147911545,0.439268786,1.6469690839000002,178.0,0.0476190476,-0.0963038755,311.081666666668,3.1634791258480006,0.30376974886799996,1.5721932041729991,15.74,75.595,2.2162160732489995,0.3162816173,14.0,1.6232141984,0.5064099824,1.9537332854,-0.1767792779,3.772314695,0.4339339779,1.8285252683,-6.0,0.080952381,-1.5133061109,186.0,0.072211042,-0.1087719298,0.0,90.0,169.0,24.0,2.8274764267,0.3161220017,1.4151535768,-0.9930527669,6.0,5.9,284.8333333333,4.214106396,0.2725936223,1.29477684468924,254.0833333333,0.5388888889,3.6581669983,0.31843411110000003,1.5621788643999999,0.013906567600000001,0.0261904762,2.5,40.7604369879,0.0,2.9582496431000003,0.36680363520000003,1.646373251,-1.5958734719,-0.1324899547,-0.0793749074,2.1028757908,0.3338520789,1.5240715504,-0.5153590497,-0.2205216727,1497.9166666667,8.0,9.0,2515.5833333333,0.8413403583,0.3079435494
s511,0.5999134681,0.1557638628,1.6538543254,1.45,30.05,0.33333333330000003,21.9166666667,0.2,-0.4304725106,-1.094820636,3.9984241747000002,0.30325073750000003,2.2090809561,-1.6384339707,0.2999417808,-2.1340134562419038,-3.4640387134407113,-6.734811893422554,-4.822008892174989,2.76567806,0.2558097919,1.7394992888,0.1666666667,0.6666666667000001,6.8333333333,-0.0166666667,2.0,-0.0173333333,-0.75,1.9583333333000001,-0.027118644100000002,2.0,-0.0047686339,-1.0536042475,0.08039763080000001,0.08510638300000001,0.4051926846,9.1,6.7,2.0911362392,0.5645428355000001,1.8113766726,-0.5731448412,-2.75473094179554,-0.0195719068,0.1111111111,-1.7512416259,-2.3825143064,-0.4661756487,1.2469726666,1.1039134115,0.1917009161,1.4738706153,-1.0820225484,0.3714285714,2.8201893119,147.0,7.6113128603,0.3752535483,7.0,0.7419845581000001,0.0009004451000000001,0.7535644531,0.0010349704,0.6111111111,1.0,-0.6298103329,336.5,0.33333333330000003,1.337314914,0.5448297422,1.91307756,-42.5,0.058823529400000005,-0.5870223589,281.5,2.8849949245,0.2793245869,1.4323476995,8.5,36.0,4.9213962692369995,0.6605382235,14.0,0.7253148934,0.4999941865,2.0275409628,-0.5876753791,2.3281523754,0.4253450827,1.9888115549,-54.0,0.10752688170000001,-0.2909373609,168.0,0.0798169366,-0.2754385965,0.0,80.0,118.0,22.0,1.6183987907000001,0.2786331394,1.6920963922,-0.7669127262000001,5.2,5.7,306.516666666664,3.0122715635640005,0.3105462176840001,0.48682900720959127,286.0858333333391,0.5249444444469996,2.6363685698390005,0.3189631649380001,1.72839058203,0.007949078183,0.06952380952699999,21.038333333336013,34.85638435518899,0.0,2.172133496,0.3474541534,1.6952601299999999,-1.5815333477,-0.08462140130000001,0.2646388089,1.2595108122,0.2288774433,1.6025336685,-0.44163598600000004,-0.7115871942,2089.3083333333,-3.0,7.0,5293.5833333333,0.8558813952000001,0.5682754086
s512,1.3569165089,0.13103205710000002,1.6129722924,2.25,37.619047619,0.30000000000000004,19.5454545455,0.2666666667,0.0471502829,-0.9156441306,3.7121316522,0.3701686657,1.7853717262000002,-0.8834636761640005,0.8748433219,-1.801903209443608,-2.1517913135431623,-10.25959694214515,-6.3101311608844215,6.7662957573,0.2707455404,2.1090958714,0.33333333330000003,0.33333333330000003,7.2916666667,0.054166666700000005,1.0,-0.00016666670000000001,-2.625,6.125,-0.004507512500000001,2.0,-0.0031986644,-1.6206176962,-0.17959000500000002,0.0204081633,0.7384742847,6.4,5.2,2.1255251787000002,0.41140132770000004,2.0143852475,-0.049638765700000004,-3.3098119682326654,-0.0237924506,0.1388888889,-0.5326505930000001,1.8717555586999999,-0.5629734621,4.194188013,2.8629066233,0.1830034184,1.8711634145,-1.070541321,0.2,3.8243251091,233.0,59.8991114415,0.8568707964000001,6.0,0.7452194214000001,0.0008413829,0.7706089020000001,0.0008144934,0.6666666667000001,0.2592592593,-1.6801502313,-169.0,0.3571428571,1.3482620538,0.3960259311,1.1811395113,-12.0,0.14575393174299991,-0.2938990554,417.6666666667,3.3894764807,0.3356913248,1.4925644179,29.5,70.0,14.5394990229,0.4447111076,11.0,2.1518127637,0.4947113147,1.3932012078,-1.0231481861,2.9639306377,0.47644991810000004,1.5811385724,-28.0,0.1079136691,-2.0546582344,177.0,0.0718861924,-0.1947368421,0.0,88.0,151.0,20.0,3.3224487223,0.2700995048,1.4871089965,-1.2334839861,5.3,6.1,378.0,3.7575556198,0.3536724704,0.40078236067369116,293.3333333333,0.5055555556,3.362157162,0.3262418492,1.3443271528,0.0096043937,0.038095238100000005,35.3333333333,42.6034482759,0.0,3.8336569077,0.34670130930000004,2.1264232832,-1.4107845619,-0.6040008443,-0.7380466932,1.8944493903000001,0.36112573200000003,1.6253370012000001,0.2494430216,-0.20291610300000001,3386.6814814815,3.0,5.0,3941.4166666667,0.3508729088,0.283089498
s513,0.4494985091,0.0264828736,1.5411034296000001,1.35,28.75,0.2,24.0526315789,0.36666666670000003,0.1566990845,-0.7806251217,2.7216260388,0.3445161818,1.9538361233,-0.38879395990000004,0.7392996575,-1.1947913389410805,-1.5293306651509817,-9.903139613074083,-7.442245377386838,3.2313583564,0.2831757744,2.0137089854,0.5,0.1666666667,14.9583333333,0.1958333333,1.0,-0.004523333328000001,-1.9583333333000001,10.3333333333,0.0465130024,2.0,-0.009472813200000001,-2.5815602837,0.022286923900000002,0.2244897959,0.5712036521,6.7,6.2,0.6629680171,0.2419169616,1.8319235641,-1.6361929377000002,-5.143869421712014,0.00038003660000000003,0.8055555556,-2.160379311068001,-1.427922035144,-1.0185708727,3.2829931918,1.6787375663000002,0.0075095406000000005,2.0138167081,-1.0082628,0.3714285714,2.672669815,205.0,27.5716565685,0.42925480380000003,9.0,0.6641836166,0.001474283651,0.6481657028000001,0.0027700154,0.3888888889,0.9629629630000001,-0.9014858258,-24.0,0.1764705882,1.4105977664,0.3555090805,2.1894435303,-91.0,0.0666666667,-0.3180789851,334.0,2.7329085646999998,0.35251886,1.3561251074,-15.5,-3.5,-3.9156679643,0.8339632727,2.0,0.9989054702000001,0.3806476326,1.8573112549,-0.0660215801,2.3602933027,0.2681644566,2.7626044523,52.0,0.0763636364,-1.0271141951,156.0,0.08813743410000001,0.471620227,0.6931471805599453,101.0,177.0,18.0,2.1020036927,0.2829030855,1.9078426387,-0.3012717071,6.7,6.5,333.3199999999969,2.7782584076740005,0.32426901080099996,0.46935850139714647,403.5833333333,0.48888888890000004,2.9841456441,0.2754722416,2.0585497964,0.0102049897,0.054761904800000004,4.5,8.4451679587,0.0,2.1436739621,0.41437318040000004,3.1133707222,-0.7946861521,-0.276592465357,-0.18486979620300004,1.0715462869430006,0.2009421997109999,1.979106632561999,-0.34657020982700004,-0.24117021936400015,2102.9270833333,7.0,5.0,5107.5833333333,0.49261984280000004,0.1974587494
s514,1.9191757821,0.2431388516,2.0863847093,2.85,28.5,0.33333333330000003,17.84,0.1666666667,-0.4313688882,-0.6578147621,2.1365656031,0.3110592652,1.0242494224,-0.8841986454,0.4467996575,-2.9965545295137868,-2.0526128893159212,-6.7736424804068145,-4.449190996047695,3.3796648025,0.2227587786,1.6967822436,1.0,0.0,9.9166666667,-0.0666666667,1.0,-0.004,-3.25,4.4583333333,0.0163793103,2.0,-0.0038965517,-1.6637931034,-0.0498933443,0.20408163270000002,0.5724476017,9.1,9.1,1.9579522326,0.38714737790000003,1.8086386411,-0.4202521897,-5.682078890617846,0.0019388964,0.7777777778,-1.5848645725,-2.1295864931,-0.4683283594,2.7109498368000002,2.1856493867,0.23240146790000002,2.0339508615,-1.4013457528,0.4285714286,3.1627162453,175.0,7.6113128603,0.3752535483,7.0,0.7082200527,0.0008729631000000001,0.8225618362,0.0013849734,0.6111111111,0.4444444444,-1.5747553702000001,-158.5,0.30000000000000004,1.6431925611,0.34095936860000003,1.3498052424,-38.0,0.0,-0.45968763490000003,350.6666666667,2.6285594185,0.29986470660000003,1.0586245988,44.5,10.5,22.3212065072,0.49363434850000004,16.0,1.0204766091,0.38581843250000003,1.6613029476,-0.38280680510000004,2.0343869555,0.3484795744,1.5691906113,-12.0,0.1107142857,-2.1947467739,110.0,0.0443221093,-0.1,0.0,122.0,185.0,18.0,3.6197661671,0.22121009600000002,1.2446694134,-1.2112032971,6.4,6.3,382.0,2.0150981583,0.2953349846,-0.19917006577030721,301.4166666667,0.55,2.5287169494,0.30752632490000004,0.9673261728,0.016634797700000002,0.1071428571,31.8333333333,17.679245283,2.0,2.6086173062,0.26113467890000003,1.4634980635,-0.8195595986,-0.7046754999,-0.25265523900000003,1.4132524100000001,0.3184677661,1.4289459472,-0.0397880331,-1.341150094,2564.7619047619,-10.0,7.0,4326.61534090909,0.16426041360000002,0.22219387000000002
s515,1.0582601361,0.3287553446,1.7119888165,2.4,36.2,0.33333333330000003,17.8571428571,0.30000000000000004,-0.41135728,-1.0390079143,3.8343974765,0.34020481690000004,2.0337221492,0.4315243492,0.5312157534,-1.7984116834241493,-2.8974377585837674,-8.37202501950532,-5.093305965593838,6.2039675916,0.3040762869,2.1456882696,0.8333333333,0.0,12.8333333333,0.0833333333,1.0,0.002,-3.1666666667,9.625,0.0790697674,1.0,-0.0030232558,-2.2093023256,0.3121535619,0.3469387755,0.7077602135000001,7.9,7.4,2.5946413782,0.4003659297,2.3759387471,-0.25780009870000004,-2.654044758740212,-0.0216041699,0.0277777778,1.5114594339,0.9784480355870001,0.0,5.3201349372,4.6145320174,0.1504748797,2.7134063801,-0.8075379761,0.0857142857,4.3503317988,121.0,1.2928725743,0.0438060331,4.0,0.7650614738,0.0012708132,0.8956207275,0.0021038566,0.47222222220000004,0.14814814810000002,-0.7115194882,-361.5,0.0,2.1460528723,0.370396325,2.1368947347,-166.845,0.0,-0.4537711204,253.5,2.9187746327,0.2984534437,1.8811839999000002,21.0,228.5,3.940363879309999,0.5641886181,8.0,2.3548015778,0.5282562701,2.1937915868,-0.036791601800000004,3.5805399251,0.4198927308,1.7600685340000002,1.0,0.1035714286,-1.8999775758,112.0,0.0174879929,0.221878225,0.6931471805599453,99.0,169.0,16.0,4.1500906208,0.3150193861,2.0118852426,-0.9411671649000001,7.4,5.6,288.8333333333,1.7541156496,0.32585785030599995,0.9882961891774811,223.4166666667,0.5333333333,4.2406736382,0.31660339930000003,2.054718400037999,0.0050014715,0.0166666667,29.1666666667,61.9745762712,0.0,3.4278766674,0.418155278,2.0369125037,-1.2586821241,-0.6674859998,-0.5801583692,1.4198407359,0.35204334190000003,1.7092041577,-0.32572480940000004,-0.1758083266,1967.5107142857,20.0,4.0,2966.75,0.8189868029,0.3895866605
s516,0.8964298668,0.2615039891,1.2269515736,1.7000000000000002,21.25,0.33333333330000003,20.0,0.30000000000000004,-0.514620953,-0.5142231070000001,4.7643269415,0.3433067012,2.6407504809,-1.3034008561000001,0.1954640411,-2.2099871807916003,-2.5557885346234617,-6.543431799805197,-5.9381448093444344,3.4020676052,0.2974318586,2.1959216406,0.1666666667,0.6666666667000001,8.75,0.125,1.0,-0.007,0.5833333333,19.8333333333,-0.0214634146,0.0,-0.0015414634,-0.3475609756,-0.0396089358,0.33333333330000003,1.0621527324,7.4,6.1,1.8352827759,0.5885552678,1.6435658513,-0.4299252402,-4.326381459869482,0.0107097457,0.4444444444,-3.8706252708,-2.1439141959,0.1932209246,4.933693088,3.0184971706,0.19341704780000002,2.1991389613,-0.8893284577,0.11428571430000001,4.1867508355,126.0,1.2928725743,0.0438060331,4.0,0.8593612671,0.0012540199,1.0,0.0018253032,0.3888888889,0.37037037040000004,-1.5286136807,-147.0,0.47368421050000004,0.8628990686,0.3312397731,1.6030900788,-183.5,0.35000000000000003,-0.2076540878,474.1666666667,2.3976844234,0.3680109894,1.1239886857,22.0,42.0,24.6906919797,0.6755425662,11.0,1.7129363770000001,0.45474899630000004,1.8062414325,-0.8604008773,3.0726760931,0.43204094,1.7256390737,20.0,0.0892857143,-0.9628290098000001,97.0,0.045617866,-0.49948400410000005,0.6931471805599453,102.0,150.0,21.0,4.1826709968,0.2678478707,1.8394415815,-0.8939733454000001,6.1,7.0,354.5,3.5512581664000002,0.3393547371,0.3306096820957775,288.0833333333,0.5444444444000001,2.3095228038,0.2732879339,2.5062853434,0.0026148476,0.019047619000000002,39.8333333333,48.95827665915698,1.0,2.6146386493,0.5361657208,1.7518211221,-1.024821308,-0.7738821041,-0.5781954631,1.1975365434,0.3517329953,1.6802825654,-0.3191942635,-0.1830889256,2314.4166666667,-7.0,6.0,7449.9166666667,0.8653610052,0.2040239418
s517,1.1255759604,0.1130886099,1.1598510565,1.5,28.4545454545,0.2666666667,23.0952380952,0.30000000000000004,-0.1181220925,-1.1509633742899994,1.0832832529,0.4083603514,1.1591037516,-0.1156803868,0.1299768836,-1.931576721682788,-3.3703261003215412,-5.629714391869478,-3.7134763691834616,2.6955900870000002,0.366338728,1.8745661976,0.5,0.33333333330000003,13.125,-0.0625,1.0,0.0025,-4.7916666667,14.5,-0.006678487,1.0,-0.0047943262,-2.8498817967,-0.22030651340000001,0.0204081633,0.0555555556,7.045999999999999,4.8,1.4775084326,0.4161214151,1.5496515302,-1.0964809676,-1.5404450408804822,-0.0077791838000000006,0.0,-2.612424412,0.8020901314000001,0.0926369818,1.5890191543999999,1.2225933811,0.2750935493,0.8655416013,-0.41348168350000003,0.0285714286,4.6313963585,134.0,2.3916188301,0.3492235958,5.0,0.5269740462,0.0009299998,0.6670155764,0.0009419972,0.25,0.18518518520000002,-2.0360343775,-90.0,0.4,1.2214337096,0.5017251787,1.2520520716,-108.5,0.24329312916000007,-0.2419667892,369.808333333337,2.4049176380239996,0.334868447943,1.5372643339120002,22.41,67.435,-1.462751136877,0.5203559437,3.0,0.6841533872000001,0.6368182455,1.8707844016,-1.1233385314,3.0587942558,0.4805046828,1.7211386614,5.5,0.1,-1.6198967894,59.0,0.022522408100000002,-0.1298245614,0.0,87.0,129.0,18.0,2.4079380879,0.3147016568,1.3126908959999999,-1.8567370483,4.9,4.6,350.994999999996,2.543116651058,0.34789753490299996,0.5032894069622377,292.5833333333,0.5388888889,2.468813046,0.2616955346,1.76637959,0.0055253294,0.1023809524,-15.5,5.4775595272,2.0,2.1197238512,0.4442173862,1.8926679078,-0.9663386257000001,-0.3025909946,-0.6777562585,0.8891429144,0.2901492665,1.463241537,-0.6951904982,-0.2291857726,2782.884063254998,-6.0,7.0,6891.1666666667,0.8153831504,0.6574987751
s520,1.0825053403,0.0408632186,1.5632356002,2.0,36.5714285714,0.5333333333,23.4347826087,0.2333333333,-0.19019205760000002,-0.9492229919,3.486760149,0.3298075717,2.1352154903000002,-0.28094312850000003,0.8312585616,-1.1028653268267916,-3.0452067472097606,-7.885381400833581,-7.3605794832262275,4.257717917,0.28231210770000004,1.663852011,0.1666666667,0.1666666667,10.375,0.0791666667,2.0,-0.0058333333,-5.9583333333,10.75,0.0815602837,1.0,0.0006052009000000001,-3.6820330969,0.6344945074,0.0625,-2.9372000000000003e-05,6.1,4.5,2.1565106953,0.44550932660000003,1.5708116367,-0.8119565668000001,-3.355655057448162,0.019475005400000002,0.25,-1.1989746835,-0.0731793993,-0.7746479260000001,3.7708390853,2.9757571204,0.0689957771,2.5013403607,-0.8742787237,0.22857142860000002,3.2356769612,122.0,46.0626954627,0.8291899447000001,10.0,0.6883281708,0.0014952502000000001,0.7344650269,0.0012205619,0.5,0.4444444444,-1.1653531607,-83.0,0.2105263158,1.8710175910000002,0.43557842700000005,1.4577000288,-63.0,0.0769230769,-0.2659116391,268.1666666667,2.405576805,0.2871463214,1.9570482308,-4.0,79.225,-7.4051162403,0.3008305251,6.0,1.5384606578,0.4729069764,1.7669847317,-0.694952672,3.3220549591,0.4398700869,1.7560498566,7.0,0.09642857140000001,-1.828063938,101.0,0.0307387841,0.20526315790000002,0.0,98.0,138.0,21.0,4.0317949077,0.3159888072,0.9678299603,-1.4880730763,5.8,6.3,292.0,3.5335427724,0.3466620152,0.1692092790547114,277.0,0.5055555556,3.4590717045,0.3739066627,1.447126151,0.015777645400000002,0.0261904762,-13.3333333333,50.5161972859,1.0,3.310127791,0.34410518430000003,1.4294750385000001,-1.2616929363,-0.31535435404699996,-0.24733945071099991,1.5716410768700004,0.294964895602,1.6584595137599996,-0.41156795137000013,-0.24438546208999995,2033.0416666667,3.0,8.0,4532.0833333333,0.8480216309,0.16966441840000002
s521,0.9021084161,0.0450276123,1.6798037333409994,2.15,22.961538461499998,0.1333333333,14.4583333333,0.2,-0.3287973769,-1.8264050882,2.6906454557,0.42370156280000004,1.3409864365,-0.1542575703,0.3799657534,-0.6563299066233995,-2.2828110436997053,-6.904274743080614,-7.569376467274653,2.6578465987,0.29100981540000004,1.3830476362000002,0.6666666667000001,0.33333333330000003,4.5,0.1833333333,3.0,-0.007333333300000001,-1.8333333333000001,2.5,0.05993930200000001,2.0,-0.0055144158,-1.535660091,0.5792347708000001,0.3541666667,0.2427308397,7.3,6.4,1.219721434,0.6023475857,1.4708334026,-1.7649138836,-7.024984055768351,0.0001262008,0.9166666667000001,-1.3977622282,-0.7902932428,-0.4910910221,2.6654245114,1.6222888491,0.007298497,2.4266614368,-1.0170844173,0.1714285714,3.9312389163,138.0,25.7627506452,0.3968411315,9.0,0.5709424973,0.0011884236,0.7442235947,0.0013736043,0.6388888889000001,0.8518518519,-0.9886077990000001,-275.0,0.1818181818,1.2515547522000001,0.4636316097,1.7078543276,3.0,0.33333333330000003,-0.30488489700000004,366.0,2.787053338,0.3585881918,1.5212546246,39.0,91.5,17.371812224,0.6683559217,4.0,1.2570938167999999,0.5937491433000001,1.8158990096,-0.7127287747000001,3.0153545207,0.46325299740000003,1.3990922352,-11.0,0.1018518519,-1.2198511744,130.0,0.0462293432,-0.5441176471,1.0986122886681098,92.0,143.0,23.0,2.5299525765,0.3453197797,1.5183731461,-1.0381702989,5.1,4.6,453.1666666667,2.3819603274,0.42325318440000004,0.6521913679197783,319.25,0.5333333333,2.6602974598999998,0.2169214003,2.4632745181,0.005409972000000001,0.0404761905,130.1666666667,14.4600769962,1.0,1.9488111724000001,0.4210270101,1.6385089882,-1.4592093044,0.1662977025,-0.300026622,1.0859791823,0.1790447591,2.4735702819,-0.7570316318,-0.56224093,2961.2285714286,0.0,4.0,3951.75,0.8017916772,0.2101746002
s522,1.630600973,0.2589698339,1.0576250256,3.3,23.9130434783,0.2333333333,23.5,0.33333333330000003,-0.6048418917,-0.8588996388,2.6099266478,0.3199691905,1.0833498373000001,-2.2438572868,0.08900684930000001,-2.8025255408325047,-3.3886226658385628,-6.739614039332318,-5.505660061490975,4.7303873184,0.2327095667,1.2404062818,0.33333333330000003,0.5,6.7083333333,-0.0041666667,2.0,-0.0055000000000000005,-1.875,22.4166666667,-0.0892857143,1.0,-0.0054285714,-2.6547619048,-0.11822268,0.0204081633,0.1112931922,8.2,8.2,3.0638549222,0.3977101538,1.4664753179,0.23860216780000001,-6.352403884949167,0.000823975,0.75,-0.7485686877000001,-0.0119540203,0.1910395678,4.9380558016,2.7720886773,0.2015174197,1.4621460081,-0.9575666758,0.1428571429,4.0502743994,181.0,7.6113128603,0.3752535483,7.0,0.692030859,0.001174163,0.7328033447000001,0.0015963823,0.6111111111,0.5555555556,-1.5776239823,-130.0,0.4285714286,2.2733254225,0.4152973371,1.2956853611999999,-196.0,0.05,-0.48788468630000004,305.1666666667,2.9811554834000003,0.30778011510000003,0.9751762406000001,25.5,18.0,7.7347874053,0.5924832588,13.0,2.0876586265,0.3289909278,1.4089211015,-0.1643240843,3.2944349625,0.2429717898,1.9094794585,7.0,0.0857142857,-1.6528789003000002,182.0,0.08885445530000001,0.0280701754,0.0,69.0,118.0,20.0,2.3661504683,0.23183219730000001,0.8632467903000001,-2.6002194467,7.1,5.6,193.3333333333,4.5671477542000005,0.22713914810000002,1.1886631573581092,245.4166666667,0.5222222222,4.5842016801,0.3006660285,2.1855134576,0.0076238455,0.019047619000000002,9.5,48.456880822,1.0,2.5639004888,0.24441983050000002,1.6064266854,-1.1074394477,-0.024993149200000002,0.0742323042,2.301608242,0.3144081749,1.1121837021,-0.41324602120000004,0.4233579678,2121.1458333333,10.0,6.0,2776.5,0.9122909945000001,0.4094968345
s523,1.2702369428,0.3571758432,1.904426925,2.45,31.8260869565,0.2333333333,17.4782608696,0.2333333333,-0.3546993024,-0.24777912670000002,3.3397568109,0.38213625300000004,3.5816177867,-0.3067329194,0.2199143836,-3.189703619190139,-2.8857420798135895,-5.470377337963242,-3.7541734690984616,2.1525688956,0.32131208380000004,1.8738016864,0.33333333330000003,0.5,12.875,0.1625,2.0,-0.007661666669999999,-3.2083333333,4.875,0.07920521450000001,2.0,-0.00668545,-2.0674936922,0.1553892936,0.22916666670000002,0.8026951937,8.1,9.1,1.9649325055,0.45252266430000004,2.3449310796000002,0.6014956102,-3.487777004234775,-0.0144624426,0.1666666667,-2.486259963,-2.5680496045,-0.6237343734,2.3793663906,1.681833697,0.3003982302,1.8484440547,-0.534689493,0.22857142860000002,2.5564984999,212.0,25.7627506452,0.3968411315,9.0,0.8797805786,0.0008623342,0.9,0.0011730771,0.6666666667000001,0.4444444444,-0.6292563135,292.0,0.2857142857,1.4832798821,0.5287102985000001,2.1393081405,-114.0,0.0434782609,-0.38155179170000003,399.0,2.7012244390999998,0.38834163460000004,2.1786715305,33.5,81.5,1.9874534393,0.8373198308,9.0,1.186928618,0.5423880057,2.6493211289,0.3770447187,1.8269238292,0.4743480003,2.7346943886,-44.0,0.1074074074,-0.4147796199,101.0,0.057030847700000005,-0.19824561400000001,0.0,91.0,121.0,23.0,2.8696209864,0.3695652689,2.3469235828,-0.6098367290000001,6.1,6.0,348.0,3.1097538567,0.3698973478,0.7949515232936233,406.6666666667,0.5111111111000001,2.4395462641,0.414708799,1.8649292829,0.0083925764,0.0619047619,13.3333333333,22.3848023674,0.0,2.1358028757,0.4755149066,2.0111472173,-1.6839618937,-0.2982028418,0.3233897128,1.5748212673,0.3985078976,2.618991347,-0.087149511,-0.31210121700000004,2147.4416666667,4.0,10.0,3596.25,0.1866276234,0.3631989668
s524,0.8412263355,0.3223070091,1.3025962336,1.05,20.2727272727,0.2666666667,15.5238095238,0.30000000000000004,0.0957075212,-1.2619671702,3.2627362747,0.37761038010000003,1.7311262305000001,-0.0179168128,0.3697148973,-0.9163763520394568,-1.4123289695339807,-7.240584379888496,-5.924198424260402,2.1873074179,0.22625953840000002,2.0590157943,0.6666666667000001,0.1666666667,11.7916666667,0.1875,1.0,-0.0138333333,-2.125,29.6666666667,-0.0122916667,1.0,-0.001075,-1.3354166667,0.0781032146,0.25,0.8435676705,6.0,5.4,1.0375770405,0.3742127125,2.0019713909,-0.9431126875,-2.8180831522721856,0.008639155,0.47222222220000004,-2.5394704835,1.1372369297,0.42332495000000003,4.4734850373,1.7126760543000001,0.10513736200000001,1.5555999595,-0.5793283695,0.22857142860000002,2.6457762527,120.0,46.0626954627,0.8291899447000001,10.0,0.9439620972,0.0017943855,0.8372375488,0.0015462736000000001,0.5277777778,0.40740740740000003,-1.4518453627,33.5,0.5,0.8142204245,0.37513110400000005,1.722310872,2.0,0.4666666667,0.0422056244,377.493333333338,2.4012837680430006,0.311266644839,1.4977321424920007,20.11,56.61,1.926107758328999,0.6847232089,10.0,1.0382605672,0.4816538453,1.5347563185,-0.37524516480000003,2.5890583918,0.397456529,1.7850925536000002,-1.0,0.11191335740000001,-1.5282910790000002,104.0,0.0360614493,0.0350877193,0.0,104.0,141.0,16.0,2.0319407393,0.3054865292,1.6852473703,-1.1211890267,5.1,4.2,349.88999999999993,2.5056736539219995,0.33137181893099993,0.45040876435792826,307.6341666666721,0.5265555555589995,2.117326055523001,0.3149171362580002,1.652166430545,0.0065970217959999975,0.09035714285600002,25.604166666662,40.852136242837986,0.92,1.088768273,0.34305017050000003,1.8030590277,-0.9132633441,-0.0842733101,-0.38338574340000003,0.6167083723,0.047149627900000005,2.1953597952,-0.4123485142,-0.5684229375000001,3778.2592592593,5.0,7.0,3385.9166666667,0.8682955554,0.6009608247
s526,1.0053496922,0.018273506000000002,1.5571739993,1.75,36.7,0.33333333330000003,27.3333333333,0.30000000000000004,-0.5333113779,-1.0475013558,3.3165856169,0.3861188212,1.4600221863,-0.474933735,0.4293236301,-3.1969643908060887,-3.4330698182126405,-6.091474115763312,-4.807117767611607,3.1738303999,0.2809437725,1.2697008335,0.6666666667000001,0.33333333330000003,16.25,0.0416666667,0.0,2.6020852140000003e-18,0.0,13.0833333333,0.0231041456,1.0,-0.0009221436,-1.7724974722,-0.0960506243,0.0,0.1410249167,8.4,6.9,1.0324663193,0.3977493962,1.8092109115000001,-1.1426780650000001,-1.5404450408804822,-0.0116005623,0.0,-5.0896575716,-4.5332768783,0.0,5.3201349372,3.217728711,0.0710653545,3.2325463851,-1.070541321,0.2,3.8243251091,212.0,25.7627506452,0.3968411315,9.0,0.7188639641,0.0021988925,0.9928268433,0.0022185198000000002,0.6111111111,0.0,-1.2153168778440004,11.0,0.3828052135339998,1.2514845822,0.3416248424,1.0989930075,-148.325,0.0,-0.7059418656,284.6666666667,1.7646917207000001,0.2834465272,1.4532362066,24.0,75.0,15.7421131162,0.3818212827,5.0,1.5066239592000001,0.43569148690000004,2.0862605216,0.2724643591,2.3765968372,0.45389772570000003,1.7210425859,82.5,0.11428571430000001,-1.897906494,119.0,0.0207282845,-0.11052631580000001,0.0,101.0,157.0,23.0,3.4365566455,0.283942476,1.3967742614,-0.7297847882,6.3,5.9,308.8333333333,1.5134147865,0.273451353,0.4682150481252155,246.6666666667,0.5055555556,2.309880364,0.299665397405,2.3207502381,0.009657858,0.0619047619,22.0,21.3845524809,1.0,2.5134976171,0.3323024288,1.7382430003,-0.7036649085000001,-0.7289238979,-0.0904964416,1.2228871388,0.2795017925,1.7746268759000001,-0.5040082690000001,-0.3696248816,1825.2766666667,0.0,8.0,5371.25,0.1565367312,0.1434506291
s527,0.9443858422,0.13127567610000002,2.0235808527,2.1,43.5714285714,0.30000000000000004,25.7222222222,0.4,-0.6944644144000001,-1.0692646806,3.6661450146,0.33621288600000004,1.7819760377,-0.028036355500000002,0.07584931510000001,-1.9897511078365857,-2.6347583638245444,-5.014853774385702,-4.710442538865703,4.234430345,0.2207792707,1.638404574,0.5,0.1666666667,8.875,0.0625,3.0,-0.0041666667,-0.625,12.1666666667,0.0626190476,2.0,-0.0034714286,-1.9595238095,0.5143554557,0.24489795920000001,0.1487936654,7.1,6.4,2.6166928895,0.3087912766,2.018906037,-0.6767461678000001,-0.8401447100445683,-0.0083972462,0.0277777778,-4.3802946367,-4.1663894979,-0.7548590441,3.810416849,2.484517517,0.2205538552,1.5179919913000002,-0.6440351222,0.11428571430000001,3.6961641644,162.0,25.7627506452,0.3968411315,9.0,0.6589939117,0.0008736212000000001,0.9484374999999999,0.0016239687,0.6666666667000001,0.18518518520000002,-0.6283107592,-321.0,0.0555555556,1.7207938396,0.6280765455,2.3009548344,-117.6,0.0,-0.1115647735,217.3333333333,3.6997285213,0.26666874090000003,2.068442593,-15.0,120.5,-7.3619469298,0.6764644539,12.0,1.8976473261,0.3990433778,1.6837082728000001,-0.5355242125,2.8432419763,0.4060446197,1.9089289553,-3.0,0.0714285714,-1.0155894848,199.0,0.0901761965,-0.173374613,0.6931471805599453,68.0,95.0,19.0,3.4487703915,0.2811935068,1.354362426,-1.1833952735,6.2,5.5,258.3333333333,4.9447879633,0.2828755402,0.9176650803444947,232.1666666667,0.5222222222,4.4370435559,0.2643329032,2.2323807165,0.0162458859,0.0142857143,20.3333333333,42.2934277337,0.0,2.9781056883,0.3480051726,1.4340664934,-1.3810701451,-0.0127841216,0.0109450473,0.5582675665,0.08014339890000001,1.7683693217,-0.6934295764,-0.020747924100000002,2501.3595238095,17.0,4.0,2923.1666666667,0.8460087936,0.1719285553
s528,1.6573138783,0.35825042090000003,1.3415824935,3.05,28.3333333333,0.2,24.6818181818,0.2666666667,-0.3049677324,-0.8519676131,3.7758398332,0.4123012435,2.193271121,-2.1990935026,0.6458184932000001,-1.3061136228499384,-2.661929937948604,-8.844439716092806,-6.047342778378482,4.5969631713,0.31583381320000004,1.9460769628999999,0.8333333333,0.0,5.875,0.2458333333,3.0,-0.0068333333,-2.625,16.0,-0.0816901408,0.0,-0.0065352113000000005,-1.2112676056,-0.0152101521,0.0204081633,1.0284852849,8.1,7.1,2.8362205874,0.4386027121,1.8523649197,0.9238059233,-3.251316943495567,-0.0205985133,0.1666666667,-2.1816928193,1.8728720427,0.0,5.3201349372,3.3638694655,0.24115854750000001,2.1757041504,-0.5749801717,0.0571428571,4.308399382,161.0,59.8991114415,0.8568707964000001,6.0,0.7846556664000001,0.0006875184000000001,1.0,0.0010055536,0.5555555556,0.2962962963,-0.6397784014,123.0,0.05,1.5384438592,0.5152001602,2.3420526002,242.5,0.1666666667,-0.47236106320000004,354.13166666667513,2.926243402018,0.32568102917599995,1.7011618853870007,24.695,82.165,0.22897835060000002,0.7339416299,13.0,1.7812630299999999,0.551796594,2.1209997508,-0.0475449609,2.4551403121,0.4608527021,2.1341640251,-1.5,0.1071428571,-3.443641227,127.0,0.0546026687,0.2229102167,0.6931471805599453,78.0,142.0,16.0,2.5447398321,0.3251023386,1.8422496749000001,-0.8292906427000001,5.8,6.0,323.168333333333,3.6109205214310003,0.3570275611190001,0.6941199660960747,318.5833333333,0.5222222222,3.155132167,0.3391654971,2.1913582666,0.0037202192,0.0285714286,51.1666666667,109.1644659046,2.0,1.9903711926,0.4568948917,1.6901933917,-1.0614131677,-0.4279269778,-0.9936345197,0.9634822350000001,0.2828027984,1.7433820582,-0.2432872651,-0.1343213437,3606.7777777778,-1.0,8.0,4683.8333333333,0.8496686379,0.3101393012
s529,1.305946217,0.024570319700000003,2.3550146234,2.55,40.1578947368,0.36666666670000003,27.1764705882,0.4333333333,0.030810206200000002,-1.1007146463,2.522144756,0.3188491995,1.8128299401999999,-1.0560537335,0.7312619863,-1.2019372062289289,-2.2204371217131222,-9.110284199505747,-7.445564541903483,3.3745980456,0.24032661770000002,1.2942691084,0.8333333333,0.0,14.3333333333,0.08395833333700001,1.0,-0.005,-1.6666666667,16.5,0.2617354196,3.0,-0.0109530583,-3.8847795164,0.12095448600000001,0.2553191489,0.963768665,7.2,7.5,1.7124809306,0.361260268,2.0115677271,-0.5355777555,-5.2903762933445115,0.002119414,0.8611111111,-1.109228705,1.7764440991,0.3298219498,4.6604910377,2.66927045,0.1691211835,1.762414459,-1.070541321,0.2,3.8243251091,212.0,0.0331595576,-0.6040336065,3.0,0.5,0.001243527744,0.9588098526000001,0.0007998261,0.5833333333,0.8148148148000001,-0.8634236928000001,277.0,0.15789473680000002,1.5646052874,0.2883343384,2.0188838959,-103.5,0.1111111111,-0.2551443013,368.5,2.5276855724000002,0.2678046738,1.2534590816,47.0,132.5,-12.1190467725,0.5758704473,13.0,1.7296700461999999,0.5146085738,1.825374209,-0.6388575894,1.9787222134,0.3716716565,1.7498885847,-56.5,0.0869565217,-1.8449848409,140.0,0.0526531572,0.22105263160000002,0.0,89.0,144.0,17.0,3.00411032,0.25218836240000003,1.5371399717,-0.0906835554,5.6,5.0,324.3333333333,2.5352387161000003,0.2140548918,0.6014878041008074,311.25,0.5222222222,2.3555293856,0.2595248477,1.6507365218999999,0.0072605437,0.07619047620000001,36.8333333333,62.7914502165,0.0,2.3158317865,0.2824875251,1.9698122782,-1.0372296994,0.050499766800000005,-0.0873444034,1.244286574,0.1493472126,2.3208396941,-0.5765223239,-0.0271855564,1772.5916666667,11.0,6.0,2785.5,0.81945484,0.21095480020000001
s531,0.9611298688000001,0.1151797896,1.6701201288,1.9,18.652173913,0.2333333333,10.3157894737,0.36666666670000003,-0.2764688833,-0.30581931430000003,2.852913798,0.41005802290000004,1.6422038577,-0.0552743216,0.5588784247,-1.1774887245260888,-1.9637428684427554,-9.047682552124119,-5.392040680090885,4.0895333987,0.27243489,1.6953622774000001,0.1666666667,0.6666666667000001,8.6666666667,0.075,2.0,-0.0116666667,-3.0,13.0416666667,0.0544679967,1.0,-0.0025120532000000003,-2.6190773067,0.5010912035,0.22916666670000002,0.8441163012,8.1,6.2,1.7405673026000001,0.5619971082,2.5727490979,0.0398580169,-3.698909446740019,0.0191046526,0.2222222222,-1.8596767849,-1.0342256132,0.1910395678,4.9380558016,2.6543657733,0.2501841051,1.3736659232,-0.8075379761,0.0857142857,4.3503317988,104.0,10.925098711,0.2565783653,8.0,0.7968348503,0.0014051661,0.7146347046,0.0016985975,0.5833333333,0.40740740740000003,-1.7875693313,127.0,0.2,1.8143896063,0.45100736,1.693048513,-99.0,0.1428571429,-0.5155426516,331.75833333333503,2.8939747355889995,0.33138191514700005,1.4962401108380001,18.095,72.465,11.2953549176,0.6385046359000001,8.0,1.6983868357,0.51372901239,2.7199750482000002,0.1361411123,2.9153983108,0.47085808830000003,1.5792024855,-19.5,0.11428571430000001,-3.1593564623,113.0,0.0884791521,0.038183694500000004,0.6931471805599453,119.0,180.0,18.0,2.9263175545,0.3100212177,1.2930810529,-1.8174401924999999,5.4,5.7,326.3333333333,2.3957212819,0.44863574030000003,0.2751294921548124,240.5833333333,0.5222222222,2.7104605829,0.3804023147,1.4315704209,0.0084576684,0.05,7.8333333333,-34.5575250836,0.0,2.9211471332,0.2352235997,2.018592133063001,-0.48094565650000004,-0.28810047780000003,-0.875201737,1.7742272780000001,0.3020516384,1.881532349,-0.3193962352,-0.0588964229,2262.6574074074,4.0,8.0,4282.5,0.6761282154,0.3745785493
s533,1.0107377137,0.0201817033,1.686109801812,2.3,55.1764705882,0.4333333333,18.9545454545,0.2666666667,0.3860495941,-0.9296755962000001,3.7390347652,0.37623002920000004,2.0373029536,-0.0805566562,0.7312585616,-0.8609337874702161,-3.3126033529766827,-7.7060007873519245,-6.6560145526902526,2.8890011243,0.3153456585,1.456639059,0.8333333333,0.1666666667,14.4583333333,0.05779166667000002,2.0,-0.0015,-1.375,12.625,0.1969767442,1.0,-0.0060930233,-4.9186046512,0.30253334530000003,0.1666666667,0.72700743,9.6,6.6,1.5877444834,0.4715331674,1.8694991886999999,-0.7528937617,-7.959481500838443,-0.0111111154,1.0,-1.4698892182,0.5608606364000001,0.2244701138,4.8711947097,2.2469625941,0.0055072508,2.374502446,-0.7625664513,0.11428571430000001,3.9332268227,164.0,7.6113128603,0.3752535483,7.0,0.8510818481,0.0020740881,0.9792968750000001,0.0025232111,0.6388888889000001,0.6666666667000001,-1.3184827507999999,-64.5,0.1428571429,1.6328995572,0.3809738245,1.8905542084,-183.5,0.1111111111,-0.6841932139,283.1666666667,3.2263194026,0.32012787460000003,1.9267273598,9.0,42.0,13.3249509894,0.3629528484,16.0,1.4889796656,0.4259461082,2.4331339226,0.0096446554,3.1642379172,0.39470160330000004,1.9355987655,-38.0,0.1035714286,-2.0595602532,88.0,0.0745856718,-0.1456140351,0.0,106.0,144.0,21.0,3.0926969197,0.3403195121,1.0683408965,-1.8726973978,6.5,6.0,319.5,2.8394314421,0.3573116568,0.4230779670616906,222.8333333333,0.5222222222,3.9327332073,0.3487790297,2.1361353741,0.011413967,0.0238095238,7.6666666667,-12.1088600161,0.0,2.8513636296,0.310347688,1.7982650397,-1.7217540347,-0.6662019823,-0.7336981931000001,1.6284299904,0.3712262142,1.5816610394000001,-0.5052648087,-0.0828234462,2007.2037037037,-5.0,9.0,4108.068977272723,0.19795218920000002,0.2129114584
s534,1.2685456169,0.22978331910000002,1.2258488926,1.9,26.9583333333,0.2,13.5909090909,0.2666666667,-0.42996781850000004,-1.3481735402,2.9612242766,0.4053737526,1.600404221,-0.6666444075,0.5763356164,-2.2397710889191185,-2.873469181686033,-7.511479027231527,-5.287469438655648,2.7856326747,0.2312538919,1.6662742792,0.33333333330000003,0.5,7.4166666667,-0.0166666667,2.0,-0.0056666667000000006,-1.1666666667,6.75,0.09321428570000001,1.0,-0.0032714286,-2.5738095238,0.0915068093,0.2244897959,0.7252344647000001,6.1,5.3,1.7837696413000002,0.4255949026,1.6815253908,-0.5084590383,-1.5390030795400458,-0.014292993300000001,0.0,2.1072849857,3.0990744793,-0.1448413667,3.3579238221,2.7930036579,0.2482686712,1.2049460238,-1.070541321,0.2,3.8243251091,198.0,7.6113128603,0.3752535483,7.0,0.7982537150000001,0.001190448,1.0,0.0017024752,0.47222222220000004,0.18518518520000002,-0.2372813999,-186.0,0.0555555556,1.3803040768,0.47694345260000004,1.7100040289,-71.0,0.1538461538,-0.5560570140000001,311.145000000001,2.8814959049779993,0.3112002218259999,1.5564198612760007,19.36,82.645,1.3168202116,0.5709133277,7.0,1.4130572864,0.4653811377,1.9215166858,0.6154242658,3.1059205413,0.3461107192,1.6648023735000002,-39.0,0.1178571429,-1.8719600858,184.0,0.13940373620000002,0.149122807,0.0,85.0,167.0,21.0,2.7343932090000003,0.2784259535,1.264220677,-0.5128203277,6.0,5.8,282.92666666667003,3.3936013508010006,0.325930508955,0.6131321395081013,267.622916666666,0.5220555555549996,3.1132521051580007,0.3137833071229999,1.6952891457359995,0.009908629862999995,0.04342857143,16.767499999998996,29.790169330030004,0.0,2.9528702568,0.3402281809,1.969744823996999,-1.242594392,-0.7146754944,-0.6581477342000001,1.5587771324,0.3521959106,1.4792903876,0.1279860065,0.3845614142,2259.7416666667,2.0,8.0,4808.4166666667,0.8793616289,0.31545630950000003
s535,1.260302484,0.20962385020000002,1.863083659,2.45,33.7083333333,0.2,33.7333333333,0.5,-0.0649566822,-0.5977437622,2.1101136004,0.3814531792,1.6108686731000001,-0.1919892099,0.619322774,-1.5891821241054027,-2.2351024936608312,-8.420960709790299,-6.582048063555594,1.9656685436,0.2480898416,1.685405685,0.33333333330000003,0.33333333330000003,10.125,0.1458333333,2.0,-0.0231666667,-2.375,13.75,0.0787057634,1.0,-0.0047605379370000015,-1.5515672396,0.14606317060000001,0.2083333333,0.7045866707,7.4,7.0,1.4450470382,0.4590988159,1.9517815874000002,-0.45637330530000003,-2.132284178837174,0.024948508,0.2222222222,-2.6506524399,-1.468961448,0.1932209246,4.933693088,2.5037501215,0.0165071471,3.340614593,-0.9199691090000001,0.2571428571,3.1442961907,123.0,59.8991114415,0.8568707964000001,6.0,0.5196380615,0.0017277125000000001,1.0,0.0019241246990000002,0.7222222222,0.5185185185,-0.7435094044,-482.0,0.1538461538,1.5019834842000002,0.4548032742,2.0705690058,28.5,0.0526315789,-0.6533055615000001,418.3333333333,1.6283960106,0.2612145573,1.7696071269,30.0,218.0,10.7368174281,0.6353554268,14.0,1.4958422311000001,0.42005262130000004,2.3366209703,-0.3380322827,1.9147385763,0.3040341552,2.151967933,2.635,0.09195402300000001,-0.46823614080000003,155.0,0.0651576502,-0.0010319917000000001,0.6931471805599453,105.0,177.0,22.0,1.6562004658,0.2563508258,1.7021174761,-0.25981517930000003,6.8,5.6,252.3333333333,3.0743884618,0.3626386887,0.43557827536652594,215.1666666667,0.5333333333,2.5874999308,0.3431263446,1.7005288251000001,0.0090041054,0.069047619,-20.6666666667,28.436199095,2.0,1.5079625269,0.4163179876,1.7588877341,-0.9310010287,-0.2501405084,0.215887761,1.1021574339,0.3966831616,1.7022506038,-0.596026644,-0.0201846327,1519.55,7.0,8.0,4523.0833333333,0.8491657126000001,0.42676013490000003
s538,1.110104119,0.2579005625,1.0565816242,1.05,19.4166666667,0.2,23.619047619,0.30000000000000004,-0.1700939766,-1.3978963074,2.7137071804,0.362839995,2.1257291701,-1.4100317085,0.14190667810000002,-2.11795455977235,-2.949685595016338,-6.363874931998493,-6.530346837220093,3.1253596097,0.28529769650000003,1.5940463831,0.5,0.0,5.625,0.0291666667,0.0,-0.0005,0.2083333333,11.375,0.0004728132,0.0,0.0030189125,-1.4213947991,0.079557719,0.125,0.6893790886000001,8.9,6.3,1.5058118119000001,0.39286295260000004,1.7168213222,-0.9083239523000001,-3.9257034068529317,0.0160624584,0.30555555560000003,-1.85154001568,-0.6975729220269998,-0.3425591612600001,3.604758541697999,2.3052207710639996,0.17941231781600003,1.8349594000159997,-0.7017421781000001,0.0571428571,4.5619233948,123.0,2.3916188301,0.3492235958,5.0,0.6997104645000001,0.0011304679,1.0,0.0016535866,0.5555555556,0.5925925926,-1.1138018625,165.0,0.2631578947,1.511611951,0.4734469163,1.9400852003,311.0,0.058823529400000005,-0.4774938141,307.6666666667,2.4017504665000002,0.3052674771,1.6960796953,6.0,139.5,-2.9373765574,0.5718428462249998,8.0,2.042826304,0.47153248360199984,2.079814126,-0.1735458771,2.47828433,0.4525234475,1.7916394232,2.765,0.075,-1.7467162959,159.0,0.0672318152,-0.0495356037,0.6931471805599453,70.0,161.0,20.0,3.4301339824,0.28721443350000003,1.8367941684,-1.5001383463,4.8,4.8,232.0,4.0036672568,0.2748995522,1.1480602298833509,272.24333333332896,0.5203888888959998,2.985028661109001,0.3171542922420001,1.8483497371629998,0.007541327409999998,0.036785714278999994,16.674166666663996,44.107939323903004,1.0,2.3853071079,0.32833593240000003,2.4093946917,-0.5047077893,0.07422264370000001,-0.5195595488,1.6995664475,0.2899066683,1.7888732151000002,-0.31502617650000003,-0.036291023400000004,2337.3928590969263,-20.0,2.0,7201.8333333333,0.8607258516,0.3903951155
s539,1.2540056157000001,0.1434491096,1.179325356,1.45,27.0,0.36666666670000003,35.1578947368,0.36666666670000003,-0.3636376377,-0.0794501123,2.1954762959,0.3405772072,1.2047079501,-1.1973460521,0.0541181507,-2.920612094283353,-2.9713738299625923,-7.153787525390116,-3.829219688667789,3.0510302836,0.2538303349,1.3101144073,0.33333333330000003,0.33333333330000003,12.375,0.0791666667,1.0,-0.0021666667,-1.625,12.2083333333,0.2110520095,2.0,-0.0046950355,-2.1938534279,-0.11267671130000001,0.0,0.5345052083,8.5,6.5,1.8468126025,0.629397584,1.5588814306,-0.1767883631,-1.538820345413329,-0.0089074231,0.0,-1.8025011011,0.0375296961,-0.5638194763000001,3.4283377134,2.5233953241,0.0501328438,2.0563150088,-1.2005538776,0.3714285714,3.0572519702,182.0,10.925098711,0.2565783653,8.0,0.7275070667,0.0013907151,0.9213012695,0.0022921817,0.6111111111,0.2962962963,-1.4598506249,-181.0,0.1666666667,1.7798292033,0.37873673300000005,1.7565537467999999,-187.5,0.125,-0.6896218889,295.6666666667,2.8289172372999998,0.2124952636,1.8974422775000002,45.0,77.0,2.092693738868,0.5493579387,8.0,1.3215229112,0.4241579126,1.5070075371,-0.4471469397,2.1769855734,0.4027484993,1.4345184416,-15.0,0.09642857140000001,-2.4460059945,57.0,0.0394692662,0.15789473680000002,0.0,129.0,155.0,16.0,2.5659348829,0.2310268054,0.9579030989,-1.4352364709,6.2,5.8,268.6666666667,3.3767293154,0.307848658,0.342237209045698,268.0833333333,0.5333333333,3.2465642859,0.29347498850000003,1.3487849791,0.0096701211,0.0642857143,5.8333333333,37.8077473372,1.0,2.3622680352,0.3599924865,1.4322621660000001,-0.9209993353,0.3225359558,-0.0528941369,1.175909924,0.0329845295,1.9088185755,-0.9450198483000001,-0.46688499440000003,1406.6,10.0,7.0,2998.0833333333,0.1707640553,0.40095468640000004
s541,0.6404450697,0.2452336183,1.4994703917,1.3,37.7272727273,0.2666666667,32.75,0.33333333330000003,-1.1277385637,-1.1923901168,2.9670071308,0.3808456096,1.5301414921,-1.2621240834,0.1283835616,-2.47543113698962,-3.248814407592224,-6.676918198903709,-5.627714471048299,2.9165738507,0.29113264040000003,1.2452443548,0.33333333330000003,0.5,12.75,-0.025,1.0,0.001,-2.75,15.8333333333,0.15,1.0,-0.002,-3.6666666667000003,0.2142348754,0.2391304348,1.0406710727,7.1,5.4,1.4002124804,0.38416897640000003,1.5848498640000002,-0.35262290220000003,-2.7262249962353935,-0.0180253867,0.1944444444,-6.326802528,-5.2150453817,-0.3833548794,1.7442625809,1.2030876298,0.0904169727,1.5497915537,-1.0816155204,0.2857142857,3.2951286846,133.0,7.6113128603,0.3752535483,7.0,0.7488066673,0.0013777649,1.0,0.0019082342,0.5277777778,0.37037037040000004,-1.1233687337,-117.0,0.33333333330000003,1.3312076598,0.44146064570000004,1.6961013744,-144.5,0.2380952381,-0.025294389900000002,350.7100000000041,2.4657020120720006,0.31669793215200004,1.3863590666639993,19.905,61.565,3.980405812266001,0.4720466176,2.0,1.6391063,0.41009965740000004,1.7354172198,0.043235667000000005,2.6107959292,0.4379691848,1.4109704071,-14.5,0.0857142857,-1.143711604,135.0,0.0570405332,-0.2693498452,0.6931471805599453,96.0,148.0,16.0,2.4373408434,0.2481378327,1.441604249,-0.0872610132,4.8,4.5,344.8333333333,2.5324325953,0.2897239515,0.07874889706143127,311.4166666667,0.5388888889,2.213141491,0.2966645737,1.0558643985,0.015874874100000002,0.1357142857,31.8333333333,35.2319327731,0.0,2.0488538089,0.4236367163,2.0011406239,-0.9077461434,-0.6977433878,-0.5971727873,0.5283968976,0.3024107418,1.3998796789,-0.6084963026,-0.4478585184,2396.0433333333,17.0,2.0,2330.6666666667,0.9235938225,0.23451252490000002
s542,1.1645573171999999,0.0289261183,2.0593489268,2.15,41.2,0.33333333330000003,16.3157894737,0.36666666670000003,-0.2527090765,-1.0077894168,2.9694387586,0.3305280101,1.5194985296999999,-0.5336847149,0.0373630137,-2.108447208952737,-3.1637254654039433,-6.7825574367514765,-3.760080745222514,3.4897917546,0.3102440742,1.2049208478,0.33333333330000003,0.1666666667,12.9583333333,0.054166666700000005,0.0,0.0035,-0.7916666667000001,19.3333333333,0.053553616000000005,0.0,0.0027331671,-1.9644638404,0.0935627764,0.1428571429,0.6780225794,6.5,7.6,0.7186507005,0.36136517500000004,1.3813428312,-1.8860697511,-2.1547647493747544,-0.0137048729,0.1111111111,-0.8906049294,-0.0591057204,-0.42503709440000004,3.1507729495,2.1912892473,0.2330047005,1.6022486790000001,-1.327315884,0.3714285714,3.310775983,193.0,7.6113128603,0.3752535483,7.0,0.7218710423,0.0015377973000000001,0.6784851074,0.0017459648,0.47222222220000004,0.1111111111,-0.44887301620000003,-201.5,0.6923076923,0.5235384341,0.4073878691700001,1.7322005898000001,90.0,0.2777777778,-0.3162922731,236.8333333333,3.125595195,0.273799662,1.6371274316000002,13.0,88.5,5.6751474036000005,0.2994181843,6.0,1.5086008627,0.4977505015,1.7763081086999999,-0.1315694876,3.5251835593000003,0.370705997,1.8558019423,56.5,0.11191335740000001,-2.1095283998,77.0,0.0324221574,0.10294117650000001,1.0986122886681098,80.0,117.0,17.0,3.1409114697,0.3240407354,1.3033856636,-1.136974602,5.9,5.3,272.1666666667,3.4138667765,0.32742017030000004,0.6024014577541523,275.28666666667107,0.5226111111089997,2.836782252687999,0.310119068947,1.7584601347120001,0.007607096716999999,0.05421428571400002,30.265833333328004,42.165378970892995,1.0,2.0850817285,0.35909996980000003,1.4796051946,-1.7456528310000001,-1.0936182372,-0.2424712842,0.7551392374,0.3190498681,1.4891079999,0.3390600365,-0.1971338506,2229.6944444444,0.0,7.0,3623.1666666667,0.8338126162,0.2340777251
s543,1.1737986463,0.019972681500000002,2.0649177634,2.15,41.0,0.2666666667,23.8333333333,0.2,0.0383308882,-1.1101391238240002,0.7518455820000001,0.5171967190000001,1.1627833136,-0.3145992034,0.43885787670000004,-0.8759469337515745,-1.5437656162936277,-8.04212646381246,-7.240385485661631,3.5805857633000002,0.3329571421,1.5644508190000002,0.1666666667,0.5,10.7916666667,-0.0291666667,1.0,-0.0028333333,-3.125,12.2916666667,-0.0560606061,1.0,0.0035454545,-1.7727272727,-0.0730137893,0.2244897959,0.7432862666000001,7.4,5.6,1.7841079708,0.5099243727,1.5719651561,0.44711706500000004,-4.663614270654581,0.0068371606,0.5555555556,-0.7621577981000001,2.4179723819,-0.23074187610000002,3.5297248409,2.632375332,0.2327684035,1.9481721211,-0.8075379761,0.0857142857,4.3503317988,121.0,59.8991114415,0.8568707964000001,6.0,0.6906292915000001,0.0008811384,0.7614501953,0.00090221,0.6111111111,0.6296296296,-0.2176042354,-202.0,0.0714285714,1.5891514271,0.48262183150000004,2.4943435856000002,312.0,0.0,-0.2936843516,274.6666666667,3.5862799925,0.3540408209,2.0811969289,21.5,119.0,-4.9536616529,0.8039293866,7.0,1.0597323154,0.5717608513,1.8818692526,-0.4012197112,2.8879574541,0.48063730670000004,2.3210551085,27.0,0.11870503600000001,-1.9619794885,157.0,0.058627117400000005,1.665334537e-16,0.0,88.0,161.0,16.0,2.9488473557,0.3137188254,1.6539137069,-1.4315796078,5.4,4.8,294.8333333333,3.6923090041,0.40667448640000003,0.6175436499852686,300.0,0.5111111111000001,3.9722952822,0.3590821008,1.9571081332,0.007779279300000001,0.0238095238,58.3333333333,16.4699980518,0.0,2.8729010098,0.2731733322,2.8914692364,-0.8006766419,-0.0666928443,-0.07728076610000001,0.7889131768000001,0.2610112535,1.7454670719,-0.5006147385,-0.3645488827,2526.4148148148,15.0,5.0,2716.1666666667,0.6479484750000001,0.2674982583
s544,0.9699139198000001,0.2224644987,1.5792805545,1.9500000000000002,26.9565217391,0.2333333333,24.0,0.4333333333,-0.3646885086,-0.7020360386000001,2.9503078847,0.3350951548,2.4456209517,0.3606413992,0.15831506850000002,-0.6233623853407172,-1.2267940240314543,-6.297646994354924,-7.078794283812781,2.5715212076,0.2834222072,1.7331437593999999,0.33333333330000003,0.33333333330000003,14.7916666667,0.0625,1.0,-0.0008333333,-3.5416666667,10.375,0.0247536946,1.0,-0.004438423600000001,-1.8635057471,0.4591163439,0.2173913043,0.4281817445,4.9,6.2,0.8573602788,0.5871085735,2.0614601643,-1.1987040847000001,-3.6864284123723987,0.0189381013,0.2777777778,-1.6310741725,0.6626278287,0.5076069208,4.3049210956,1.8289838428,0.2653375376,1.6256165653,-1.2494826612,0.3142857143,3.4664424285,130.0,25.7627506452,0.3968411315,9.0,0.5161180258,0.0005452099,0.6121646643,0.0008970839,0.3888888889,0.33333333330000003,-0.5175551353,-246.5,0.2222222222,1.348347583,0.4303507465,2.0359419908,-39.0,0.0952380952,-0.3757209429,355.463333333337,2.4832033979850014,0.3218556273399998,1.5638312024480001,24.41,65.305,4.1397420531,0.5955672078489999,3.0,0.6541028488,0.6748610165000001,2.0913094606,-0.5472594607,1.9010581615,0.49524885090000004,1.8695988356000002,-31.5,0.08,-0.8667377174,89.0,0.0106625871,0.1,0.0,88.0,134.0,17.0,3.0948501216,0.3207723469,1.5633086600000001,-0.6507524866000001,5.3,5.3,464.5,1.8168930894000002,0.2737525172,0.5288575391591132,393.0,0.5111111111000001,1.8365417662999999,0.3040516661130001,2.3057574627,0.0017030518,0.09761904760000001,27.468333333335,40.8164270577,0.59,2.0237552495,0.3989135139,2.0554892354,-0.0394814753,-0.6161922607,-0.6345271424000001,0.9743821159,0.3470136004,1.6009602177,-0.2172460276,-0.1153013787,3395.8,-1.0,4.0,5608.6666666667,0.8193917451,0.7532289774
s545,1.9349832463,0.2906252144,1.4593582945,2.95,42.1666666667,0.4,20.375,0.4666666667,-0.15584172300000002,-1.0000978533,2.5635954918,0.2801484383,1.4771151277,-1.5269146225,0.0713159247,-1.7249957927109787,-3.0937567505322607,-7.134987645548327,-4.571113214723993,2.387610509,0.2748870257,1.7414916877,0.6666666667000001,0.0,7.3333333333,0.09166666670000001,2.0,-0.008,-3.5833333333,20.3333333333,0.327693475,3.0,-0.0193444613,-3.9139388684,0.0612526425,0.22916666670000002,0.9704038124000001,9.0,7.0,1.6624986733,0.3474078655,1.6943976697,-0.9819443129000001,-3.5138136265750957,0.0162184948,0.30555555560000003,-3.8010363768,-3.9628425646,-0.9927888592,3.3345572188,1.9846371246,0.18265678300000002,2.1420387162,-1.0816155204,0.2857142857,3.2951286846,134.0,59.8991114415,0.8568707964000001,6.0,0.6323980689,0.0013900617,1.0,0.0015988363,0.6111111111,0.33333333330000003,-0.9707650244,259.5,0.1333333333,1.6926838005,0.3956731478,2.0629388799,-352.0,0.0625,-0.2796647148,283.6666666667,2.2862608624,0.2556227313,1.2742965529,62.5,92.5,14.4377225325,0.6374147574,13.0,2.6473298803,0.43277229650000004,1.5357833348,-0.8222826079000001,2.9617616942,0.3711580284,1.6918298358000001,-30.5,0.1071428571,-0.7391153018000001,203.0,0.10173683330000001,0.2859649123,0.0,58.0,142.0,15.0,2.1552891537,0.299298872,1.8237917234,-0.6058792709,6.6,6.7,279.0,2.6165840635,0.2802072813,0.1197641364241688,258.8333333333,0.5611111111,2.4737386887,0.2819002841,1.2440242323,0.011827601200000001,0.09761904760000001,35.0,13.4849971639,0.0,2.5745905463,0.3366964193,2.1464677158,-1.5030569461,-0.46906439660000004,-0.17583728817600008,1.6618691841,0.32541359950000004,1.3774571446000001,-0.795233417,-0.36434741126899994,1671.7106060606,6.0,5.0,2456.75,0.8109987403000001,0.1544180054
s546,1.0146964961,0.0961630688,1.3605243219,1.2,8.551724137899999,0.033333333300000004,1.0,0.033333333300000004,0.01353259,-1.1956139873,3.4878029171,0.44415730940000003,1.9006163507,-0.3859646229,0.45376198630000003,-0.8026983520965236,-1.8765006976831458,-8.031513390424841,-8.021081792850346,4.4165112269,0.29856613330000004,1.4645253688,0.6666666667000001,0.1666666667,9.75,0.0666666667,2.0,-0.012,-2.25,19.5416666667,0.2652018503,2.0,-0.0053254836,-2.2382253995,0.0419481018,0.20408163270000002,0.7608034779,8.6,6.1,2.5788570428,0.5488622363,2.7687120105,-0.5733544819,-3.8255004466406692,0.015765601100000002,0.33333333330000003,-1.5025139724,0.0447072472,0.3298219498,4.6604910377,2.8609382249,0.1360307152,2.2198358109,-1.070541321,0.2,3.8243251091,231.0,59.8991114415,0.8568707964000001,6.0,0.6850069046,0.0009591563000000001,0.6830046654,0.0011734466,0.6944444444,0.5555555556,-1.2408885032,-73.5,0.4615384615,1.7456969949,0.40106937940000004,1.1909685567000001,-76.0,0.0555555556,-0.6890578167,362.0,2.8870831727,0.2465142553,1.8394219563,33.0,94.5,14.6814598978,0.5268360073,10.0,1.3090485023,0.5726125565,1.5732644517,-0.7279480404,2.7276371453,0.4456051072,1.5757318238,7.0,0.125,-1.168635492,115.0,0.049334770300000004,-0.2105263158,0.6931471805599453,90.0,123.0,17.0,3.3630499288,0.3201831945,2.0511661281,-0.3682918328,6.9,6.0,392.8333333333,3.0290960767,0.348502072,0.22207422378726455,255.25,0.5222222222,3.1902999012,0.3596007995,1.5147509975,0.0063586355,0.030952381,18.1666666667,111.8267378094,0.0,2.4314542115,0.4115044854,1.8268310634,-1.5974713351,-1.2193737074,-0.48374096200000005,1.5391652974999999,0.3512256986,1.3516055117,-0.38752928470000003,0.3134215562,2031.7916666667,15.0,7.0,2407.3333333333,0.8295909738,0.35598351380000004
s548,0.5819256297000001,0.037078927500000004,1.1830400852,1.45,24.8,0.1666666667,23.9473684211,0.36666666670000003,-0.7290079681,-1.2544105501,2.0535071061,0.3526138016,1.2888723256999999,-0.30607604320000004,0.0425017123,-3.4187216139924916,-3.4334411217154863,-7.179575042167427,-4.837833635417656,5.8737315026,0.25097061130000003,2.0778679542,0.1666666667,0.6666666667000001,13.25,0.07883333333400003,3.0,-0.0093333333,-2.1666666667,20.25,0.0312967581,0.0,-0.0007182045,-0.3495428096,-0.0228188752,0.1632653061,1.2251503689,6.5,4.7,2.6340952890000002,0.4295171488,1.3080108916,0.16920560510000002,-1.11512742944459,-0.0237793334,0.1111111111,2.35992229,2.4681870598,0.0,5.3201349372,3.0185138922270003,0.1797657828,2.103570118000001,-1.1652624446,0.2571428571,3.6348828618,146.0,59.8991114415,0.8568707964000001,6.0,0.5690826774000001,0.0007670438000000001,0.7079589844,0.0013713536,0.47222222220000004,0.2592592593,-1.2227447239,-332.0,0.2857142857,1.7763767753000002,0.43506472350000003,1.5099242547,101.0,0.0909090909,-0.0296857501,331.8333333333,3.3350915111,0.3337455429,1.1772715938,65.5,35.0,3.243272515123999,0.48094204490000003,9.0,1.6852368934,0.5268756618,1.7282593143,-0.3019845156,3.2342899808,0.4051769562,1.4832116762,-17.5,0.1428571429,-1.2745472734,76.0,0.0105905452,-0.0684210526,0.0,103.0,123.0,16.0,3.1982627436,0.2768209676,0.96850755,-1.289269876,4.4,4.2,381.8333333333,4.0785960594,0.2806938932,0.5790386614535908,258.1666666667,0.5388888889,2.8906440844,0.35393821950000004,1.2245906613,0.0167356986,0.0666666667,30.6666666667,32.7919448861,2.0,2.6231017253,0.341675854,1.5195507167,-0.7325527833000001,-0.1675278947,0.0099202293,0.7335473508,0.11962944710000001,1.6441439079,-1.2584499869,0.11627793560000001,2867.675,13.0,5.0,2806.25,0.20453989320000002,0.2056493495
s549,1.6119830273,0.2773821237,0.9816228582000001,1.9,13.6538461538,0.1333333333,8.0769230769,0.1333333333,-0.495288881,-1.7982985754,2.7674203535,0.3635729035,1.1741255948,-0.37497102730000004,0.9687585616000001,-0.3129881723336707,-3.251287579084801,-10.694128495181904,-7.268385176306,3.5150781161999998,0.2576785482,1.1841084091,0.8333333333,0.0,23.9583333333,0.0041666667,1.0,-0.0011666667,-1.375,23.5,-0.0538653367,1.0,-0.0014721530000000001,-2.9389027431,0.1803068236,0.20408163270000002,1.1017030115,6.8,5.8,2.1725529812,0.3363177128,2.2796851493,-0.20369072100000002,-1.42450419073215,0.0247717821,0.33333333330000003,-3.7644267374,-1.9126473276,0.5390048070000001,4.2421253233,2.3186506125,0.0194373324,2.1456354375,-1.2890129854999999,0.3428571429,3.38738178,206.0,0.0331595576,-0.6040336065,3.0,0.681635952,0.0019745884,0.8805252075000001,0.0021307687,0.6388888889000001,0.37037037040000004,-1.4921309358000001,7.5,0.4375,1.851146412,0.3283180077,1.2075398991,-38.0,0.125,-0.4596976018,444.1666666667,1.8458259404000001,0.342974029,1.064233762,35.5,58.5,6.7537836829,0.4988707184,5.0,2.0133211115,0.45069777990000004,2.2166534967000002,-0.2566162114,2.9149593956,0.3419297349,1.7920513801,-8.0,0.1071428571,-1.16827176,156.0,0.0237766549,0.1859649123,0.0,77.0,130.0,19.0,3.3350547557,0.28721555260000003,0.9921191769000001,-1.3706580359,6.7,5.3,265.5,3.8268142898,0.32907587250000003,0.46989281098061836,248.5833333333,0.5256111111109995,2.3350906564000002,0.3137455759,1.3505429983,0.0041798511000000005,0.07619047620000001,-29.1666666667,122.7682344922,2.0,2.5476005832,0.3176083651,1.7561106279,-0.673299317,-0.0910370665,-0.3201511748,1.8318233926,0.3585552436,1.2459750697,-0.8918114682,-0.5036102297,1808.6697530864,31.0,5.0,2133.8333333333,0.1519032881,0.2097647396
s550,1.3572343383,0.2830411795,1.4684613245,2.75,42.7777777778,0.4,26.4375,0.4666666667,0.152831652,-0.4414018196,3.9701795410000003,0.2983616801,2.7495132028000002,-0.22849071240000002,0.9437585616,-0.7902051197462849,-1.1985877862636127,-9.569608675767515,-8.022505486201933,3.1333429083,0.2953095545,1.5689708633000001,0.5,0.33333333330000003,8.375,0.2791666667,3.0,-0.0071666667,-2.375,13.2916666667,0.31703741150000003,3.0,-0.005726997,-5.4317492417,0.2442413393,0.2244897959,0.3421129415,6.6,7.0,2.1248073064,0.41336410830000003,1.9824064348000001,0.3609513285,-6.060169731409432,0.0023756663,0.8333333333,-0.4869976261,-0.9397866115,-0.6263483855,2.3845944148,1.7904215779000001,0.1377899643,1.9135324113,-1.2379163798000001,0.4,2.9825269658,278.0,7.6113128603,0.3752535483,7.0,0.5,0.0009863392,1.0,0.0011988351000000001,0.6111111111,0.8148148148000001,-0.6674657726000001,-269.0,0.2142857143,1.5571083212999999,0.46845143170000003,2.3584905673,-38.0,0.0769230769,-0.4793980491,192.6666666667,3.3247549435,0.3269556771,2.2847514263,14.0,123.0,5.036684806576998,0.6461344906,17.0,1.9777296421,0.410884792,2.2384074766,-0.42955407290000003,2.7983492559,0.46864116980000003,1.92899202,-8.0,0.1178571429,-0.7956160432,102.0,0.0182397901,0.0087719298,0.0,101.0,144.0,24.0,3.3975006145490005,0.30429890274000004,1.7286398514600005,-0.7324479515679996,5.8,6.6,291.6666666667,6.3259516216,0.3553393624,0.9835621418294099,248.9166666667,0.5166666667,4.4887878378,0.3400734325,2.7103217371,0.0209965831,0.0238095238,-23.1666666667,6.5890577508,0.0,3.1715833829,0.3376099872,2.881758036,0.10121978420000001,-0.2102529618,-0.053818773900000005,1.8076463122000002,0.36690545480000003,2.1139735536,-0.6243990728000001,-0.5170019195000001,3130.9166666667,-2.0,8.0,5052.0,0.9165097967,0.3117052972
s551,1.0926005966,0.2558926286,0.8668270333,1.05,44.5454545455,0.2666666667,32.5,0.33333333330000003,-0.45449234260000004,-0.5552610341,4.4336242893,0.2750207215,2.5728308904,-0.7202852609,0.6562619863,-1.1949044573557344,-2.3811577054539352,-8.686122624355342,-7.097415699479798,4.0241335284,0.2322711943,1.2472841286,0.5,0.5,24.7916666667,0.0375,1.0,0.0011666667,-2.625,24.625,0.0373239437,1.0,-0.0024225352,-2.3732394366,-0.3086765836,0.0,0.5550782957,5.8,4.8,2.0325685279,0.43616927240000003,1.6754948227000002,-0.7461773941000001,-3.2416450933961563,0.0211967858,0.25,-2.1452290369,0.998522126,0.1932209246,4.933693088,3.1641218608,0.0074552701,2.5826705214,-0.9288098496489995,0.0,3.9398294256889987,158.0,0.0331595576,-0.6040336065,3.0,0.6842736959,0.0012041722,0.7744644165,0.0014360079,0.6111111111,0.4444444444,-1.5303804218,3.5,0.5555555556,0.9425837782,0.3595186996,1.4998174217,-170.0,0.2666666667,-0.34326891130000003,336.0,2.4337648184000003,0.3055468507000001,2.0212080848,37.0,55.0,-7.2972734523,0.38581454270000004,10.0,1.4452141234,0.5078464136,1.7986162023999999,-0.3173416094,3.3712380191999998,0.4142439657,1.5383046194,-32.0,0.08214285710000001,-2.8466070408,124.0,0.0696686418,0.169246646,0.6931471805599453,84.0,137.0,24.0,3.6281052337,0.2823806205,1.2884626792,-0.9911441581,5.1,4.7,315.73500000000206,3.442165710136,0.3112133110540002,0.5334641325558257,329.4166666667,0.5185555555569997,3.0742016982,0.3044707062,1.3808225261,-9.02431e-05,0.0523809524,128.5,50.1614015229,1.0,2.5338732786,0.3413643398,1.7417465504,-0.7966040451,0.514173991,-0.6887846643000001,2.2265293613,0.3399788058,1.2929283818,-0.1391186325,-0.06430273660000001,3729.5619047619,-7.0,6.0,6098.2916666667,0.4232982588,0.3446813928
s552,1.2773092188000001,0.0412630056,1.8168891477,2.6,28.6363636364,0.2666666667,25.4545454545,0.2666666667,0.0120905091,-0.6042650411,3.5325396320999998,0.32263282400000004,3.4141878287000003,-0.5934051195,0.8992166096,-2.323041187513432,-2.540585900012385,-8.874780694467551,-4.3127538578307565,2.6012864852,0.2395958629,1.8450305997,0.6666666667000001,0.0,5.4583333333,0.0125,1.0,-0.007500000000000001,-0.2083333333,30.1,-5.551115123e-16,1.0,-3.486794187e-16,-1.0,0.0762291578,0.2653061224,0.8107595839,9.1,8.7,1.5832719169,0.41690499610000004,2.3858522872,-1.5791490093,-3.0780672043647996,-0.0137890359,0.1944444444,2.7730214759000003,2.9181696394000003,-0.7548590441,3.810416849,1.9435831656,0.009187863000000001,2.7631996555000002,-1.1195720593,0.22857142860000002,3.7262636324000002,178.0,25.7627506452,0.3968411315,9.0,0.6641836166,0.0018230418000000001,0.6802015305,0.0014477173000000002,0.6111111111,0.33333333330000003,-1.6503594480000001,-157.5,0.2222222222,1.8270083698000001,0.3914104015,2.0277906386,-168.0,0.1818181818,-0.8739205283,338.021666666667,2.8675766216339995,0.323191202458,1.5444647224580001,16.94,68.37,17.0671822878,0.6450719228,17.0,1.7735453907,0.48012887810000004,1.9885641624,0.7670465247,3.3037808102,0.4323681482,2.0668790259,3.0,0.11428571430000001,-1.6999875537,108.0,0.0457884254,-0.0473684211,0.0,127.0,153.0,18.0,3.364641078,0.2635391076,2.1421174713,-0.5206763684,6.5,6.5,346.6666666667,3.2278708592,0.3378722225,0.08698069741901661,286.3333333333,0.5166666667,3.4889952987,0.34823614210000003,1.4050160547,0.0082788245,0.0261904762,3.3333333333,26.010290675,2.0,1.319320626,0.353052608257,2.1347338204,-0.6847836792,-0.18632968460000002,0.41665201630000004,1.2924798507,0.3595987479,1.5312919623,-0.4988879208,-0.21312314170000002,1952.6045454545,1.0,8.0,4049.1666666667,0.7687518301,0.2480322805
s553,0.8436390996,0.1827170005,1.3258777963,1.75,14.2857142857,0.0666666667,9.75,0.0666666667,-0.059773589200000005,-0.29641986200000003,3.0969013994,0.4063573341,1.675008793,0.5771622287,0.6837517123,-1.230462121507097,-2.9510765415254716,-9.056746704394303,-6.970265458595906,5.9347804909,0.2857274293,1.4923072212,0.1666666667,0.3233333333349999,5.0833333333,0.1083333333,2.0,-0.0123333333,-2.25,1.4166666667,0.0392857143,2.0,-0.0015714286000000001,-0.0654761905,-0.1358475264,0.12244897960000001,0.6138189048,8.5,6.6,2.6361416604,0.5309314418000001,1.3889146583,0.06648775550000001,-3.609833776232535,0.018951201,0.2222222222,0.9998022778000001,1.4085246262,0.0,5.3201349372,3.7127066835,0.29342972770000003,1.3379155306000001,-1.1195720593,0.22857142860000002,3.7262636324000002,157.0,0.45206584250000004,-0.1827498846,3.0,0.8378417969,0.0006071291,1.0,0.0012102976000000001,0.6944444444,0.48148148150000003,-1.5158923033,-122.0,0.4117647059,1.7404527037,0.4032646811,1.1942778211,15.0,0.2,0.2552398232,329.64666666667006,3.1515955951699994,0.33207818791500016,1.59280751454,23.08,74.065,-11.048576992,0.5772407812,3.0,1.2424650722,0.5220812384,1.4533469777,-0.1306387337,4.0318439333,0.4639145998,1.3836247581,21.5,0.09285714290000001,-1.7850951462,103.0,0.0342089153,0.0596491228,0.0,109.0,153.0,23.0,4.6370039469,0.3134621012,1.6812449571,-0.3577171804,4.2,4.0,367.0,3.3995323823,0.3524965151,0.46569319026215816,256.4166666667,0.5111111111000001,3.548487372355,0.3116427632,2.7860174256,0.0238303462,0.0047619048,-9.8333333333,32.4428133985,1.0,2.9525387135,0.3647730818,1.6514530982,-1.0948605309,0.2769623109,0.2744594329,2.0941270219,0.4063512802,1.1446834225,-0.8698253439,0.1494488451,3591.5208333333,16.0,4.0,3218.1666666667,0.5811404673,0.639234214
s554,1.0244054514,0.1920589839,1.7351902829,2.35,51.9444444444,0.4,24.8,0.5,-0.8546401819,-1.3061112572,2.996742916,0.3957486014,1.6845619526000002,-0.41227026250000004,0.9062585616000001,-0.28684452369368424,-2.9529943070408753,-8.895681468480221,-9.893747144705355,1.8342545841,0.262488353477,2.7688012862,0.5,0.1666666667,16.8333333333,0.12495833333899993,3.0,-0.0126666667,-3.5,15.2083333333,0.27485294120000003,3.0,-0.006677596725,-3.3514705881999998,0.2481082155,0.0416666667,0.7182460133,9.0,4.4,1.8192413842000001,0.5402830532,2.2894550834,0.3786726472,-5.644921336274812,0.0040966543000000005,0.7777777778,-1.6809047699880002,-0.6315456450779998,-0.35982887512499995,3.6562801148620014,2.134189903429,0.13936951580900003,2.057671290489,-0.6161036505,0.2,2.9154497681000002,219.0,7.6113128603,0.3752535483,7.0,0.7370800018,0.0014676892,0.9389633179,0.0014440162,0.4444444444,0.5185185185,-0.8596044297000001,-440.0,0.0625,1.8144326968,0.3877099423,1.9354327164,-155.5,0.058823529400000005,-0.3052698493,357.4083333333411,2.625226455486,0.305617915574,1.4967820463770005,22.155,69.7,37.7067173799,0.5340408093929998,5.0,2.0057948707,0.610213403,2.2368770421,-0.5290673696,2.611654166368999,0.4198045057310002,1.981377128096,0.15,0.09948801099900002,-1.3286901081289995,160.0,0.0663202798,0.0649122807,0.0,111.0,198.0,16.0,1.7348623451,0.29261333189699995,1.6056831669,-0.2371858967,5.4,4.7,446.3333333333,1.5660981127,0.2465234564,0.26893557740354906,312.6666666667,0.48888888890000004,3.1327060484,0.3014375788,1.1467257266,0.0037934247000000003,0.0619047619,53.6666666667,4.0536548049,1.0,1.5683994173,0.33771888495200003,2.2628854143,-0.9854615733000001,-0.7845562173,-0.269806486,1.8402170904,0.3034891521,1.7273494885,0.4531625832,-0.2279331253,3006.5833333333,1.0,8.0,3997.5,0.8418728562000001,0.4367230596
s556,0.8738983058,0.4053643302,1.630577234,1.45,43.6666666667,0.4,25.1666666667,0.4,0.2013645103,-0.8050209037,3.119790768,0.37698899420000004,2.5604419847,-0.9418851178000001,0.3306986301,-0.9778656124027963,-2.482298168182038,-7.027444630504556,-5.2676108154552805,1.9925512055,0.3247216727,1.483337026,0.6666666667000001,0.33333333330000003,3.8333333333,-0.0416666667,1.0,0.0003333333,-2.0,16.4166666667,-0.0058641316,1.0,-0.0042136296,-1.8131809442,0.3936243797,0.2553191489,0.1545586687,6.5,6.1,1.2187083683339996,0.46626077405000005,1.8914855655719998,-0.7548817651240001,-3.4314217394066353,0.0198966566,0.2777777778,-2.9365552791000002,-3.638495132,-0.5042098577,1.0084197155,0.9894735417,0.3025241259,1.6654417081,-0.8011914098,0.4,2.1090770259,145.31,25.7627506452,0.3968411315,9.0,0.5912019968000001,0.0007079677,0.5318856597,0.0008580133,0.47222222220000004,0.40740740740000003,-1.0663098842,159.0,0.55,1.2007138375,0.5099202585,1.8997137938000002,-162.0,0.0555555556,-0.3466196755,385.118333333337,2.2149826708940004,0.3260113370389998,1.5273053706699997,29.305,54.295,-23.0900178674,0.593671253194,9.0,0.8492151799000001,0.7762895976,1.9090938193,-0.3908445759,2.0486948174,0.4762433299,1.6221728642,111.0,0.1,-1.1561695566,105.0,0.022334838200000002,0.2178571429,0.42177746011878625,54.0,97.0,17.0,1.8097444466,0.32359242850000003,1.7143121397,-0.1192114361,5.8,4.8,511.0,2.0765557136,0.4314700986,0.40761219174021907,331.33874999999796,0.5166666667,1.5445782042,0.2390006492,1.6590753965,0.0051123602,0.09573809524000003,62.5,-28.8881569677,0.0,2.3652998882,0.44347979600000004,2.6512394417,-1.1144263452,-0.332083246,-0.5639705782000001,0.7785057329,0.0273821567,2.3691158479,-0.42797592510000004,0.22218657400000003,1748.2222222222,18.0,9.0,3039.8333333333,0.7309773423,0.46316834760000003
s557,0.4945197773,0.2186357069,1.5245883095,1.05,19.76,0.1666666667,20.85,0.33333333330000003,-0.224415465,-0.277221693,3.7546372994,0.302282745,2.8207897808,-0.968305213,0.3636960616,-1.2008839723495843,-2.3684578371447533,-8.648318908571202,-7.291259795756643,1.411437077,0.2853615252,1.6558962387,0.33333333330000003,0.5,11.9583333333,-0.1625,0.0,-0.0028333333,1.7916666667,23.125,-0.027118644100000002,0.0,-0.0023638963,0.8367367776,0.0733310959,0.1914893617,0.2482456676,4.8,3.1,1.2163652886550003,0.42403495900299987,1.7689189907279996,-0.7549142682720005,-0.9945069538803097,-0.0209760253,0.3888888889,-2.3088614692649987,-1.7108892413090007,-0.5255879535219998,2.6014611843700006,1.7154545444800002,0.12647765642500003,1.8178355158199995,-0.8893284577,0.11428571430000001,4.1867508355,107.0,0.2437823721,0.2256718896,5.0,0.7405311584000001,0.0015409030000000002,1.0,0.0018751286,0.4963888888889998,0.2592592593,-1.6433867691000001,103.5,0.6470588235,1.0487495403,0.5354241951,1.6268730243,223.0,0.3125,0.07775984,373.4266666666679,2.3096238362029995,0.316695361127,1.423900623446,30.735,46.715,0.9957333524,0.5583678192,1.0,1.0700110321100003,0.46080989197500016,1.9304568234930002,-0.21581998007700004,1.6812928381,0.3901594759,1.885667089,-26.0,0.1204379562,-1.9427090649,96.0,0.035387097900000004,-0.1315789474,0.0,104.0,163.0,18.0,1.8689517709,0.357916565,1.7329142309,0.2480714101,3.6,4.863,348.798333333327,2.336922529644999,0.31855196060200003,0.5090120434897188,299.46125000000205,0.5324444444499997,2.4038510481070006,0.32136059457400007,1.6582379833659993,0.005790545011999998,0.08288095237700002,22.35916666666201,28.411599275075996,2.0,1.6591525947,0.3591922662,1.494076318,-1.3018818716,0.4427081912,-0.08365036890000001,0.48935026800000003,0.024761697000000003,1.9325642672,-0.6487032553000001,-0.09222238270000001,1807.073015873,22.0,5.0,3114.9166666667,0.1444844828,0.2754326399
s559,0.8845750429,0.3323632168,1.305400637,1.35,31.5789473684,0.36666666670000003,29.4117647059,0.4333333333,0.047005092400000004,-0.4197895136,2.7105283597,0.4126226086,1.6780631135,-1.1782175057,0.0579589041,-1.4603759901129043,-3.290241249706749,-5.150979205032272,-4.648592099036033,4.1593178387,0.3586844129,1.4953311955,0.6666666667000001,0.33333333330000003,12.0416666667,-0.0791666667,2.0,-0.0048333333,-2.7083333333,12.0833333333,-0.0027545910000000002,2.0,-0.0063038397,-1.5936978297,-0.533131755,0.0208333333,0.7233873735,7.2,5.8,1.2208349546,0.51213861,1.5166013313,-1.6009862725000001,-2.7751591958782993,-0.0237754228,0.0833333333,-2.0531042621310003,-0.45531384603200004,0.3346735035,4.6507879302,2.2726549816,0.27064673100000003,1.5631716802,-0.6161036505,0.2,2.9154497681000002,116.0,7.6113128603,0.3752535483,7.0,0.6646472931,0.0005963427,0.7619123459,0.0007748089000000001,0.7777777778,0.4444444444,-1.5079300764,-101.5,0.4,1.5427416902000002,0.5054154306,1.5456955425999999,-275.5,0.1666666667,-1.0025778716,422.0,2.1683610543,0.3865932973,1.4695712056999999,68.0,92.0,1.5491932282689995,0.6015868257,10.0,1.2890054106,0.5237568708,1.8593428018,-0.3342794249,2.1099135804,0.47474102090000003,1.9238683304,-47.0,0.0678571429,-1.6510267443000002,140.0,0.04698921925599998,-0.1021671827,0.6931471805599453,97.0,151.0,29.0,2.8975550384,0.3171124729,1.5746409971,-1.6058058369000001,5.9,6.7,451.8333333333,2.26153834,0.3954362542,0.036678963141809025,390.6666666667,0.5055555556,2.6019017689,0.3562710189,1.2581474721,0.0058934414,0.0714285714,86.6666666667,8.0516351119,1.0,1.9158069803000002,0.4180523477,1.5406195432,-1.6328857601,-0.2153488844,0.2011463014,1.4260842094,0.38282891350000003,1.5542278564,-0.1154465526,-0.708536131,2278.5575757576,-1.0,10.0,4395.5,0.1548348139,0.4594218088
s560,1.2708447577,0.3248403762,1.8297236551,2.6,42.6875,0.4666666667,28.5,0.33333333330000003,-0.2218331613,-0.8871982377000001,3.5955705188,0.3804311638,2.3933297288,-1.5244409066,0.2126044521,-2.845395117689005,-3.318473867179767,-6.832046503084412,-4.5974334716940675,1.8788432105,0.2689250961,2.0228429739,0.8333333333,0.0,6.2083333333,-0.0041666667,2.0,-0.0095,-1.2916666667,11.9583333333,0.0116134932,2.0,-0.011672830700000001,-2.6875635034,-0.290594269,0.1020408163,0.8717984912000001,7.9,6.6,1.9170190128,0.5279817595,2.2097786816,-0.41123511379200006,-3.960902767361338,0.015965708000000002,0.33333333330000003,-1.8333239682289995,-0.28902533749900006,-0.1369984129,3.3422379144,2.0069983032,0.20658944440000002,2.7042055833000003,-1.070541321,0.2,3.8243251091,245.0,0.0331595576,-0.6040336065,3.0,0.8474288940000001,0.0009294936000000001,1.0,0.0010469512,0.6388888889000001,0.37037037040000004,-0.41864856580000004,-66.38,0.0,1.8499358858,0.43818071610000003,2.9672281123,21.0,0.0769230769,-0.557598923,316.8333333333,4.1340016635,0.3685661317,2.117620596,20.0,34.5,1.5350483770999999,0.5075848229000001,15.0,1.868368834,0.6403266727,2.2280848730000002,-0.27196700964000003,2.0465073941,0.4028483224,2.5458918439,38.5,0.10035842290000001,-1.0169759253,114.0,0.0441952921,0.011351909200000001,0.6931471805599453,96.0,129.0,19.0,3.8925746234,0.2839370277,1.8771680181,-1.0519211359,6.5,4.9,320.8333333333,3.5730036332,0.3211869594,0.8380581805386409,287.6666666667,0.5333333333,4.3250932056,0.2786633334,2.0984532261579996,0.0112574232,0.009523809500000001,9.6666666667,36.4331979983,1.0,2.4141569092,0.3467318998,2.5071939265000003,-0.8402589928,-0.9965753877,-0.7397676897000001,1.6827134592,0.3811508964,1.815320105,-0.767282895,-0.9044433310000001,2467.13,6.0,8.0,4693.25,0.8281590038000001,0.33189126210000003
